         AR         CR                    AR+         e-                                   0.163E+01  0.000E+00  0.000E+00 0.20E+01 0.00E+00 logn  1  -9999   9999  1     0  1 1
          C         CR                     C+         e-                                   0.182E+01  0.000E+00  0.000E+00 0.20E+01 0.00E+00 logn  1  -9999   9999  1     1  1 1
      C10H2         CR                 C10H2+         e-                                   0.128E+02  0.000E+00  0.000E+00 0.20E+01 0.00E+00 logn  1  -9999   9999  1     2  1 1
     C14H10         CR                C14H10+         e-                                   0.229E+02  0.000E+00  0.000E+00 0.20E+01 0.00E+00 logn  1  -9999   9999  1     3  1 1
         C2         CR                    C2+         e-                                   0.227E+01  0.000E+00  0.000E+00 0.20E+01 0.00E+00 logn  1  -9999   9999  1     4  1 1
        C2H         CR                   C2H+         e-                                   0.227E+01  0.000E+00  0.000E+00 0.20E+01 0.00E+00 logn  1  -9999   9999  1     5  1 1
       C2H2         CR                  C2H2+         e-                                   0.305E+01  0.000E+00  0.000E+00 0.20E+01 0.00E+00 logn  1  -9999   9999  1     6  1 1
      C2H2O         CR                 C2H2O+         e-                                   0.324E+01  0.000E+00  0.000E+00 0.20E+01 0.00E+00 logn  1  -9999   9999  1     7  1 1
       C2H3         CR                  C2H3+         e-                                   0.349E+01  0.000E+00  0.000E+00 0.20E+01 0.00E+00 logn  1  -9999   9999  1     8  1 1
    C2H3NH2         CR               C2H3NH2+         e-                                   0.562E+01  0.000E+00  0.000E+00 0.20E+01 0.00E+00 logn  1  -9999   9999  1     9  1 1
       C2H4         CR                  C2H4+         e-                                   0.366E+01  0.000E+00  0.000E+00 0.20E+01 0.00E+00 logn  1  -9999   9999  1    10  1 1
       C2H5         CR                  C2H5+         e-                                   0.412E+01  0.000E+00  0.000E+00 0.20E+01 0.00E+00 logn  1  -9999   9999  1    11  1 1
    C2H5CHO         CR               C2H5CHO+         e-                                   0.641E+01  0.000E+00  0.000E+00 0.20E+01 0.00E+00 logn  1  -9999   9999  1    12  1 1
     C2H5CN         CR                C2H5CN+         e-                                   0.471E+01  0.000E+00  0.000E+00 0.20E+01 0.00E+00 logn  1  -9999   9999  1    13  1 1
   C2H5OCH3         CR              C2H5OCH3+         e-                                   0.602E+01  0.000E+00  0.000E+00 0.20E+01 0.00E+00 logn  1  -9999   9999  1    14  1 1
     C2H5OH         CR                C2H5OH+         e-                                   0.548E+01  0.000E+00  0.000E+00 0.20E+01 0.00E+00 logn  1  -9999   9999  1    15  1 1
       C2H6         CR                  C2H6+         e-                                   0.417E+01  0.000E+00  0.000E+00 0.20E+01 0.00E+00 logn  1  -9999   9999  1    16  1 1
      C2HNO         CR                 C2HNO+         e-                                   0.351E+01  0.000E+00  0.000E+00 0.20E+01 0.00E+00 logn  1  -9999   9999  1    17  1 1
       C2N2         CR                  C2N2+         e-                                   0.404E+01  0.000E+00  0.000E+00 0.20E+01 0.00E+00 logn  1  -9999   9999  1    18  1 1
         C3         CR                    C3+         e-                                   0.352E+01  0.000E+00  0.000E+00 0.20E+01 0.00E+00 logn  1  -9999   9999  1    19  1 1
       C3H3         CR                  C3H3+         e-                                   0.480E+01  0.000E+00  0.000E+00 0.20E+01 0.00E+00 logn  1  -9999   9999  1    20  1 1
       C3H5         CR                  C3H5+         e-                                   0.549E+01  0.000E+00  0.000E+00 0.20E+01 0.00E+00 logn  1  -9999   9999  1    21  1 1
     C3H5CN         CR                C3H5CN+         e-                                   0.718E+01  0.000E+00  0.000E+00 0.20E+01 0.00E+00 logn  1  -9999   9999  1    22  1 1
       C3H7         CR                  C3H7+         e-                                   0.606E+01  0.000E+00  0.000E+00 0.20E+01 0.00E+00 logn  1  -9999   9999  1    23  1 1
       C3H8         CR                  C3H8+         e-                                   0.606E+01  0.000E+00  0.000E+00 0.20E+01 0.00E+00 logn  1  -9999   9999  1    24  1 1
        C3N         CR                   C3N+         e-                                   0.433E+01  0.000E+00  0.000E+00 0.20E+01 0.00E+00 logn  1  -9999   9999  1    25  1 1
        C3O         CR                   C3O+         e-                                   0.358E+01  0.000E+00  0.000E+00 0.20E+01 0.00E+00 logn  1  -9999   9999  1    26  1 1
         C4         CR                    C4+         e-                                   0.481E+01  0.000E+00  0.000E+00 0.20E+01 0.00E+00 logn  1  -9999   9999  1    27  1 1
        C4H         CR                   C4H+         e-                                   0.512E+01  0.000E+00  0.000E+00 0.20E+01 0.00E+00 logn  1  -9999   9999  1    28  1 1
      C4H10         CR                 C4H10+         e-                                   0.797E+01  0.000E+00  0.000E+00 0.20E+01 0.00E+00 logn  1  -9999   9999  1    29  1 1
       C4H2         CR                  C4H2+         e-                                   0.461E+01  0.000E+00  0.000E+00 0.20E+01 0.00E+00 logn  1  -9999   9999  1    30  1 1
       C4H4         CR                  C4H4+         e-                                   0.631E+01  0.000E+00  0.000E+00 0.20E+01 0.00E+00 logn  1  -9999   9999  1    31  1 1
       C4H5         CR                  C4H5+         e-                                   0.675E+01  0.000E+00  0.000E+00 0.20E+01 0.00E+00 logn  1  -9999   9999  1    32  1 1
       C4H7         CR                  C4H7+         e-                                   0.746E+01  0.000E+00  0.000E+00 0.20E+01 0.00E+00 logn  1  -9999   9999  1    33  1 1
       C4H8         CR                  C4H8+         e-                                   0.797E+01  0.000E+00  0.000E+00 0.20E+01 0.00E+00 logn  1  -9999   9999  1    34  1 1
         C5         CR                    C5+         e-                                   0.476E+01  0.000E+00  0.000E+00 0.20E+01 0.00E+00 logn  1  -9999   9999  1    35  1 1
        C5H         CR                   C5H+         e-                                   0.536E+01  0.000E+00  0.000E+00 0.20E+01 0.00E+00 logn  1  -9999   9999  1    36  1 1
      C5H10         CR                 C5H10+         e-                                   0.943E+01  0.000E+00  0.000E+00 0.20E+01 0.00E+00 logn  1  -9999   9999  1    37  1 1
      C5H11         CR                 C5H11+         e-                                   0.984E+01  0.000E+00  0.000E+00 0.20E+01 0.00E+00 logn  1  -9999   9999  1    38  1 1
      C5H12         CR                 C5H12+         e-                                   0.989E+01  0.000E+00  0.000E+00 0.20E+01 0.00E+00 logn  1  -9999   9999  1    39  1 1
       C5H4         CR                  C5H4+         e-                                   0.747E+01  0.000E+00  0.000E+00 0.20E+01 0.00E+00 logn  1  -9999   9999  1    40  1 1
       C5H5         CR                  C5H5+         e-                                   0.799E+01  0.000E+00  0.000E+00 0.20E+01 0.00E+00 logn  1  -9999   9999  1    41  1 1
       C5H6         CR                  C5H6+         e-                                   0.824E+01  0.000E+00  0.000E+00 0.20E+01 0.00E+00 logn  1  -9999   9999  1    42  1 1
       C5H7         CR                  C5H7+         e-                                   0.911E+01  0.000E+00  0.000E+00 0.20E+01 0.00E+00 logn  1  -9999   9999  1    43  1 1
       C5H8         CR                  C5H8+         e-                                   0.894E+01  0.000E+00  0.000E+00 0.20E+01 0.00E+00 logn  1  -9999   9999  1    44  1 1
       C5H9         CR                  C5H9+         e-                                   0.935E+01  0.000E+00  0.000E+00 0.20E+01 0.00E+00 logn  1  -9999   9999  1    45  1 1
        C5N         CR                   C5N+         e-                                   0.533E+01  0.000E+00  0.000E+00 0.20E+01 0.00E+00 logn  1  -9999   9999  1    46  1 1
        C6H         CR                   C6H+         e-                                   0.617E+01  0.000E+00  0.000E+00 0.20E+01 0.00E+00 logn  1  -9999   9999  1    47  1 1
      C6H10         CR                 C6H10+         e-                                   0.109E+02  0.000E+00  0.000E+00 0.20E+01 0.00E+00 logn  1  -9999   9999  1    48  1 1
      C6H11         CR                 C6H11+         e-                                   0.113E+02  0.000E+00  0.000E+00 0.20E+01 0.00E+00 logn  1  -9999   9999  1    49  1 1
      C6H12         CR                 C6H12+         e-                                   0.118E+02  0.000E+00  0.000E+00 0.20E+01 0.00E+00 logn  1  -9999   9999  1    50  1 1
      C6H13         CR                 C6H13+         e-                                   0.124E+02  0.000E+00  0.000E+00 0.20E+01 0.00E+00 logn  1  -9999   9999  1    51  1 1
      C6H14         CR                 C6H14+         e-                                   0.118E+02  0.000E+00  0.000E+00 0.20E+01 0.00E+00 logn  1  -9999   9999  1    52  1 1
       C6H2         CR                  C6H2+         e-                                   0.677E+01  0.000E+00  0.000E+00 0.20E+01 0.00E+00 logn  1  -9999   9999  1    53  1 1
       C6H4         CR                  C6H4+         e-                                   0.884E+01  0.000E+00  0.000E+00 0.20E+01 0.00E+00 logn  1  -9999   9999  1    54  1 1
       C6H7         CR                  C6H7+         e-                                   0.100E+02  0.000E+00  0.000E+00 0.20E+01 0.00E+00 logn  1  -9999   9999  1    55  1 1
       C6H8         CR                  C6H8+         e-                                   0.101E+02  0.000E+00  0.000E+00 0.20E+01 0.00E+00 logn  1  -9999   9999  1    56  1 1
       C6H9         CR                  C6H9+         e-                                   0.108E+02  0.000E+00  0.000E+00 0.20E+01 0.00E+00 logn  1  -9999   9999  1    57  1 1
        C7H         CR                   C7H+         e-                                   0.773E+01  0.000E+00  0.000E+00 0.20E+01 0.00E+00 logn  1  -9999   9999  1    58  1 1
      C7H10         CR                 C7H10+         e-                                   0.125E+02  0.000E+00  0.000E+00 0.20E+01 0.00E+00 logn  1  -9999   9999  1    59  1 1
       C7H4         CR                  C7H4+         e-                                   0.101E+02  0.000E+00  0.000E+00 0.20E+01 0.00E+00 logn  1  -9999   9999  1    60  1 1
       C7H7         CR                  C7H7+         e-                                   0.128E+02  0.000E+00  0.000E+00 0.20E+01 0.00E+00 logn  1  -9999   9999  1    61  1 1
       C7H8         CR                  C7H8+         e-                                   0.112E+02  0.000E+00  0.000E+00 0.20E+01 0.00E+00 logn  1  -9999   9999  1    62  1 1
        C8H         CR                   C8H+         e-                                   0.972E+01  0.000E+00  0.000E+00 0.20E+01 0.00E+00 logn  1  -9999   9999  1    63  1 1
       C8H2         CR                  C8H2+         e-                                   0.108E+02  0.000E+00  0.000E+00 0.20E+01 0.00E+00 logn  1  -9999   9999  1    64  1 1
       C8H6         CR                  C8H6+         e-                                   0.120E+02  0.000E+00  0.000E+00 0.20E+01 0.00E+00 logn  1  -9999   9999  1    65  1 1
        CCN         CR                   CCN+         e-                                   0.335E+01  0.000E+00  0.000E+00 0.20E+01 0.00E+00 logn  1  -9999   9999  1    66  1 1
        CCO         CR                   CCO+         e-                                   0.335E+01  0.000E+00  0.000E+00 0.20E+01 0.00E+00 logn  1  -9999   9999  1    67  1 1
         CH         CR                    CH+         e-                                   0.178E+01  0.000E+00  0.000E+00 0.20E+01 0.00E+00 logn  1  -9999   9999  1    68  1 1
        CH2         CR                   CH2+         e-                                   0.194E+01  0.000E+00  0.000E+00 0.20E+01 0.00E+00 logn  1  -9999   9999  1    69  1 1
  CH2CCCCH2         CR             CH2CCCCH2+         e-                                   0.807E+01  0.000E+00  0.000E+00 0.20E+01 0.00E+00 logn  1  -9999   9999  1    70  1 1
    CH2CCH2         CR               CH2CCH2+         e-                                   0.514E+01  0.000E+00  0.000E+00 0.20E+01 0.00E+00 logn  1  -9999   9999  1    71  1 1
   CH2CCHCN         CR              CH2CCHCN+         e-                                   0.536E+01  0.000E+00  0.000E+00 0.20E+01 0.00E+00 logn  1  -9999   9999  1    72  1 1
     CH2CCO         CR                CH2CCO+         e-                                   0.557E+01  0.000E+00  0.000E+00 0.20E+01 0.00E+00 logn  1  -9999   9999  1    73  1 1
 CH2CHCHCH2         CR            CH2CHCHCH2+         e-                                   0.698E+01  0.000E+00  0.000E+00 0.20E+01 0.00E+00 logn  1  -9999   9999  1    74  1 1
   CH2CHCHO         CR              CH2CHCHO+         e-                                   0.591E+01  0.000E+00  0.000E+00 0.20E+01 0.00E+00 logn  1  -9999   9999  1    75  1 1
    CH2CHCN         CR               CH2CHCN+         e-                                   0.539E+01  0.000E+00  0.000E+00 0.20E+01 0.00E+00 logn  1  -9999   9999  1    76  1 1
      CH2NH         CR                 CH2NH+         e-                                   0.368E+01  0.000E+00  0.000E+00 0.20E+01 0.00E+00 logn  1  -9999   9999  1    77  1 1
     CH2NH2         CR                CH2NH2+         e-                                   0.422E+01  0.000E+00  0.000E+00 0.20E+01 0.00E+00 logn  1  -9999   9999  1    78  1 1
       CH2O         CR                  CH2O+         e-                                   0.291E+01  0.000E+00  0.000E+00 0.20E+01 0.00E+00 logn  1  -9999   9999  1    79  1 1
      CH2OH         CR                 CH2OH+         e-                                   0.354E+01  0.000E+00  0.000E+00 0.20E+01 0.00E+00 logn  1  -9999   9999  1    80  1 1
 CH2OHCH2OH         CR            CH2OHCH2OH+         e-                                   0.549E+01  0.000E+00  0.000E+00 0.20E+01 0.00E+00 logn  1  -9999   9999  1    81  1 1
   CH2OHCHO         CR              CH2OHCHO+         e-                                   0.460E+01  0.000E+00  0.000E+00 0.20E+01 0.00E+00 logn  1  -9999   9999  1    82  1 1
      CH2PH         CR                 CH2PH+         e-                                   0.432E+01  0.000E+00  0.000E+00 0.20E+01 0.00E+00 logn  1  -9999   9999  1    83  1 1
      CH2SH         CR                 CH2SH+         e-                                   0.445E+01  0.000E+00  0.000E+00 0.20E+01 0.00E+00 logn  1  -9999   9999  1    84  1 1
        CH3         CR                   CH3+         e-                                   0.218E+01  0.000E+00  0.000E+00 0.20E+01 0.00E+00 logn  1  -9999   9999  1    85  1 1
     CH3C2H         CR                CH3C2H+         e-                                   0.495E+01  0.000E+00  0.000E+00 0.20E+01 0.00E+00 logn  1  -9999   9999  1    86  1 1
     CH3C3N         CR                CH3C3N+         e-                                   0.653E+01  0.000E+00  0.000E+00 0.20E+01 0.00E+00 logn  1  -9999   9999  1    87  1 1
     CH3C4H         CR                CH3C4H+         e-                                   0.756E+01  0.000E+00  0.000E+00 0.20E+01 0.00E+00 logn  1  -9999   9999  1    88  1 1
     CH3C5N         CR                CH3C5N+         e-                                   0.716E+01  0.000E+00  0.000E+00 0.20E+01 0.00E+00 logn  1  -9999   9999  1    89  1 1
     CH3C6H         CR                CH3C6H+         e-                                   0.102E+02  0.000E+00  0.000E+00 0.20E+01 0.00E+00 logn  1  -9999   9999  1    90  1 1
    CH3CHNH         CR               CH3CHNH+         e-                                   0.426E+01  0.000E+00  0.000E+00 0.20E+01 0.00E+00 logn  1  -9999   9999  1    91  1 1
     CH3CHO         CR                CH3CHO+         e-                                   0.372E+01  0.000E+00  0.000E+00 0.20E+01 0.00E+00 logn  1  -9999   9999  1    92  1 1
     CH3CHS         CR                CH3CHS+         e-                                   0.583E+01  0.000E+00  0.000E+00 0.20E+01 0.00E+00 logn  1  -9999   9999  1    93  1 1
      CH3CN         CR                 CH3CN+         e-                                   0.327E+01  0.000E+00  0.000E+00 0.20E+01 0.00E+00 logn  1  -9999   9999  1    94  1 1
   CH3COCH3         CR              CH3COCH3+         e-                                   0.651E+01  0.000E+00  0.000E+00 0.20E+01 0.00E+00 logn  1  -9999   9999  1    95  1 1
    CH3COCN         CR               CH3COCN+         e-                                   0.617E+01  0.000E+00  0.000E+00 0.20E+01 0.00E+00 logn  1  -9999   9999  1    96  1 1
   CH3CONH2         CR              CH3CONH2+         e-                                   0.514E+01  0.000E+00  0.000E+00 0.20E+01 0.00E+00 logn  1  -9999   9999  1    97  1 1
  CH3COOCH3         CR             CH3COOCH3+         e-                                   0.606E+01  0.000E+00  0.000E+00 0.20E+01 0.00E+00 logn  1  -9999   9999  1    98  1 1
    CH3COOH         CR               CH3COOH+         e-                                   0.450E+01  0.000E+00  0.000E+00 0.20E+01 0.00E+00 logn  1  -9999   9999  1    99  1 1
      CH3NC         CR                 CH3NC+         e-                                   0.342E+01  0.000E+00  0.000E+00 0.20E+01 0.00E+00 logn  1  -9999   9999  1   100  1 1
     CH3NCO         CR                CH3NCO+         e-                                   0.605E+01  0.000E+00  0.000E+00 0.20E+01 0.00E+00 logn  1  -9999   9999  1   101  1 1
      CH3NH         CR                 CH3NH+         e-                                   0.374E+01  0.000E+00  0.000E+00 0.20E+01 0.00E+00 logn  1  -9999   9999  1   102  1 1
     CH3NH2         CR                CH3NH2+         e-                                   0.416E+01  0.000E+00  0.000E+00 0.20E+01 0.00E+00 logn  1  -9999   9999  1   103  1 1
   CH3NHCHO         CR              CH3NHCHO+         e-                                   0.519E+01  0.000E+00  0.000E+00 0.20E+01 0.00E+00 logn  1  -9999   9999  1   104  1 1
       CH3O         CR                  CH3O+         e-                                   0.309E+01  0.000E+00  0.000E+00 0.20E+01 0.00E+00 logn  1  -9999   9999  1   105  1 1
    CH3OCH2         CR               CH3OCH2+         e-                                   0.538E+01  0.000E+00  0.000E+00 0.20E+01 0.00E+00 logn  1  -9999   9999  1   106  1 1
  CH3OCH2OH         CR             CH3OCH2OH+         e-                                   0.538E+01  0.000E+00  0.000E+00 0.20E+01 0.00E+00 logn  1  -9999   9999  1   107  1 1
    CH3OCH3         CR               CH3OCH3+         e-                                   0.549E+01  0.000E+00  0.000E+00 0.20E+01 0.00E+00 logn  1  -9999   9999  1   108  1 1
      CH3OH         CR                 CH3OH+         e-                                   0.363E+01  0.000E+00  0.000E+00 0.20E+01 0.00E+00 logn  1  -9999   9999  1   109  1 1
       CH3S         CR                  CH3S+         e-                                   0.431E+01  0.000E+00  0.000E+00 0.20E+01 0.00E+00 logn  1  -9999   9999  1   110  1 1
        CH4         CR                   CH4+         e-                                   0.228E+01  0.000E+00  0.000E+00 0.20E+01 0.00E+00 logn  1  -9999   9999  1   111  1 1
       CHNO         CR                  CHNO+         e-                                   0.278E+01  0.000E+00  0.000E+00 0.20E+01 0.00E+00 logn  1  -9999   9999  1   112  1 1
         CN         CR                    CN+         e-                                   0.217E+01  0.000E+00  0.000E+00 0.20E+01 0.00E+00 logn  1  -9999   9999  1   113  1 1
        CNO         CR                   CNO+         e-                                   0.324E+01  0.000E+00  0.000E+00 0.20E+01 0.00E+00 logn  1  -9999   9999  1   114  1 1
         CO         CR                    CO+         e-                                   0.194E+01  0.000E+00  0.000E+00 0.20E+01 0.00E+00 logn  1  -9999   9999  1   115  1 1
        CO2         CR                   CO2+         e-                                   0.296E+01  0.000E+00  0.000E+00 0.20E+01 0.00E+00 logn  1  -9999   9999  1   116  1 1
         CP         CR                    CP+         e-                                   0.333E+01  0.000E+00  0.000E+00 0.20E+01 0.00E+00 logn  1  -9999   9999  1   117  1 1
         CS         CR                    CS+         e-                                   0.304E+01  0.000E+00  0.000E+00 0.20E+01 0.00E+00 logn  1  -9999   9999  1   118  1 1
          H         CR                     H+         e-                                   0.398E+00  0.000E+00  0.000E+00 0.20E+01 0.00E+00 logn  1  -9999   9999  1   119  1 1
         H2         CR                    H2+         e-                                   0.452E+00  0.000E+00  0.000E+00 0.20E+01 0.00E+00 logn  1  -9999   9999  1   120  1 1
    H2CCHOH         CR               H2CCHOH+         e-                                   0.397E+01  0.000E+00  0.000E+00 0.20E+01 0.00E+00 logn  1  -9999   9999  1   121  1 1
      H2CCN         CR                 H2CCN+         e-                                   0.397E+01  0.000E+00  0.000E+00 0.20E+01 0.00E+00 logn  1  -9999   9999  1   122  1 1
     H2CCNH         CR                H2CCNH+         e-                                   0.379E+01  0.000E+00  0.000E+00 0.20E+01 0.00E+00 logn  1  -9999   9999  1   123  1 1
      H2CCS         CR                 H2CCS+         e-                                   0.526E+01  0.000E+00  0.000E+00 0.20E+01 0.00E+00 logn  1  -9999   9999  1   124  1 1
       H2CN         CR                  H2CN+         e-                                   0.291E+01  0.000E+00  0.000E+00 0.20E+01 0.00E+00 logn  1  -9999   9999  1   125  1 1
       H2CS         CR                  H2CS+         e-                                   0.400E+01  0.000E+00  0.000E+00 0.20E+01 0.00E+00 logn  1  -9999   9999  1   126  1 1
        H2O         CR                   H2O+         e-                                   0.181E+01  0.000E+00  0.000E+00 0.20E+01 0.00E+00 logn  1  -9999   9999  1   127  1 1
       H2O2         CR                  H2O2+         e-                                   0.316E+01  0.000E+00  0.000E+00 0.20E+01 0.00E+00 logn  1  -9999   9999  1   128  1 1
        H2S         CR                   H2S+         e-                                   0.263E+01  0.000E+00  0.000E+00 0.20E+01 0.00E+00 logn  1  -9999   9999  1   129  1 1
      HC11N         CR                 HC11N+         e-                                   0.114E+02  0.000E+00  0.000E+00 0.20E+01 0.00E+00 logn  1  -9999   9999  1   130  1 1
     HC2CHO         CR                HC2CHO+         e-                                   0.528E+01  0.000E+00  0.000E+00 0.20E+01 0.00E+00 logn  1  -9999   9999  1   131  1 1
      HC2NC         CR                 HC2NC+         e-                                   0.489E+01  0.000E+00  0.000E+00 0.20E+01 0.00E+00 logn  1  -9999   9999  1   132  1 1
       HC2O         CR                  HC2O+         e-                                   0.377E+01  0.000E+00  0.000E+00 0.20E+01 0.00E+00 logn  1  -9999   9999  1   133  1 1
       HC3N         CR                  HC3N+         e-                                   0.473E+01  0.000E+00  0.000E+00 0.20E+01 0.00E+00 logn  1  -9999   9999  1   134  1 1
       HC3O         CR                  HC3O+         e-                                   0.490E+01  0.000E+00  0.000E+00 0.20E+01 0.00E+00 logn  1  -9999   9999  1   135  1 1
       HC5N         CR                  HC5N+         e-                                   0.561E+01  0.000E+00  0.000E+00 0.20E+01 0.00E+00 logn  1  -9999   9999  1   136  1 1
       HC7N         CR                  HC7N+         e-                                   0.755E+01  0.000E+00  0.000E+00 0.20E+01 0.00E+00 logn  1  -9999   9999  1   137  1 1
       HC9N         CR                  HC9N+         e-                                   0.951E+01  0.000E+00  0.000E+00 0.20E+01 0.00E+00 logn  1  -9999   9999  1   138  1 1
      HCCCO         CR                 HCCCO+         e-                                   0.490E+01  0.000E+00  0.000E+00 0.20E+01 0.00E+00 logn  1  -9999   9999  1   139  1 1
       HCCN         CR                  HCCN+         e-                                   0.379E+01  0.000E+00  0.000E+00 0.20E+01 0.00E+00 logn  1  -9999   9999  1   140  1 1
       HCCO         CR                  HCCO+         e-                                   0.304E+01  0.000E+00  0.000E+00 0.20E+01 0.00E+00 logn  1  -9999   9999  1   141  1 1
        HCN         CR                   HCN+         e-                                   0.243E+01  0.000E+00  0.000E+00 0.20E+01 0.00E+00 logn  1  -9999   9999  1   142  1 1
      HCNCC         CR                 HCNCC+         e-                                   0.532E+01  0.000E+00  0.000E+00 0.20E+01 0.00E+00 logn  1  -9999   9999  1   143  1 1
       HCNO         CR                  HCNO+         e-                                   0.295E+01  0.000E+00  0.000E+00 0.20E+01 0.00E+00 logn  1  -9999   9999  1   144  1 1
       HCNS         CR                  HCNS+         e-                                   0.506E+01  0.000E+00  0.000E+00 0.20E+01 0.00E+00 logn  1  -9999   9999  1   145  1 1
        HCO         CR                   HCO+         e-                                   0.261E+01  0.000E+00  0.000E+00 0.20E+01 0.00E+00 logn  1  -9999   9999  1   146  1 1
     HCOCHO         CR                HCOCHO+         e-                                   0.498E+01  0.000E+00  0.000E+00 0.20E+01 0.00E+00 logn  1  -9999   9999  1   147  1 1
   HCOOC2H5         CR              HCOOC2H5+         e-                                   0.601E+01  0.000E+00  0.000E+00 0.20E+01 0.00E+00 logn  1  -9999   9999  1   148  1 1
    HCOOCH3         CR               HCOOCH3+         e-                                   0.572E+01  0.000E+00  0.000E+00 0.20E+01 0.00E+00 logn  1  -9999   9999  1   149  1 1
      HCOOH         CR                 HCOOH+         e-                                   0.306E+01  0.000E+00  0.000E+00 0.20E+01 0.00E+00 logn  1  -9999   9999  1   150  1 1
         HF         CR                    HF+         e-                                   0.100E+01  0.000E+00  0.000E+00 0.20E+01 0.00E+00 logn  1  -9999   9999  1   151  1 1
        HNC         CR                   HNC+         e-                                   0.256E+01  0.000E+00  0.000E+00 0.20E+01 0.00E+00 logn  1  -9999   9999  1   152  1 1
       HNC3         CR                  HNC3+         e-                                   0.524E+01  0.000E+00  0.000E+00 0.20E+01 0.00E+00 logn  1  -9999   9999  1   153  1 1
     HNCHCN         CR                HNCHCN+         e-                                   0.398E+01  0.000E+00  0.000E+00 0.20E+01 0.00E+00 logn  1  -9999   9999  1   154  1 1
     HNCHSH         CR                HNCHSH+         e-                                   0.549E+01  0.000E+00  0.000E+00 0.20E+01 0.00E+00 logn  1  -9999   9999  1   155  1 1
       HNCO         CR                  HNCO+         e-                                   0.278E+01  0.000E+00  0.000E+00 0.20E+01 0.00E+00 logn  1  -9999   9999  1   156  1 1
       HNCS         CR                  HNCS+         e-                                   0.475E+01  0.000E+00  0.000E+00 0.20E+01 0.00E+00 logn  1  -9999   9999  1   157  1 1
        HNO         CR                   HNO+         e-                                   0.267E+01  0.000E+00  0.000E+00 0.20E+01 0.00E+00 logn  1  -9999   9999  1   158  1 1
        HO2         CR                   HO2+         e-                                   0.268E+01  0.000E+00  0.000E+00 0.20E+01 0.00E+00 logn  1  -9999   9999  1   159  1 1
       HOCO         CR                  HOCO+         e-                                   0.367E+01  0.000E+00  0.000E+00 0.20E+01 0.00E+00 logn  1  -9999   9999  1   160  1 1
        HPO         CR                   HPO+         e-                                   0.350E+01  0.000E+00  0.000E+00 0.20E+01 0.00E+00 logn  1  -9999   9999  1   161  1 1
         HS         CR                    HS+         e-                                   0.239E+01  0.000E+00  0.000E+00 0.20E+01 0.00E+00 logn  1  -9999   9999  1   162  1 1
       HSCN         CR                  HSCN+         e-                                   0.440E+01  0.000E+00  0.000E+00 0.20E+01 0.00E+00 logn  1  -9999   9999  1   163  1 1
       HSSH         CR                  HSSH+         e-                                   0.481E+01  0.000E+00  0.000E+00 0.20E+01 0.00E+00 logn  1  -9999   9999  1   164  1 1
         HE         CR                    HE+         e-                                   0.257E+00  0.000E+00  0.000E+00 0.20E+01 0.00E+00 logn  1  -9999   9999  1   165  1 1
          N         CR                     N+         e-                                   0.141E+01  0.000E+00  0.000E+00 0.20E+01 0.00E+00 logn  1  -9999   9999  1   166  1 1
         N2         CR                    N2+         e-                                   0.186E+01  0.000E+00  0.000E+00 0.20E+01 0.00E+00 logn  1  -9999   9999  1   167  1 1
       N2H3         CR                  N2H3+         e-                                   0.380E+01  0.000E+00  0.000E+00 0.20E+01 0.00E+00 logn  1  -9999   9999  1   168  1 1
       N2H4         CR                  N2H4+         e-                                   0.410E+01  0.000E+00  0.000E+00 0.20E+01 0.00E+00 logn  1  -9999   9999  1   169  1 1
        N2O         CR                   N2O+         e-                                   0.305E+01  0.000E+00  0.000E+00 0.20E+01 0.00E+00 logn  1  -9999   9999  1   170  1 1
       NC4N         CR                  NC4N+         e-                                   0.626E+01  0.000E+00  0.000E+00 0.20E+01 0.00E+00 logn  1  -9999   9999  1   171  1 1
       NC6N         CR                  NC6N+         e-                                   0.860E+01  0.000E+00  0.000E+00 0.20E+01 0.00E+00 logn  1  -9999   9999  1   172  1 1
       NCSH         CR                  NCSH+         e-                                   0.440E+01  0.000E+00  0.000E+00 0.20E+01 0.00E+00 logn  1  -9999   9999  1   173  1 1
         NH         CR                    NH+         e-                                   0.153E+01  0.000E+00  0.000E+00 0.20E+01 0.00E+00 logn  1  -9999   9999  1   174  1 1
        NH2         CR                   NH2+         e-                                   0.188E+01  0.000E+00  0.000E+00 0.20E+01 0.00E+00 logn  1  -9999   9999  1   175  1 1
   NH2CH2CN         CR              NH2CH2CN+         e-                                   0.460E+01  0.000E+00  0.000E+00 0.20E+01 0.00E+00 logn  1  -9999   9999  1   176  1 1
     NH2CHO         CR                NH2CHO+         e-                                   0.460E+01  0.000E+00  0.000E+00 0.20E+01 0.00E+00 logn  1  -9999   9999  1   177  1 1
     NH2CHS         CR                NH2CHS+         e-                                   0.588E+01  0.000E+00  0.000E+00 0.20E+01 0.00E+00 logn  1  -9999   9999  1   178  1 1
      NH2CN         CR                 NH2CN+         e-                                   0.344E+01  0.000E+00  0.000E+00 0.20E+01 0.00E+00 logn  1  -9999   9999  1   179  1 1
        NH3         CR                   NH3+         e-                                   0.222E+01  0.000E+00  0.000E+00 0.20E+01 0.00E+00 logn  1  -9999   9999  1   180  1 1
      NHCNH         CR                 NHCNH+         e-                                   0.352E+01  0.000E+00  0.000E+00 0.20E+01 0.00E+00 logn  1  -9999   9999  1   181  1 1
         NO         CR                    NO+         e-                                   0.211E+01  0.000E+00  0.000E+00 0.20E+01 0.00E+00 logn  1  -9999   9999  1   182  1 1
        NO2         CR                   NO2+         e-                                   0.309E+01  0.000E+00  0.000E+00 0.20E+01 0.00E+00 logn  1  -9999   9999  1   183  1 1
        NO3         CR                   NO3+         e-                                   0.399E+01  0.000E+00  0.000E+00 0.20E+01 0.00E+00 logn  1  -9999   9999  1   184  1 1
         NS         CR                    NS+         e-                                   0.306E+01  0.000E+00  0.000E+00 0.20E+01 0.00E+00 logn  1  -9999   9999  1   185  1 1
          O         CR                     O+         e-                                   0.123E+01  0.000E+00  0.000E+00 0.20E+01 0.00E+00 logn  1  -9999   9999  1   186  1 1
         O2         CR                    O2+         e-                                   0.207E+01  0.000E+00  0.000E+00 0.20E+01 0.00E+00 logn  1  -9999   9999  1   187  1 1
         O3         CR                    O3+         e-                                   0.321E+01  0.000E+00  0.000E+00 0.20E+01 0.00E+00 logn  1  -9999   9999  1   188  1 1
        OCN         CR                   OCN+         e-                                   0.314E+01  0.000E+00  0.000E+00 0.20E+01 0.00E+00 logn  1  -9999   9999  1   189  1 1
        OCS         CR                   OCS+         e-                                   0.394E+01  0.000E+00  0.000E+00 0.20E+01 0.00E+00 logn  1  -9999   9999  1   190  1 1
         OH         CR                    OH+         e-                                   0.149E+01  0.000E+00  0.000E+00 0.20E+01 0.00E+00 logn  1  -9999   9999  1   191  1 1
          P         CR                     P+         e-                                   0.268E+01  0.000E+00  0.000E+00 0.20E+01 0.00E+00 logn  1  -9999   9999  1   192  1 1
         PH         CR                    PH+         e-                                   0.249E+01  0.000E+00  0.000E+00 0.20E+01 0.00E+00 logn  1  -9999   9999  1   193  1 1
        PH2         CR                   PH2+         e-                                   0.273E+01  0.000E+00  0.000E+00 0.20E+01 0.00E+00 logn  1  -9999   9999  1   194  1 1
         PN         CR                    PN+         e-                                   0.311E+01  0.000E+00  0.000E+00 0.20E+01 0.00E+00 logn  1  -9999   9999  1   195  1 1
         PO         CR                    PO+         e-                                   0.327E+01  0.000E+00  0.000E+00 0.20E+01 0.00E+00 logn  1  -9999   9999  1   196  1 1
R-CH3CHCH2O         CR            R-CH3CHCH2O         e-                                   0.535E+01  0.000E+00  0.000E+00 0.20E+01 0.00E+00 logn  1  -9999   9999  1   197  1 1
          S         CR                     S+         e-                                   0.227E+01  0.000E+00  0.000E+00 0.20E+01 0.00E+00 logn  1  -9999   9999  1   198  1 1
S-CH3CHCH2O         CR            S-CH3CHCH2O         e-                                   0.535E+01  0.000E+00  0.000E+00 0.20E+01 0.00E+00 logn  1  -9999   9999  1   199  1 1
         S2         CR                    S2+         e-                                   0.398E+01  0.000E+00  0.000E+00 0.20E+01 0.00E+00 logn  1  -9999   9999  1   200  1 1
         SO         CR                    SO+         e-                                   0.296E+01  0.000E+00  0.000E+00 0.20E+01 0.00E+00 logn  1  -9999   9999  1   201  1 1
        SO2         CR                   SO2+         e-                                   0.391E+01  0.000E+00  0.000E+00 0.20E+01 0.00E+00 logn  1  -9999   9999  1   202  1 1
        SO3         CR                   SO3+         e-                                   0.469E+01  0.000E+00  0.000E+00 0.20E+01 0.00E+00 logn  1  -9999   9999  1   203  1 1
    C-C2H4O         CR               C-C2H4O+         e-                                   0.500E+01  0.000E+00  0.000E+00 0.20E+01 0.00E+00 logn  1  -9999   9999  1   204  1 1
      C-C3H         CR                 C-C3H+         e-                                   0.324E+01  0.000E+00  0.000E+00 0.20E+01 0.00E+00 logn  1  -9999   9999  1   205  1 1
     C-C3H2         CR                C-C3H2+         e-                                   0.364E+01  0.000E+00  0.000E+00 0.20E+01 0.00E+00 logn  1  -9999   9999  1   206  1 1
   C-C6H5CN         CR              C-C6H5CN+         e-                                   0.840E+01  0.000E+00  0.000E+00 0.20E+01 0.00E+00 logn  1  -9999   9999  1   207  1 1
     C-C6H6         CR                C-C6H6+         e-                                   0.950E+01  0.000E+00  0.000E+00 0.20E+01 0.00E+00 logn  1  -9999   9999  1   208  1 1
    C-H2C3O         CR               C-H2C3O+         e-                                   0.536E+01  0.000E+00  0.000E+00 0.20E+01 0.00E+00 logn  1  -9999   9999  1   209  1 1
   I-C3H7CN         CR              I-C3H7CN+         e-                                   0.614E+01  0.000E+00  0.000E+00 0.20E+01 0.00E+00 logn  1  -9999   9999  1   210  1 1
      L-C3H         CR                 L-C3H+         e-                                   0.347E+01  0.000E+00  0.000E+00 0.20E+01 0.00E+00 logn  1  -9999   9999  1   211  1 1
     L-C3H2         CR                L-C3H2+         e-                                   0.366E+01  0.000E+00  0.000E+00 0.20E+01 0.00E+00 logn  1  -9999   9999  1   212  1 1
     L-C3H6         CR                L-C3H6+         e-                                   0.563E+01  0.000E+00  0.000E+00 0.20E+01 0.00E+00 logn  1  -9999   9999  1   213  1 1
     L-HC4H         CR                L-HC4H+         e-                                   0.558E+01  0.000E+00  0.000E+00 0.20E+01 0.00E+00 logn  1  -9999   9999  1   214  1 1
     L-HC4N         CR                L-HC4N+         e-                                   0.514E+01  0.000E+00  0.000E+00 0.20E+01 0.00E+00 logn  1  -9999   9999  1   215  1 1
     L-HC6H         CR                L-HC6H+         e-                                   0.815E+01  0.000E+00  0.000E+00 0.20E+01 0.00E+00 logn  1  -9999   9999  1   216  1 1
   N-C3H7CN         CR              N-C3H7CN+         e-                                   0.619E+01  0.000E+00  0.000E+00 0.20E+01 0.00E+00 logn  1  -9999   9999  1   217  1 1
