      C10H2         CR                 C10H2+         e-                                   0.368E+02  0.000E+00  0.000E+00 0.20E+01 0.00E+00 logn  1  -9999   9999  1     0  1 1
     C14H10         CR                C14H10+         e-                                   0.683E+02  0.000E+00  0.000E+00 0.20E+01 0.00E+00 logn  1  -9999   9999  1     1  1 1
         C2         CR                    C2+         e-                                   0.730E+01  0.000E+00  0.000E+00 0.20E+01 0.00E+00 logn  1  -9999   9999  1     2  1 1
      C2CCH         CR                 C2CCH+         e-                                   0.138E+02  0.000E+00  0.000E+00 0.20E+01 0.00E+00 logn  1  -9999   9999  1     3  1 1
       C2H2         CR                  C2H2+         e-                                   0.673E+01  0.000E+00  0.000E+00 0.20E+01 0.00E+00 logn  1  -9999   9999  1     4  1 1
       C2H3         CR                  C2H3+         e-                                   0.997E+01  0.000E+00  0.000E+00 0.20E+01 0.00E+00 logn  1  -9999   9999  1     5  1 1
    C2H3CHO         CR               C2H3CHO+         e-                                   0.158E+02  0.000E+00  0.000E+00 0.20E+01 0.00E+00 logn  1  -9999   9999  1     6  1 1
    C2H3NH2         CR               C2H3NH2+         e-                                   0.161E+02  0.000E+00  0.000E+00 0.20E+01 0.00E+00 logn  1  -9999   9999  1     7  1 1
       C2H4         CR                  C2H4+         e-                                   0.103E+02  0.000E+00  0.000E+00 0.20E+01 0.00E+00 logn  1  -9999   9999  1     8  1 1
       C2H5         CR                  C2H5+         e-                                   0.117E+02  0.000E+00  0.000E+00 0.20E+01 0.00E+00 logn  1  -9999   9999  1     9  1 1
    C2H5CHO         CR               C2H5CHO+         e-                                   0.170E+02  0.000E+00  0.000E+00 0.20E+01 0.00E+00 logn  1  -9999   9999  1    10  1 1
       C2H6         CR                  C2H6+         e-                                   0.114E+02  0.000E+00  0.000E+00 0.20E+01 0.00E+00 logn  1  -9999   9999  1    11  1 1
       C2N2         CR                  C2N2+         e-                                   0.926E+01  0.000E+00  0.000E+00 0.20E+01 0.00E+00 logn  1  -9999   9999  1    12  1 1
         C3         CR                    C3+         e-                                   0.738E+01  0.000E+00  0.000E+00 0.20E+01 0.00E+00 logn  1  -9999   9999  1    13  1 1
       C3H5         CR                  C3H5+         e-                                   0.157E+02  0.000E+00  0.000E+00 0.20E+01 0.00E+00 logn  1  -9999   9999  1    14  1 1
     C3H5CN         CR                C3H5CN+         e-                                   0.194E+02  0.000E+00  0.000E+00 0.20E+01 0.00E+00 logn  1  -9999   9999  1    15  1 1
       C3H7         CR                  C3H7+         e-                                   0.167E+02  0.000E+00  0.000E+00 0.20E+01 0.00E+00 logn  1  -9999   9999  1    16  1 1
       C3H8         CR                  C3H8+         e-                                   0.167E+02  0.000E+00  0.000E+00 0.20E+01 0.00E+00 logn  1  -9999   9999  1    17  1 1
        C3N         CR                   C3N+         e-                                   0.117E+02  0.000E+00  0.000E+00 0.20E+01 0.00E+00 logn  1  -9999   9999  1    18  1 1
         C4         CR                    C4+         e-                                   0.134E+02  0.000E+00  0.000E+00 0.20E+01 0.00E+00 logn  1  -9999   9999  1    19  1 1
        C4H         CR                   C4H+         e-                                   0.143E+02  0.000E+00  0.000E+00 0.20E+01 0.00E+00 logn  1  -9999   9999  1    20  1 1
      C4H10         CR                 C4H10+         e-                                   0.221E+02  0.000E+00  0.000E+00 0.20E+01 0.00E+00 logn  1  -9999   9999  1    21  1 1
       C4H2         CR                  C4H2+         e-                                   0.159E+02  0.000E+00  0.000E+00 0.20E+01 0.00E+00 logn  1  -9999   9999  1    22  1 1
       C4H4         CR                  C4H4+         e-                                   0.180E+02  0.000E+00  0.000E+00 0.20E+01 0.00E+00 logn  1  -9999   9999  1    23  1 1
       C4H5         CR                  C4H5+         e-                                   0.193E+02  0.000E+00  0.000E+00 0.20E+01 0.00E+00 logn  1  -9999   9999  1    24  1 1
       C4H7         CR                  C4H7+         e-                                   0.213E+02  0.000E+00  0.000E+00 0.20E+01 0.00E+00 logn  1  -9999   9999  1    25  1 1
       C4H8         CR                  C4H8+         e-                                   0.221E+02  0.000E+00  0.000E+00 0.20E+01 0.00E+00 logn  1  -9999   9999  1    26  1 1
      C5H10         CR                 C5H10+         e-                                   0.266E+02  0.000E+00  0.000E+00 0.20E+01 0.00E+00 logn  1  -9999   9999  1    27  1 1
      C5H11         CR                 C5H11+         e-                                   0.278E+02  0.000E+00  0.000E+00 0.20E+01 0.00E+00 logn  1  -9999   9999  1    28  1 1
      C5H12         CR                 C5H12+         e-                                   0.275E+02  0.000E+00  0.000E+00 0.20E+01 0.00E+00 logn  1  -9999   9999  1    29  1 1
       C5H4         CR                  C5H4+         e-                                   0.212E+02  0.000E+00  0.000E+00 0.20E+01 0.00E+00 logn  1  -9999   9999  1    30  1 1
       C5H5         CR                  C5H5+         e-                                   0.229E+02  0.000E+00  0.000E+00 0.20E+01 0.00E+00 logn  1  -9999   9999  1    31  1 1
       C5H6         CR                  C5H6+         e-                                   0.235E+02  0.000E+00  0.000E+00 0.20E+01 0.00E+00 logn  1  -9999   9999  1    32  1 1
       C5H7         CR                  C5H7+         e-                                   0.265E+02  0.000E+00  0.000E+00 0.20E+01 0.00E+00 logn  1  -9999   9999  1    33  1 1
       C5H8         CR                  C5H8+         e-                                   0.255E+02  0.000E+00  0.000E+00 0.20E+01 0.00E+00 logn  1  -9999   9999  1    34  1 1
       C5H9         CR                  C5H9+         e-                                   0.267E+02  0.000E+00  0.000E+00 0.20E+01 0.00E+00 logn  1  -9999   9999  1    35  1 1
      C6H10         CR                 C6H10+         e-                                   0.310E+02  0.000E+00  0.000E+00 0.20E+01 0.00E+00 logn  1  -9999   9999  1    36  1 1
      C6H11         CR                 C6H11+         e-                                   0.324E+02  0.000E+00  0.000E+00 0.20E+01 0.00E+00 logn  1  -9999   9999  1    37  1 1
      C6H12         CR                 C6H12+         e-                                   0.336E+02  0.000E+00  0.000E+00 0.20E+01 0.00E+00 logn  1  -9999   9999  1    38  1 1
      C6H13         CR                 C6H13+         e-                                   0.356E+02  0.000E+00  0.000E+00 0.20E+01 0.00E+00 logn  1  -9999   9999  1    39  1 1
      C6H14         CR                 C6H14+         e-                                   0.330E+02  0.000E+00  0.000E+00 0.20E+01 0.00E+00 logn  1  -9999   9999  1    40  1 1
       C6H2         CR                  C6H2+         e-                                   0.234E+02  0.000E+00  0.000E+00 0.20E+01 0.00E+00 logn  1  -9999   9999  1    41  1 1
       C6H4         CR                  C6H4+         e-                                   0.254E+02  0.000E+00  0.000E+00 0.20E+01 0.00E+00 logn  1  -9999   9999  1    42  1 1
       C6H6         CR                  C6H6+         e-                                   0.272E+02  0.000E+00  0.000E+00 0.20E+01 0.00E+00 logn  1  -9999   9999  1    43  1 1
       C6H7         CR                  C6H7+         e-                                   0.288E+02  0.000E+00  0.000E+00 0.20E+01 0.00E+00 logn  1  -9999   9999  1    44  1 1
       C6H8         CR                  C6H8+         e-                                   0.287E+02  0.000E+00  0.000E+00 0.20E+01 0.00E+00 logn  1  -9999   9999  1    45  1 1
       C6H9         CR                  C6H9+         e-                                   0.310E+02  0.000E+00  0.000E+00 0.20E+01 0.00E+00 logn  1  -9999   9999  1    46  1 1
      C7H10         CR                 C7H10+         e-                                   0.359E+02  0.000E+00  0.000E+00 0.20E+01 0.00E+00 logn  1  -9999   9999  1    47  1 1
       C7H4         CR                  C7H4+         e-                                   0.296E+02  0.000E+00  0.000E+00 0.20E+01 0.00E+00 logn  1  -9999   9999  1    48  1 1
       C7H7         CR                  C7H7+         e-                                   0.378E+02  0.000E+00  0.000E+00 0.20E+01 0.00E+00 logn  1  -9999   9999  1    49  1 1
       C7H8         CR                  C7H8+         e-                                   0.319E+02  0.000E+00  0.000E+00 0.20E+01 0.00E+00 logn  1  -9999   9999  1    50  1 1
        C8H         CR                   C8H+         e-                                   0.273E+02  0.000E+00  0.000E+00 0.20E+01 0.00E+00 logn  1  -9999   9999  1    51  1 1
       C8H2         CR                  C8H2+         e-                                   0.311E+02  0.000E+00  0.000E+00 0.20E+01 0.00E+00 logn  1  -9999   9999  1    52  1 1
       C8H6         CR                  C8H6+         e-                                   0.345E+02  0.000E+00  0.000E+00 0.20E+01 0.00E+00 logn  1  -9999   9999  1    53  1 1
        CCN         CR                   CCN+         e-                                   0.878E+01  0.000E+00  0.000E+00 0.20E+01 0.00E+00 logn  1  -9999   9999  1    54  1 1
        CCO         CR                   CCO+         e-                                   0.506E+01  0.000E+00  0.000E+00 0.20E+01 0.00E+00 logn  1  -9999   9999  1    55  1 1
         CH         CR                    CH+         e-                                   0.402E+01  0.000E+00  0.000E+00 0.20E+01 0.00E+00 logn  1  -9999   9999  1    56  1 1
        CH2         CR                   CH2+         e-                                   0.395E+01  0.000E+00  0.000E+00 0.20E+01 0.00E+00 logn  1  -9999   9999  1    57  1 1
    CH2CCH2         CR               CH2CCH2+         e-                                   0.148E+02  0.000E+00  0.000E+00 0.20E+01 0.00E+00 logn  1  -9999   9999  1    58  1 1
 CH2CHCHCH2         CR            CH2CHCHCH2+         e-                                   0.200E+02  0.000E+00  0.000E+00 0.20E+01 0.00E+00 logn  1  -9999   9999  1    59  1 1
    CH2CHCN         CR               CH2CHCN+         e-                                   0.144E+02  0.000E+00  0.000E+00 0.20E+01 0.00E+00 logn  1  -9999   9999  1    60  1 1
      CH2NH         CR                 CH2NH+         e-                                   0.104E+02  0.000E+00  0.000E+00 0.20E+01 0.00E+00 logn  1  -9999   9999  1    61  1 1
     CH2NH2         CR                CH2NH2+         e-                                   0.123E+02  0.000E+00  0.000E+00 0.20E+01 0.00E+00 logn  1  -9999   9999  1    62  1 1
      CH2OH         CR                 CH2OH+         e-                                   0.962E+01  0.000E+00  0.000E+00 0.20E+01 0.00E+00 logn  1  -9999   9999  1    63  1 1
      CH2PH         CR                 CH2PH+         e-                                   0.125E+02  0.000E+00  0.000E+00 0.20E+01 0.00E+00 logn  1  -9999   9999  1    64  1 1
      CH2SH         CR                 CH2SH+         e-                                   0.127E+02  0.000E+00  0.000E+00 0.20E+01 0.00E+00 logn  1  -9999   9999  1    65  1 1
        CH3         CR                   CH3+         e-                                   0.348E+01  0.000E+00  0.000E+00 0.20E+01 0.00E+00 logn  1  -9999   9999  1    66  1 1
     CH3C3N         CR                CH3C3N+         e-                                   0.176E+02  0.000E+00  0.000E+00 0.20E+01 0.00E+00 logn  1  -9999   9999  1    67  1 1
     CH3C4H         CR                CH3C4H+         e-                                   0.217E+02  0.000E+00  0.000E+00 0.20E+01 0.00E+00 logn  1  -9999   9999  1    68  1 1
     CH3C6H         CR                CH3C6H+         e-                                   0.294E+02  0.000E+00  0.000E+00 0.20E+01 0.00E+00 logn  1  -9999   9999  1    69  1 1
     CH3CCH         CR                CH3CCH+         e-                                   0.140E+02  0.000E+00  0.000E+00 0.20E+01 0.00E+00 logn  1  -9999   9999  1    70  1 1
   CH3CH2OH         CR              CH3CH2OH+         e-                                   0.146E+02  0.000E+00  0.000E+00 0.20E+01 0.00E+00 logn  1  -9999   9999  1    71  1 1
   CH3CHCH2         CR              CH3CHCH2+         e-                                   0.159E+02  0.000E+00  0.000E+00 0.20E+01 0.00E+00 logn  1  -9999   9999  1    72  1 1
     CH3CHS         CR                CH3CHS+         e-                                   0.164E+02  0.000E+00  0.000E+00 0.20E+01 0.00E+00 logn  1  -9999   9999  1    73  1 1
   CH3COCH3         CR              CH3COCH3+         e-                                   0.173E+02  0.000E+00  0.000E+00 0.20E+01 0.00E+00 logn  1  -9999   9999  1    74  1 1
    CH3COCN         CR               CH3COCN+         e-                                   0.157E+02  0.000E+00  0.000E+00 0.20E+01 0.00E+00 logn  1  -9999   9999  1    75  1 1
     CH3NCO         CR                CH3NCO+         e-                                   0.179E+02  0.000E+00  0.000E+00 0.20E+01 0.00E+00 logn  1  -9999   9999  1    76  1 1
      CH3NH         CR                 CH3NH+         e-                                   0.102E+02  0.000E+00  0.000E+00 0.20E+01 0.00E+00 logn  1  -9999   9999  1    77  1 1
     CH3NH2         CR                CH3NH2+         e-                                   0.115E+02  0.000E+00  0.000E+00 0.20E+01 0.00E+00 logn  1  -9999   9999  1    78  1 1
       CH3O         CR                  CH3O+         e-                                   0.810E+01  0.000E+00  0.000E+00 0.20E+01 0.00E+00 logn  1  -9999   9999  1    79  1 1
    CH3OCH2         CR               CH3OCH2+         e-                                   0.147E+02  0.000E+00  0.000E+00 0.20E+01 0.00E+00 logn  1  -9999   9999  1    80  1 1
    CH3OCH3         CR               CH3OCH3+         e-                                   0.147E+02  0.000E+00  0.000E+00 0.20E+01 0.00E+00 logn  1  -9999   9999  1    81  1 1
      CH3OH         CR                 CH3OH+         e-                                   0.952E+01  0.000E+00  0.000E+00 0.20E+01 0.00E+00 logn  1  -9999   9999  1    82  1 1
       CH3S         CR                  CH3S+         e-                                   0.121E+02  0.000E+00  0.000E+00 0.20E+01 0.00E+00 logn  1  -9999   9999  1    83  1 1
        CH4         CR                   CH4+         e-                                   0.616E+01  0.000E+00  0.000E+00 0.20E+01 0.00E+00 logn  1  -9999   9999  1    84  1 1
         CN         CR                    CN+         e-                                   0.448E+01  0.000E+00  0.000E+00 0.20E+01 0.00E+00 logn  1  -9999   9999  1    85  1 1
        CNO         CR                   CNO+         e-                                   0.638E+01  0.000E+00  0.000E+00 0.20E+01 0.00E+00 logn  1  -9999   9999  1    86  1 1
         CO         CR                    CO+         e-                                   0.331E+01  0.000E+00  0.000E+00 0.20E+01 0.00E+00 logn  1  -9999   9999  1    87  1 1
        CO2         CR                   CO2+         e-                                   0.490E+01  0.000E+00  0.000E+00 0.20E+01 0.00E+00 logn  1  -9999   9999  1    88  1 1
         CP         CR                    CP+         e-                                   0.956E+01  0.000E+00  0.000E+00 0.20E+01 0.00E+00 logn  1  -9999   9999  1    89  1 1
         CS         CR                    CS+         e-                                   0.810E+01  0.000E+00  0.000E+00 0.20E+01 0.00E+00 logn  1  -9999   9999  1    90  1 1
      H2C3O         CR                 H2C3O+         e-                                   0.180E+02  0.000E+00  0.000E+00 0.20E+01 0.00E+00 logn  1  -9999   9999  1    91  1 1
      H2CCN         CR                 H2CCN+         e-                                   0.105E+02  0.000E+00  0.000E+00 0.20E+01 0.00E+00 logn  1  -9999   9999  1    92  1 1
      H2CCS         CR                 H2CCS+         e-                                   0.149E+02  0.000E+00  0.000E+00 0.20E+01 0.00E+00 logn  1  -9999   9999  1    93  1 1
       H2CN         CR                  H2CN+         e-                                   0.431E+01  0.000E+00  0.000E+00 0.20E+01 0.00E+00 logn  1  -9999   9999  1    94  1 1
       H2CO         CR                  H2CO+         e-                                   0.469E+01  0.000E+00  0.000E+00 0.20E+01 0.00E+00 logn  1  -9999   9999  1    95  1 1
       H2CS         CR                  H2CS+         e-                                   0.752E+01  0.000E+00  0.000E+00 0.20E+01 0.00E+00 logn  1  -9999   9999  1    96  1 1
        H2O         CR                   H2O+         e-                                   0.342E+01  0.000E+00  0.000E+00 0.20E+01 0.00E+00 logn  1  -9999   9999  1    97  1 1
        H2S         CR                   H2S+         e-                                   0.533E+01  0.000E+00  0.000E+00 0.20E+01 0.00E+00 logn  1  -9999   9999  1    98  1 1
       HC2N         CR                  HC2N+         e-                                   0.624E+01  0.000E+00  0.000E+00 0.20E+01 0.00E+00 logn  1  -9999   9999  1    99  1 1
       HC2O         CR                  HC2O+         e-                                   0.710E+01  0.000E+00  0.000E+00 0.20E+01 0.00E+00 logn  1  -9999   9999  1   100  1 1
       HC3N         CR                  HC3N+         e-                                   0.126E+02  0.000E+00  0.000E+00 0.20E+01 0.00E+00 logn  1  -9999   9999  1   101  1 1
       HC3O         CR                  HC3O+         e-                                   0.160E+02  0.000E+00  0.000E+00 0.20E+01 0.00E+00 logn  1  -9999   9999  1   102  1 1
      HCCNC         CR                 HCCNC+         e-                                   0.133E+02  0.000E+00  0.000E+00 0.20E+01 0.00E+00 logn  1  -9999   9999  1   103  1 1
        HCN         CR                   HCN+         e-                                   0.559E+01  0.000E+00  0.000E+00 0.20E+01 0.00E+00 logn  1  -9999   9999  1   104  1 1
      HCNCC         CR                 HCNCC+         e-                                   0.149E+02  0.000E+00  0.000E+00 0.20E+01 0.00E+00 logn  1  -9999   9999  1   105  1 1
       HCNS         CR                  HCNS+         e-                                   0.109E+02  0.000E+00  0.000E+00 0.20E+01 0.00E+00 logn  1  -9999   9999  1   106  1 1
        HCO         CR                   HCO+         e-                                   0.306E+01  0.000E+00  0.000E+00 0.20E+01 0.00E+00 logn  1  -9999   9999  1   107  1 1
     HCOCHO         CR                HCOCHO+         e-                                   0.125E+02  0.000E+00  0.000E+00 0.20E+01 0.00E+00 logn  1  -9999   9999  1   108  1 1
    HCOOCH3         CR               HCOOCH3+         e-                                   0.146E+02  0.000E+00  0.000E+00 0.20E+01 0.00E+00 logn  1  -9999   9999  1   109  1 1
        HNC         CR                   HNC+         e-                                   0.493E+01  0.000E+00  0.000E+00 0.20E+01 0.00E+00 logn  1  -9999   9999  1   110  1 1
      HNCCC         CR                 HNCCC+         e-                                   0.148E+02  0.000E+00  0.000E+00 0.20E+01 0.00E+00 logn  1  -9999   9999  1   111  1 1
     HNCHSH         CR                HNCHSH+         e-                                   0.151E+02  0.000E+00  0.000E+00 0.20E+01 0.00E+00 logn  1  -9999   9999  1   112  1 1
       HNCS         CR                  HNCS+         e-                                   0.902E+01  0.000E+00  0.000E+00 0.20E+01 0.00E+00 logn  1  -9999   9999  1   113  1 1
        HNO         CR                   HNO+         e-                                   0.403E+01  0.000E+00  0.000E+00 0.20E+01 0.00E+00 logn  1  -9999   9999  1   114  1 1
       HOCO         CR                  HOCO+         e-                                   0.390E+01  0.000E+00  0.000E+00 0.20E+01 0.00E+00 logn  1  -9999   9999  1   115  1 1
       HOOH         CR                  HOOH+         e-                                   0.483E+01  0.000E+00  0.000E+00 0.20E+01 0.00E+00 logn  1  -9999   9999  1   116  1 1
        HPO         CR                   HPO+         e-                                   0.619E+01  0.000E+00  0.000E+00 0.20E+01 0.00E+00 logn  1  -9999   9999  1   117  1 1
         HS         CR                    HS+         e-                                   0.670E+01  0.000E+00  0.000E+00 0.20E+01 0.00E+00 logn  1  -9999   9999  1   118  1 1
       HSCN         CR                  HSCN+         e-                                   0.747E+01  0.000E+00  0.000E+00 0.20E+01 0.00E+00 logn  1  -9999   9999  1   119  1 1
       HSSH         CR                  HSSH+         e-                                   0.104E+02  0.000E+00  0.000E+00 0.20E+01 0.00E+00 logn  1  -9999   9999  1   120  1 1
         N2         CR                    N2+         e-                                   0.339E+01  0.000E+00  0.000E+00 0.20E+01 0.00E+00 logn  1  -9999   9999  1   121  1 1
       N2H3         CR                  N2H3+         e-                                   0.106E+02  0.000E+00  0.000E+00 0.20E+01 0.00E+00 logn  1  -9999   9999  1   122  1 1
       N2H4         CR                  N2H4+         e-                                   0.114E+02  0.000E+00  0.000E+00 0.20E+01 0.00E+00 logn  1  -9999   9999  1   123  1 1
        N2O         CR                   N2O+         e-                                   0.485E+01  0.000E+00  0.000E+00 0.20E+01 0.00E+00 logn  1  -9999   9999  1   124  1 1
       NC4N         CR                  NC4N+         e-                                   0.162E+02  0.000E+00  0.000E+00 0.20E+01 0.00E+00 logn  1  -9999   9999  1   125  1 1
       NC6N         CR                  NC6N+         e-                                   0.227E+02  0.000E+00  0.000E+00 0.20E+01 0.00E+00 logn  1  -9999   9999  1   126  1 1
       NCSH         CR                  NCSH+         e-                                   0.748E+01  0.000E+00  0.000E+00 0.20E+01 0.00E+00 logn  1  -9999   9999  1   127  1 1
         NH         CR                    NH+         e-                                   0.252E+01  0.000E+00  0.000E+00 0.20E+01 0.00E+00 logn  1  -9999   9999  1   128  1 1
        NH2         CR                   NH2+         e-                                   0.420E+01  0.000E+00  0.000E+00 0.20E+01 0.00E+00 logn  1  -9999   9999  1   129  1 1
     NH2CHO         CR                NH2CHO+         e-                                   0.121E+02  0.000E+00  0.000E+00 0.20E+01 0.00E+00 logn  1  -9999   9999  1   130  1 1
     NH2CHS         CR                NH2CHS+         e-                                   0.169E+02  0.000E+00  0.000E+00 0.20E+01 0.00E+00 logn  1  -9999   9999  1   131  1 1
        NH3         CR                   NH3+         e-                                   0.427E+01  0.000E+00  0.000E+00 0.20E+01 0.00E+00 logn  1  -9999   9999  1   132  1 1
         NO         CR                    NO+         e-                                   0.227E+01  0.000E+00  0.000E+00 0.20E+01 0.00E+00 logn  1  -9999   9999  1   133  1 1
        NO2         CR                   NO2+         e-                                   0.157E+01  0.000E+00  0.000E+00 0.20E+01 0.00E+00 logn  1  -9999   9999  1   134  1 1
        NO3         CR                   NO3+         e-                                   0.563E+01  0.000E+00  0.000E+00 0.20E+01 0.00E+00 logn  1  -9999   9999  1   135  1 1
         NS         CR                    NS+         e-                                   0.365E+01  0.000E+00  0.000E+00 0.20E+01 0.00E+00 logn  1  -9999   9999  1   136  1 1
         O2         CR                    O2+         e-                                   0.221E+01  0.000E+00  0.000E+00 0.20E+01 0.00E+00 logn  1  -9999   9999  1   137  1 1
        O2H         CR                   O2H+         e-                                   0.439E+01  0.000E+00  0.000E+00 0.20E+01 0.00E+00 logn  1  -9999   9999  1   138  1 1
         O3         CR                    O3+         e-                                   0.529E+01  0.000E+00  0.000E+00 0.20E+01 0.00E+00 logn  1  -9999   9999  1   139  1 1
        OCN         CR                   OCN+         e-                                   0.607E+01  0.000E+00  0.000E+00 0.20E+01 0.00E+00 logn  1  -9999   9999  1   140  1 1
        OCS         CR                   OCS+         e-                                   0.703E+01  0.000E+00  0.000E+00 0.20E+01 0.00E+00 logn  1  -9999   9999  1   141  1 1
         OH         CR                    OH+         e-                                   0.387E+01  0.000E+00  0.000E+00 0.20E+01 0.00E+00 logn  1  -9999   9999  1   142  1 1
         PH         CR                    PH+         e-                                   0.431E+01  0.000E+00  0.000E+00 0.20E+01 0.00E+00 logn  1  -9999   9999  1   143  1 1
        PH2         CR                   PH2+         e-                                   0.537E+01  0.000E+00  0.000E+00 0.20E+01 0.00E+00 logn  1  -9999   9999  1   144  1 1
         PN         CR                    PN+         e-                                   0.833E+01  0.000E+00  0.000E+00 0.20E+01 0.00E+00 logn  1  -9999   9999  1   145  1 1
         PO         CR                    PO+         e-                                   0.409E+01  0.000E+00  0.000E+00 0.20E+01 0.00E+00 logn  1  -9999   9999  1   146  1 1
         S2         CR                    S2+         e-                                   0.585E+01  0.000E+00  0.000E+00 0.20E+01 0.00E+00 logn  1  -9999   9999  1   147  1 1
         SO         CR                    SO+         e-                                   0.359E+01  0.000E+00  0.000E+00 0.20E+01 0.00E+00 logn  1  -9999   9999  1   148  1 1
        SO2         CR                   SO2+         e-                                   0.663E+01  0.000E+00  0.000E+00 0.20E+01 0.00E+00 logn  1  -9999   9999  1   149  1 1
        SO3         CR                   SO3+         e-                                   0.726E+01  0.000E+00  0.000E+00 0.20E+01 0.00E+00 logn  1  -9999   9999  1   150  1 1
