#Alpha orbitals
# Orb.	          KE	       BE-HF	      BE-P3+	    Pole
    1	   601.71864	   423.51600	         ***	     ***
    2	   435.94562	   306.58604	         ***	     ***
    3	   435.81718	   304.71324	         ***	     ***
    4	    49.06855	    33.03933	         ***	     ***
    5	    43.11824	    27.09615	         ***	     ***
    6	    36.33090	    21.54385	         ***	     ***
    7	    33.93012	    19.10492	    17.62600	   0.881
    8	    36.11754	    17.36432	    15.96500	   0.873
    9	    35.86333	    15.62437	    14.41400	   0.890
   10	    31.47691	    14.18894	    13.17600	   0.898
   11	    36.16331	    13.48096	    12.25000	   0.877
   12	    33.50579	     8.66000	     8.58200	   0.904
