#Alpha orbitals
# Orb.	          KE	       BE-HF	      BE-P3+	    Pole
    1	   435.78472	   305.63456	         ***	     ***
    2	   435.83081	   305.63211	         ***	     ***
    3	   435.92159	   305.43064	         ***	     ***
    4	   435.92502	   305.38669	         ***	     ***
    5	   435.87090	   305.34443	         ***	     ***
    6	    39.77532	    29.97574	         ***	     ***
    7	    40.17073	    28.04122	         ***	     ***
    8	    38.62245	    25.44213	         ***	     ***
    9	    36.39373	    22.01442	         ***	     ***
   10	    31.24226	    19.79204	    18.08700	  -0.009
   11	    29.64150	    17.97157	    16.21900	   0.855
   12	    30.17982	    16.80447	    15.11700	   0.849
   13	    28.42839	    15.61542	    14.40900	   0.884
   14	    32.55470	    15.54581	    14.22200	   0.882
   15	    29.96417	    14.54122	    13.27400	   0.876
   16	    33.84539	    14.25264	    13.06200	   0.888
   17	    33.27939	    12.90772	    11.79000	   0.888
   18	    25.75890	    11.86656	    11.41100	   0.869
   19	    28.76347	     8.60027	     8.78100	   0.894
