#Alpha orbitals
# Orb.	          KE	       BE-HF	      BE-P3+	    Pole
    1	   435.37600	   305.60866	         ***	     ***
    2	   435.39113	   305.51916	         ***	     ***
    3	   435.39655	   305.39039	         ***	     ***
    4	   435.89805	   305.24405	         ***	     ***
    5	   436.13120	   305.19074	         ***	     ***
    6	   436.11955	   305.07096	         ***	     ***
    7	    39.77744	    30.33106	         ***	     ***
    8	    40.18950	    28.91765	         ***	     ***
    9	    39.60843	    26.76460	         ***	     ***
   10	    40.01045	    24.09206	         ***	     ***
   11	    33.97197	    21.68108	         ***	     ***
   12	    31.79305	    19.68779	    17.71300	   0.855
   13	    29.92118	    18.18200	    16.37900	   0.857
   14	    31.73237	    17.04935	    15.44700	   0.869
   15	    32.84480	    15.85248	    14.47900	   0.879
   16	    25.17821	    15.82549	    14.56700	   0.883
   17	    33.78680	    15.16485	    13.81900	   0.882
   18	    30.94019	    14.28541	    13.19000	   0.895
   19	    35.68158	    13.94668	    12.68500	   0.886
   20	    33.44805	    13.11747	    12.02200	   0.894
   21	    26.36353	    13.08187	    11.81500	   0.857
   22	    29.12870	    10.68088	     9.87800	   0.877
   23	    33.39384	     8.22045	     7.37100	   0.890
#Beta orbitals
# Orb.	          KE	       BE-HF	      BE-P3+	    Pole
    1	   435.47239	   305.53372	         ***	     ***
    2	   435.45660	   305.42887	         ***	     ***
    3	   435.83125	   305.30196	         ***	     ***
    4	   436.30465	   305.11776	         ***	     ***
    5	   436.27088	   305.08051	         ***	     ***
    6	   436.21254	   304.98897	         ***	     ***
    7	    39.93388	    29.97759	         ***	     ***
    8	    40.56293	    28.52338	         ***	     ***
    9	    38.40669	    26.35975	         ***	     ***
   10	    40.39919	    23.18709	         ***	     ***
   11	    32.96700	    21.43936	         ***	     ***
   12	    31.16338	    19.49813	    17.57100	   0.858
   13	    30.19256	    18.05016	    16.25800	   0.859
   14	    31.45857	    16.89345	    15.31000	   0.872
   15	    32.86401	    15.68404	    14.32400	   0.882
   16	    25.48648	    15.23152	    14.30000	   0.898
   17	    33.41321	    15.11369	    13.77800	   0.884
   18	    30.82593	    14.20195	    13.10000	   0.895
   19	    35.87889	    13.78638	    12.53000	   0.886
   20	    33.33476	    13.06283	    11.95900	   0.894
   21	    25.65411	    12.02321	    11.40100	   0.880
   22	    29.03526	     9.78772	     9.38500	   0.889
