#Alpha orbitals
# Orb.	          KE	       BE-HF	      BE-P3+	    Pole
    1	   435.08190	   307.80456	         ***	     ***
    2	   435.13956	   307.53653	         ***	     ***
    3	   435.10272	   307.41040	         ***	     ***
    4	   436.38440	   307.18654	         ***	     ***
    5	   436.11531	   307.10675	         ***	     ***
    6	   436.11860	   306.86079	         ***	     ***
    7	   434.95591	   306.72960	         ***	     ***
    8	   436.35360	   306.59161	         ***	     ***
    9	    49.71014	    31.67250	         ***	     ***
   10	    49.88446	    30.82179	         ***	     ***
   11	    50.48267	    29.83342	         ***	     ***
   12	    53.52874	    28.97580	         ***	     ***
   13	    45.89026	    24.61150	         ***	     ***
   14	    46.30262	    23.21031	         ***	     ***
   15	    46.31506	    21.80103	         ***	     ***
   16	    37.29203	    20.09071	    18.14600	   0.853
   17	    28.63117	    15.78084	    14.34000	   0.823
   18	    28.59040	    15.57101	    14.21300	   0.828
   19	    29.29733	    14.46239	    13.41400	   0.836
   20	    29.29570	    14.15778	    13.22700	   0.838
   21	    39.38503	    12.74228	    10.93100	   0.833
   22	    31.05048	    12.69351	    12.00400	   0.858
   23	    30.78974	    12.18550	    11.71300	   0.859
   24	    33.84114	    10.79946	    10.45200	   0.873
   25	    33.98789	    10.48485	    10.20000	   0.874
#Beta orbitals
# Orb.	          KE	       BE-HF	      BE-P3+	    Pole
    1	   435.00242	   307.58834	         ***	     ***
    2	   435.08348	   307.30186	         ***	     ***
    3	   436.27011	   307.25748	         ***	     ***
    4	   436.20190	   307.22036	         ***	     ***
    5	   436.33518	   307.02969	         ***	     ***
    6	   435.97751	   306.97568	         ***	     ***
    7	   435.57296	   306.94136	         ***	     ***
    8	   436.12785	   306.37085	         ***	     ***
    9	    50.01281	    31.36504	         ***	     ***
   10	    50.61383	    30.47531	         ***	     ***
   11	    51.88003	    29.23638	         ***	     ***
   12	    51.63004	    27.85850	         ***	     ***
   13	    46.24921	    24.44004	         ***	     ***
   14	    46.55533	    23.05245	         ***	     ***
   15	    46.40328	    21.69455	         ***	     ***
   16	    35.91329	    19.90396	    17.96600	   0.855
   17	    28.48050	    15.46200	    14.18400	   0.831
   18	    28.31832	    14.99111	    14.01700	   0.843
   19	    29.18184	    14.00429	    13.17500	   0.843
   20	    29.43924	    13.38770	    12.85900	   0.859
   21	    39.15373	    12.67027	    10.73400	   0.830
   22	    30.61319	    11.92602	    11.58300	   0.863
   23	    32.11202	    11.29700	    11.03600	   0.874
   24	    33.32246	    10.16065	     9.97900	   0.872
