#Alpha orbitals
# Orb.	          KE	       BE-HF	      BE-P3+	    Pole
    1	   435.41565	   307.33868	         ***	     ***
    2	   435.58256	   307.33198	         ***	     ***
    3	   436.04750	   307.24251	         ***	     ***
    4	   436.30135	   307.21105	         ***	     ***
    5	   435.50811	   306.97385	         ***	     ***
    6	   435.50515	   306.97385	         ***	     ***
    7	   436.23009	   306.84209	         ***	     ***
    8	   436.21591	   306.84207	         ***	     ***
    9	    47.21322	    30.65534	         ***	     ***
   10	    47.54371	    29.87198	         ***	     ***
   11	    48.24013	    28.76456	         ***	     ***
   12	    49.75977	    27.53727	         ***	     ***
   13	    46.44532	    24.83725	         ***	     ***
   14	    45.63798	    23.06519	         ***	     ***
   15	    45.10002	    21.49694	         ***	     ***
   16	    35.91171	    19.80643	    17.62100	   0.827
   17	    37.16678	    19.69870	    17.51600	   0.830
   18	    27.49945	    14.61349	    13.34300	   0.805
   19	    27.49945	    14.61349	    13.34300	   0.805
   20	    28.19851	    13.32030	    12.52200	   0.812
   21	    28.19851	    13.32030	    12.52200	   0.812
   22	    29.57557	    11.36821	    11.13500	   0.830
   23	    29.57557	    11.36821	    11.13500	   0.830
   24	    32.07281	     9.01802	     9.33400	   0.865
   25	    32.07281	     9.01802	     9.33400	   0.865
