#Alpha orbitals
# Orb.	          KE	       BE-HF	      BE-P3+	    Pole
    1	   435.61220	   306.82452	         ***	     ***
    2	   435.90276	   306.64470	         ***	     ***
    3	   435.68518	   306.57708	         ***	     ***
    4	   435.70140	   306.55145	         ***	     ***
    5	   435.96668	   306.52620	         ***	     ***
    6	   436.10151	   306.37172	         ***	     ***
    7	   435.89688	   306.21495	         ***	     ***
    8	   435.88069	   305.67723	         ***	     ***
    9	    44.04503	    30.30154	         ***	     ***
   10	    43.34521	    29.70120	         ***	     ***
   11	    45.58914	    28.48594	         ***	     ***
   12	    47.97103	    27.07957	         ***	     ***
   13	    39.83888	    24.58364	         ***	     ***
   14	    43.85224	    23.42351	         ***	     ***
   15	    45.26908	    21.40535	         ***	     ***
   16	    36.50631	    19.42945	    17.31000	   0.836
   17	    33.41471	    18.16695	    16.33300	   0.856
   18	    24.52249	    17.53850	    16.08800	   0.870
   19	    32.89195	    15.46731	    14.13900	   0.863
   20	    30.21305	    14.63232	    13.51200	   0.887
   21	    28.03918	    14.42821	    13.34700	   0.876
   22	    28.18427	    13.84227	    12.80300	   0.825
   23	    27.93698	    13.80420	    12.78600	   0.833
   24	    29.65715	    11.74721	    11.30200	   0.840
   25	    29.19178	    11.74531	    11.30000	   0.840
   26	    32.28841	     8.94612	     9.19100	   0.873
   27	    31.93324	     8.93957	     9.18500	   0.874
