#Alpha orbitals
# Orb.	          KE	       BE-HF	      BE-P3+	    Pole
    1	   794.08246	   560.06979	         ***	     ***
    2	   436.01825	   306.87592	         ***	     ***
    3	   435.43394	   306.73145	         ***	     ***
    4	    69.00108	    38.39905	         ***	     ***
    5	    42.42808	    26.72896	         ***	     ***
    6	    42.90253	    23.77100	         ***	     ***
    7	    35.74806	    18.44962	    16.95000	   0.895
    8	    41.57388	    18.28224	    16.29000	   0.880
    9	    43.31987	    17.83891	    16.37700	   0.891
   10	    33.56198	    14.91527	    14.11300	   0.914
   11	    40.03021	    14.17784	    12.85900	   0.902
   12	    49.88682	    13.56047	    12.26300	   0.905
   13	    45.25346	     8.94553	     7.65600	   0.912
#Beta orbitals
# Orb.	          KE	       BE-HF	      BE-P3+	    Pole
    1	   794.40091	   559.89079	         ***	     ***
    2	   436.00557	   306.88457	         ***	     ***
    3	   436.51817	   306.10842	         ***	     ***
    4	    68.63123	    37.87732	         ***	     ***
    5	    41.98116	    26.20437	         ***	     ***
    6	    41.95906	    22.42499	         ***	     ***
    7	    35.60983	    18.21103	    16.76200	   0.899
    8	    40.65670	    17.71684	    16.50400	   0.901
    9	    35.24201	    17.11213	    15.85000	   0.903
   10	    33.22761	    14.76664	    13.94400	   0.915
   11	    49.67678	    13.52351	    12.31500	   0.908
   12	    49.92938	    12.60067	    11.50400	   0.905
