#Alpha orbitals
# Orb.	          KE	       BE-HF	      BE-P3+	    Pole
    1	   794.05116	   561.23781	         ***	     ***
    2	   435.82932	   309.75020	         ***	     ***
    3	   435.35083	   307.06664	         ***	     ***
    4	   436.21839	   306.92574	         ***	     ***
    5	    75.50044	    40.01456	         ***	     ***
    6	    49.30695	    29.54414	         ***	     ***
    7	    49.90334	    25.09888	         ***	     ***
    8	    44.34095	    20.71562	    18.53400	   0.849
    9	    52.84214	    19.73002	    17.22100	   0.839
   10	    54.75151	    18.39253	    15.67200	   0.836
   11	    45.71595	    16.28308	    15.58500	   0.854
   12	    42.27055	    12.61887	    11.75300	   0.879
   13	    33.36878	    12.01083	    12.21700	   0.896
   14	    47.29271	    10.94349	     9.82400	   0.889
#Beta orbitals
# Orb.	          KE	       BE-HF	      BE-P3+	    Pole
    1	   794.60821	   560.92645	         ***	     ***
    2	   436.29803	   309.14328	         ***	     ***
    3	   435.45527	   306.97004	         ***	     ***
    4	   436.10845	   306.82781	         ***	     ***
    5	    74.31201	    39.24415	         ***	     ***
    6	    49.10420	    29.21727	         ***	     ***
    7	    47.62632	    23.76945	         ***	     ***
    8	    40.45832	    20.38378	    18.54900	   0.867
    9	    61.15620	    18.80293	    16.80600	   0.871
   10	    48.76299	    16.28487	    15.21700	   0.849
   11	    45.97671	    15.02210	    14.31300	   0.862
   12	    32.68136	    12.00406	    12.16500	   0.897
   13	    35.48955	    11.70196	    11.81800	   0.897
