# c-C3H2 cross section
256
1.00000e+01	3.64200e-01
1.04600e+01	6.22100e-01
1.09400e+01	8.94400e-01
1.14500e+01	1.17800e+00
1.19800e+01	1.46800e+00
1.25300e+01	1.80100e+00
1.31100e+01	2.25300e+00
1.37200e+01	2.71900e+00
1.43500e+01	3.29500e+00
1.50100e+01	3.92600e+00
1.57100e+01	4.56700e+00
1.64300e+01	5.31600e+00
1.71900e+01	6.07800e+00
1.79800e+01	6.84200e+00
1.88200e+01	7.60400e+00
1.96800e+01	8.38400e+00
2.05900e+01	9.25400e+00
2.15400e+01	1.01500e+01
2.25400e+01	1.10400e+01
2.35800e+01	1.19100e+01
2.46700e+01	1.27600e+01
2.58100e+01	1.35900e+01
2.70000e+01	1.43900e+01
2.82500e+01	1.51600e+01
2.95500e+01	1.59000e+01
3.09200e+01	1.66000e+01
3.23400e+01	1.72600e+01
3.38400e+01	1.79000e+01
3.54000e+01	1.85200e+01
3.70400e+01	1.91000e+01
3.87500e+01	1.96400e+01
4.05400e+01	2.01400e+01
4.24100e+01	2.06000e+01
4.43700e+01	2.10300e+01
4.64200e+01	2.14100e+01
4.85600e+01	2.17500e+01
5.08000e+01	2.20500e+01
5.31500e+01	2.23100e+01
5.56000e+01	2.25300e+01
5.81700e+01	2.27200e+01
6.08600e+01	2.28600e+01
6.36700e+01	2.29700e+01
6.66100e+01	2.30500e+01
6.96800e+01	2.30900e+01
7.29000e+01	2.31000e+01
7.62700e+01	2.30700e+01
7.97900e+01	2.30200e+01
8.34800e+01	2.29300e+01
8.73300e+01	2.28200e+01
9.13700e+01	2.26800e+01
9.55900e+01	2.25200e+01
1.00000e+02	2.23300e+01
1.04600e+02	2.21300e+01
1.09400e+02	2.19000e+01
1.14500e+02	2.16500e+01
1.19800e+02	2.13800e+01
1.25300e+02	2.11000e+01
1.31100e+02	2.08100e+01
1.37200e+02	2.05000e+01
1.43500e+02	2.01700e+01
1.50100e+02	1.98400e+01
1.57100e+02	1.95000e+01
1.64300e+02	1.91500e+01
1.71900e+02	1.87900e+01
1.79800e+02	1.84200e+01
1.88200e+02	1.80500e+01
1.96800e+02	1.76700e+01
2.05900e+02	1.73000e+01
2.15400e+02	1.69100e+01
2.25400e+02	1.65300e+01
2.35800e+02	1.61500e+01
2.46700e+02	1.57700e+01
2.58100e+02	1.53800e+01
2.70000e+02	1.50000e+01
2.82500e+02	1.46200e+01
2.95500e+02	1.42500e+01
3.09200e+02	1.38700e+01
3.23400e+02	1.35000e+01
3.38400e+02	1.31400e+01
3.54000e+02	1.27800e+01
3.70400e+02	1.24200e+01
3.87500e+02	1.20700e+01
4.05400e+02	1.17300e+01
4.24100e+02	1.13900e+01
4.43700e+02	1.10600e+01
4.64200e+02	1.07300e+01
4.85600e+02	1.04100e+01
5.08000e+02	1.00900e+01
5.31500e+02	9.78400e+00
5.56000e+02	9.48200e+00
5.81700e+02	9.18700e+00
6.08600e+02	8.89900e+00
6.36700e+02	8.61700e+00
6.66100e+02	8.34200e+00
6.96800e+02	8.07400e+00
7.29000e+02	7.81200e+00
7.62700e+02	7.55700e+00
7.97900e+02	7.30900e+00
8.34800e+02	7.06700e+00
8.73300e+02	6.83200e+00
9.13700e+02	6.60300e+00
9.55900e+02	6.38100e+00
1.00000e+03	6.16500e+00
1.04600e+03	5.95500e+00
1.09400e+03	5.75100e+00
1.14500e+03	5.55400e+00
1.19800e+03	5.36200e+00
1.25300e+03	5.17600e+00
1.31100e+03	4.99500e+00
1.37200e+03	4.82000e+00
1.43500e+03	4.65100e+00
1.50100e+03	4.48700e+00
1.57100e+03	4.32800e+00
1.64300e+03	4.17400e+00
1.71900e+03	4.02500e+00
1.79800e+03	3.88100e+00
1.88200e+03	3.74100e+00
1.96800e+03	3.60600e+00
2.05900e+03	3.47600e+00
2.15400e+03	3.35000e+00
2.25400e+03	3.22800e+00
2.35800e+03	3.11000e+00
2.46700e+03	2.99600e+00
2.58100e+03	2.88700e+00
2.70000e+03	2.78000e+00
2.82500e+03	2.67800e+00
2.95500e+03	2.57900e+00
3.09200e+03	2.48300e+00
3.23400e+03	2.39100e+00
3.38400e+03	2.30200e+00
3.54000e+03	2.21600e+00
3.70400e+03	2.13400e+00
3.87500e+03	2.05400e+00
4.05400e+03	1.97700e+00
4.24100e+03	1.90200e+00
4.43700e+03	1.83100e+00
4.64200e+03	1.76200e+00
4.85600e+03	1.69500e+00
5.08000e+03	1.63100e+00
5.31500e+03	1.56900e+00
5.56000e+03	1.51000e+00
5.81700e+03	1.45200e+00
6.08600e+03	1.39700e+00
6.36700e+03	1.34400e+00
6.66100e+03	1.29200e+00
6.96800e+03	1.24300e+00
7.29000e+03	1.19500e+00
7.62700e+03	1.14900e+00
7.97900e+03	1.10500e+00
8.34800e+03	1.06300e+00
8.73300e+03	1.02200e+00
9.13700e+03	9.82400e-01
9.55900e+03	9.44500e-01
1.00000e+04	9.08000e-01
1.04600e+04	8.72900e-01
1.09400e+04	8.39100e-01
1.14500e+04	8.06500e-01
1.19800e+04	7.75200e-01
1.25300e+04	7.45100e-01
1.31100e+04	7.16100e-01
1.37200e+04	6.88300e-01
1.43500e+04	6.61500e-01
1.50100e+04	6.35700e-01
1.57100e+04	6.10800e-01
1.64300e+04	5.87000e-01
1.71900e+04	5.64000e-01
1.79800e+04	5.41900e-01
1.88200e+04	5.20700e-01
1.96800e+04	5.00300e-01
2.05900e+04	4.80700e-01
2.15400e+04	4.61800e-01
2.25400e+04	4.43600e-01
2.35800e+04	4.26200e-01
2.46700e+04	4.09400e-01
2.58100e+04	3.93300e-01
2.70000e+04	3.77800e-01
2.82500e+04	3.62900e-01
2.95500e+04	3.48600e-01
3.09200e+04	3.34800e-01
3.23400e+04	3.21600e-01
3.38400e+04	3.08800e-01
3.54000e+04	2.96600e-01
3.70400e+04	2.84900e-01
3.87500e+04	2.73600e-01
4.05400e+04	2.62700e-01
4.24100e+04	2.52300e-01
4.43700e+04	2.42300e-01
4.64200e+04	2.32700e-01
4.85600e+04	2.23400e-01
5.08000e+04	2.14500e-01
5.31500e+04	2.06000e-01
5.56000e+04	1.97800e-01
5.81700e+04	1.89900e-01
6.08600e+04	1.82300e-01
6.36700e+04	1.75100e-01
6.66100e+04	1.68100e-01
6.96800e+04	1.61400e-01
7.29000e+04	1.54900e-01
7.62700e+04	1.48700e-01
7.97900e+04	1.42800e-01
8.34800e+04	1.37100e-01
8.73300e+04	1.31600e-01
9.13700e+04	1.26300e-01
9.55900e+04	1.21300e-01
1.00000e+05	1.16400e-01
1.04600e+05	1.11700e-01
1.09400e+05	1.07200e-01
1.14500e+05	1.02900e-01
1.19800e+05	9.88100e-02
1.25300e+05	9.48400e-02
1.31100e+05	9.10300e-02
1.37200e+05	8.73700e-02
1.43500e+05	8.38500e-02
1.50100e+05	8.04800e-02
1.57100e+05	7.72400e-02
1.64300e+05	7.41300e-02
1.71900e+05	7.11400e-02
1.79800e+05	6.82700e-02
1.88200e+05	6.55200e-02
1.96800e+05	6.28800e-02
2.05900e+05	6.03400e-02
2.15400e+05	5.79000e-02
2.25400e+05	5.55600e-02
2.35800e+05	5.33200e-02
2.46700e+05	5.11600e-02
2.58100e+05	4.91000e-02
2.70000e+05	4.71100e-02
2.82500e+05	4.52000e-02
2.95500e+05	4.33700e-02
3.09200e+05	4.16200e-02
3.23400e+05	3.99300e-02
3.38400e+05	3.83100e-02
3.54000e+05	3.67600e-02
3.70400e+05	3.52700e-02
3.87500e+05	3.38400e-02
4.05400e+05	3.24700e-02
4.24100e+05	3.11500e-02
4.43700e+05	2.98800e-02
4.64200e+05	2.86700e-02
4.85600e+05	2.75000e-02
5.08000e+05	2.63900e-02
5.31500e+05	2.53100e-02
5.56000e+05	2.42800e-02
5.81700e+05	2.33000e-02
6.08600e+05	2.23500e-02
6.36700e+05	2.14400e-02
6.66100e+05	2.05700e-02
6.96800e+05	1.97300e-02
7.29000e+05	1.89200e-02
7.62700e+05	1.81500e-02
7.97900e+05	1.74100e-02
8.34800e+05	1.67000e-02
8.73300e+05	1.60200e-02
9.13700e+05	1.53700e-02
9.55900e+05	1.47400e-02
1.00000e+06	1.41400e-02
