# c-C6H5CN cross section
256
1.00000e+01	0.00000e+00
1.04600e+01	2.43200e-01
1.09400e+01	6.93900e-01
1.14500e+01	1.17800e+00
1.19800e+01	1.68800e+00
1.25300e+01	2.21600e+00
1.31100e+01	2.94700e+00
1.37200e+01	4.06000e+00
1.43500e+01	5.42300e+00
1.50100e+01	6.91200e+00
1.57100e+01	8.50600e+00
1.64300e+01	1.03000e+01
1.71900e+01	1.22200e+01
1.79800e+01	1.42600e+01
1.88200e+01	1.63100e+01
1.96800e+01	1.83600e+01
2.05900e+01	2.03900e+01
2.15400e+01	2.23900e+01
2.25400e+01	2.43500e+01
2.35800e+01	2.63300e+01
2.46700e+01	2.83000e+01
2.58100e+01	3.02200e+01
2.70000e+01	3.20700e+01
2.82500e+01	3.38600e+01
2.95500e+01	3.56000e+01
3.09200e+01	3.73100e+01
3.23400e+01	3.89400e+01
3.38400e+01	4.05200e+01
3.54000e+01	4.20400e+01
3.70400e+01	4.34700e+01
3.87500e+01	4.48200e+01
4.05400e+01	4.60700e+01
4.24100e+01	4.72300e+01
4.43700e+01	4.83000e+01
4.64200e+01	4.92800e+01
4.85600e+01	5.01600e+01
5.08000e+01	5.09400e+01
5.31500e+01	5.16400e+01
5.56000e+01	5.22400e+01
5.81700e+01	5.27500e+01
6.08600e+01	5.31700e+01
6.36700e+01	5.35000e+01
6.66100e+01	5.37500e+01
6.96800e+01	5.39200e+01
7.29000e+01	5.40000e+01
7.62700e+01	5.40100e+01
7.97900e+01	5.39500e+01
8.34800e+01	5.38200e+01
8.73300e+01	5.36200e+01
9.13700e+01	5.33500e+01
9.55900e+01	5.30300e+01
1.00000e+02	5.26400e+01
1.04600e+02	5.22000e+01
1.09400e+02	5.17200e+01
1.14500e+02	5.11800e+01
1.19800e+02	5.06000e+01
1.25300e+02	4.99800e+01
1.31100e+02	4.93200e+01
1.37200e+02	4.86200e+01
1.43500e+02	4.79000e+01
1.50100e+02	4.71500e+01
1.57100e+02	4.63700e+01
1.64300e+02	4.55600e+01
1.71900e+02	4.47400e+01
1.79800e+02	4.39000e+01
1.88200e+02	4.30500e+01
1.96800e+02	4.21800e+01
2.05900e+02	4.13100e+01
2.15400e+02	4.04300e+01
2.25400e+02	3.95400e+01
2.35800e+02	3.86500e+01
2.46700e+02	3.77500e+01
2.58100e+02	3.68600e+01
2.70000e+02	3.59700e+01
2.82500e+02	3.50800e+01
2.95500e+02	3.41900e+01
3.09200e+02	3.33200e+01
3.23400e+02	3.24500e+01
3.38400e+02	3.15900e+01
3.54000e+02	3.07400e+01
3.70400e+02	2.99000e+01
3.87500e+02	2.90700e+01
4.05400e+02	2.82500e+01
4.24100e+02	2.74400e+01
4.43700e+02	2.66500e+01
4.64200e+02	2.58700e+01
4.85600e+02	2.51100e+01
5.08000e+02	2.43600e+01
5.31500e+02	2.36300e+01
5.56000e+02	2.29100e+01
5.81700e+02	2.22000e+01
6.08600e+02	2.15100e+01
6.36700e+02	2.08400e+01
6.66100e+02	2.01800e+01
6.96800e+02	1.95400e+01
7.29000e+02	1.89100e+01
7.62700e+02	1.83000e+01
7.97900e+02	1.77100e+01
8.34800e+02	1.71300e+01
8.73300e+02	1.65600e+01
9.13700e+02	1.60100e+01
9.55900e+02	1.54800e+01
1.00000e+03	1.49600e+01
1.04600e+03	1.44500e+01
1.09400e+03	1.39600e+01
1.14500e+03	1.34800e+01
1.19800e+03	1.30200e+01
1.25300e+03	1.25700e+01
1.31100e+03	1.21400e+01
1.37200e+03	1.17100e+01
1.43500e+03	1.13100e+01
1.50100e+03	1.09100e+01
1.57100e+03	1.05200e+01
1.64300e+03	1.01500e+01
1.71900e+03	9.79200e+00
1.79800e+03	9.44300e+00
1.88200e+03	9.10500e+00
1.96800e+03	8.77900e+00
2.05900e+03	8.46300e+00
2.15400e+03	8.15700e+00
2.25400e+03	7.86200e+00
2.35800e+03	7.57600e+00
2.46700e+03	7.30000e+00
2.58100e+03	7.03400e+00
2.70000e+03	6.77600e+00
2.82500e+03	6.52700e+00
2.95500e+03	6.28700e+00
3.09200e+03	6.05500e+00
3.23400e+03	5.83100e+00
3.38400e+03	5.61500e+00
3.54000e+03	5.40600e+00
3.70400e+03	5.20500e+00
3.87500e+03	5.01100e+00
4.05400e+03	4.82300e+00
4.24100e+03	4.64200e+00
4.43700e+03	4.46800e+00
4.64200e+03	4.30000e+00
4.85600e+03	4.13800e+00
5.08000e+03	3.98200e+00
5.31500e+03	3.83100e+00
5.56000e+03	3.68600e+00
5.81700e+03	3.54600e+00
6.08600e+03	3.41200e+00
6.36700e+03	3.28200e+00
6.66100e+03	3.15700e+00
6.96800e+03	3.03600e+00
7.29000e+03	2.92000e+00
7.62700e+03	2.80800e+00
7.97900e+03	2.70100e+00
8.34800e+03	2.59700e+00
8.73300e+03	2.49700e+00
9.13700e+03	2.40100e+00
9.55900e+03	2.30900e+00
1.00000e+04	2.22000e+00
1.04600e+04	2.13400e+00
1.09400e+04	2.05100e+00
1.14500e+04	1.97200e+00
1.19800e+04	1.89600e+00
1.25300e+04	1.82200e+00
1.31100e+04	1.75100e+00
1.37200e+04	1.68300e+00
1.43500e+04	1.61800e+00
1.50100e+04	1.55500e+00
1.57100e+04	1.49400e+00
1.64300e+04	1.43600e+00
1.71900e+04	1.38000e+00
1.79800e+04	1.32600e+00
1.88200e+04	1.27400e+00
1.96800e+04	1.22400e+00
2.05900e+04	1.17600e+00
2.15400e+04	1.13000e+00
2.25400e+04	1.08600e+00
2.35800e+04	1.04300e+00
2.46700e+04	1.00200e+00
2.58100e+04	9.62600e-01
2.70000e+04	9.24700e-01
2.82500e+04	8.88300e-01
2.95500e+04	8.53300e-01
3.09200e+04	8.19600e-01
3.23400e+04	7.87200e-01
3.38400e+04	7.56100e-01
3.54000e+04	7.26200e-01
3.70400e+04	6.97500e-01
3.87500e+04	6.69900e-01
4.05400e+04	6.43300e-01
4.24100e+04	6.17800e-01
4.43700e+04	5.93300e-01
4.64200e+04	5.69800e-01
4.85600e+04	5.47100e-01
5.08000e+04	5.25400e-01
5.31500e+04	5.04500e-01
5.56000e+04	4.84400e-01
5.81700e+04	4.65200e-01
6.08600e+04	4.46600e-01
6.36700e+04	4.28800e-01
6.66100e+04	4.11700e-01
6.96800e+04	3.95300e-01
7.29000e+04	3.79500e-01
7.62700e+04	3.64400e-01
7.97900e+04	3.49800e-01
8.34800e+04	3.35800e-01
8.73300e+04	3.22400e-01
9.13700e+04	3.09500e-01
9.55900e+04	2.97100e-01
1.00000e+05	2.85200e-01
1.04600e+05	2.73800e-01
1.09400e+05	2.62800e-01
1.14500e+05	2.52300e-01
1.19800e+05	2.42100e-01
1.25300e+05	2.32400e-01
1.31100e+05	2.23100e-01
1.37200e+05	2.14100e-01
1.43500e+05	2.05500e-01
1.50100e+05	1.97200e-01
1.57100e+05	1.89300e-01
1.64300e+05	1.81700e-01
1.71900e+05	1.74400e-01
1.79800e+05	1.67300e-01
1.88200e+05	1.60600e-01
1.96800e+05	1.54100e-01
2.05900e+05	1.47900e-01
2.15400e+05	1.41900e-01
2.25400e+05	1.36200e-01
2.35800e+05	1.30700e-01
2.46700e+05	1.25400e-01
2.58100e+05	1.20400e-01
2.70000e+05	1.15500e-01
2.82500e+05	1.10800e-01
2.95500e+05	1.06300e-01
3.09200e+05	1.02000e-01
3.23400e+05	9.79000e-02
3.38400e+05	9.39400e-02
3.54000e+05	9.01300e-02
3.70400e+05	8.64800e-02
3.87500e+05	8.29700e-02
4.05400e+05	7.96100e-02
4.24100e+05	7.63800e-02
4.43700e+05	7.32800e-02
4.64200e+05	7.03000e-02
4.85600e+05	6.74500e-02
5.08000e+05	6.47100e-02
5.31500e+05	6.20800e-02
5.56000e+05	5.95600e-02
5.81700e+05	5.71300e-02
6.08600e+05	5.48100e-02
6.36700e+05	5.25800e-02
6.66100e+05	5.04400e-02
6.96800e+05	4.83900e-02
7.29000e+05	4.64100e-02
7.62700e+05	4.45200e-02
7.97900e+05	4.27100e-02
8.34800e+05	4.09700e-02
8.73300e+05	3.93000e-02
9.13700e+05	3.76900e-02
9.55900e+05	3.61600e-02
1.00000e+06	3.46800e-02
