# C10H2 cross section
256
1.00000e+01	1.12601e+00
1.04618e+01	1.69570e+00
1.09450e+01	2.56131e+00
1.14505e+01	3.60558e+00
1.19793e+01	4.73495e+00
1.25325e+01	6.20986e+00
1.31113e+01	7.73398e+00
1.37169e+01	9.29082e+00
1.43504e+01	1.10397e+01
1.50131e+01	1.29805e+01
1.57065e+01	1.51417e+01
1.64318e+01	1.73236e+01
1.71907e+01	1.95080e+01
1.79846e+01	2.17212e+01
1.88152e+01	2.39576e+01
1.96842e+01	2.61619e+01
2.05933e+01	2.83863e+01
2.15444e+01	3.05879e+01
2.25393e+01	3.27828e+01
2.35803e+01	3.49628e+01
2.46693e+01	3.71172e+01
2.58086e+01	3.92311e+01
2.70006e+01	4.12913e+01
2.82475e+01	4.32916e+01
2.95521e+01	4.52510e+01
3.09169e+01	4.71799e+01
3.23448e+01	4.90695e+01
3.38385e+01	5.08676e+01
3.54013e+01	5.25686e+01
3.70363e+01	5.41677e+01
3.87467e+01	5.56615e+01
4.05362e+01	5.70474e+01
4.24083e+01	5.83234e+01
4.43669e+01	5.94885e+01
4.64159e+01	6.05423e+01
4.85595e+01	6.14849e+01
5.08022e+01	6.23170e+01
5.31484e+01	6.30397e+01
5.56030e+01	6.36547e+01
5.81709e+01	6.41638e+01
6.08575e+01	6.45695e+01
6.36681e+01	6.48742e+01
6.66085e+01	6.50810e+01
6.96847e+01	6.51928e+01
7.29030e+01	6.52129e+01
7.62699e+01	6.51448e+01
7.97923e+01	6.49922e+01
8.34773e+01	6.47587e+01
8.73326e+01	6.44481e+01
9.13659e+01	6.40644e+01
9.55855e+01	6.36114e+01
1.00000e+02	6.30932e+01
1.04618e+02	6.25136e+01
1.09450e+02	6.18766e+01
1.14505e+02	6.11862e+01
1.19793e+02	6.04463e+01
1.25325e+02	5.96606e+01
1.31113e+02	5.88331e+01
1.37169e+02	5.79672e+01
1.43504e+02	5.70668e+01
1.50131e+02	5.61352e+01
1.57065e+02	5.51759e+01
1.64318e+02	5.41921e+01
1.71907e+02	5.31871e+01
1.79846e+02	5.21639e+01
1.88152e+02	5.11254e+01
1.96842e+02	5.00744e+01
2.05933e+02	4.90136e+01
2.15444e+02	4.79455e+01
2.25393e+02	4.68724e+01
2.35803e+02	4.57967e+01
2.46693e+02	4.47205e+01
2.58086e+02	4.36458e+01
2.70005e+02	4.25744e+01
2.82475e+02	4.15081e+01
2.95521e+02	4.04485e+01
3.09169e+02	3.93975e+01
3.23448e+02	3.83591e+01
3.38385e+02	3.73318e+01
3.54013e+02	3.63167e+01
3.70363e+02	3.53147e+01
3.87467e+02	3.43268e+01
4.05362e+02	3.33537e+01
4.24083e+02	3.23962e+01
4.43669e+02	3.14548e+01
4.64159e+02	3.05302e+01
4.85595e+02	2.96228e+01
5.08022e+02	2.87330e+01
5.31484e+02	2.78611e+01
5.56030e+02	2.70075e+01
5.81709e+02	2.61724e+01
6.08574e+02	2.53558e+01
6.36681e+02	2.45579e+01
6.66085e+02	2.37788e+01
6.96847e+02	2.30185e+01
7.29029e+02	2.22769e+01
7.62699e+02	2.15540e+01
7.97923e+02	2.08497e+01
8.34773e+02	2.01639e+01
8.73326e+02	1.94964e+01
9.13659e+02	1.88469e+01
9.55855e+02	1.82154e+01
1.00000e+03	1.76016e+01
1.04618e+03	1.70052e+01
1.09450e+03	1.64259e+01
1.14505e+03	1.58636e+01
1.19793e+03	1.53178e+01
1.25325e+03	1.47883e+01
1.31113e+03	1.42748e+01
1.37169e+03	1.37769e+01
1.43504e+03	1.32944e+01
1.50131e+03	1.28269e+01
1.57065e+03	1.23740e+01
1.64318e+03	1.19355e+01
1.71907e+03	1.15109e+01
1.79846e+03	1.11000e+01
1.88152e+03	1.07024e+01
1.96842e+03	1.03178e+01
2.05933e+03	9.94576e+00
2.15443e+03	9.58605e+00
2.25393e+03	9.23831e+00
2.35803e+03	8.90221e+00
2.46693e+03	8.57743e+00
2.58086e+03	8.26364e+00
2.70005e+03	7.96054e+00
2.82475e+03	7.66780e+00
2.95521e+03	7.38513e+00
3.09169e+03	7.11222e+00
3.23448e+03	6.84878e+00
3.38386e+03	6.59453e+00
3.54013e+03	6.34918e+00
3.70363e+03	6.11245e+00
3.87468e+03	5.88407e+00
4.05362e+03	5.66379e+00
4.24083e+03	5.45134e+00
4.43669e+03	5.24647e+00
4.64159e+03	5.04893e+00
4.85595e+03	4.85849e+00
5.08022e+03	4.67492e+00
5.31484e+03	4.49798e+00
5.56030e+03	4.32745e+00
5.81709e+03	4.16313e+00
6.08574e+03	4.00480e+00
6.36681e+03	3.85226e+00
6.66085e+03	3.70532e+00
6.96847e+03	3.56377e+00
7.29030e+03	3.42744e+00
7.62699e+03	3.29614e+00
7.97923e+03	3.16971e+00
8.34773e+03	3.04796e+00
8.73326e+03	2.93075e+00
9.13659e+03	2.81790e+00
9.55855e+03	2.70926e+00
1.00000e+04	2.60469e+00
1.04618e+04	2.50404e+00
1.09450e+04	2.40717e+00
1.14505e+04	2.31395e+00
1.19793e+04	2.22424e+00
1.25325e+04	2.13791e+00
1.31113e+04	2.05485e+00
1.37169e+04	1.97494e+00
1.43504e+04	1.89806e+00
1.50131e+04	1.82410e+00
1.57065e+04	1.75296e+00
1.64318e+04	1.68453e+00
1.71907e+04	1.61871e+00
1.79847e+04	1.55540e+00
1.88152e+04	1.49452e+00
1.96842e+04	1.43597e+00
2.05933e+04	1.37967e+00
2.15443e+04	1.32553e+00
2.25393e+04	1.27348e+00
2.35803e+04	1.22343e+00
2.46693e+04	1.17531e+00
2.58086e+04	1.12904e+00
2.70005e+04	1.08457e+00
2.82475e+04	1.04182e+00
2.95521e+04	1.00072e+00
3.09169e+04	9.61214e-01
3.23448e+04	9.23243e-01
3.38386e+04	8.86747e-01
3.54013e+04	8.51671e-01
3.70363e+04	8.17959e-01
3.87468e+04	7.85562e-01
4.05362e+04	7.54427e-01
4.24083e+04	7.24508e-01
4.43669e+04	6.95758e-01
4.64159e+04	6.68132e-01
4.85595e+04	6.41587e-01
5.08022e+04	6.16082e-01
5.31484e+04	5.91577e-01
5.56030e+04	5.68033e-01
5.81709e+04	5.45413e-01
6.08574e+04	5.23682e-01
6.36681e+04	5.02805e-01
6.66085e+04	4.82750e-01
6.96847e+04	4.63485e-01
7.29029e+04	4.44979e-01
7.62699e+04	4.27202e-01
7.97923e+04	4.10127e-01
8.34773e+04	3.93727e-01
8.73326e+04	3.77974e-01
9.13659e+04	3.62844e-01
9.55855e+04	3.48313e-01
1.00000e+05	3.34357e-01
1.04618e+05	3.20954e-01
1.09450e+05	3.08083e-01
1.14505e+05	2.95721e-01
1.19793e+05	2.83851e-01
1.25325e+05	2.72452e-01
1.31113e+05	2.61505e-01
1.37169e+05	2.50994e-01
1.43504e+05	2.40901e-01
1.50131e+05	2.31210e-01
1.57065e+05	2.21905e-01
1.64318e+05	2.12970e-01
1.71907e+05	2.04392e-01
1.79846e+05	1.96156e-01
1.88152e+05	1.88248e-01
1.96842e+05	1.80657e-01
2.05933e+05	1.73368e-01
2.15444e+05	1.66371e-01
2.25393e+05	1.59654e-01
2.35803e+05	1.53205e-01
2.46693e+05	1.47014e-01
2.58086e+05	1.41072e-01
2.70006e+05	1.35367e-01
2.82475e+05	1.29891e-01
2.95521e+05	1.24635e-01
3.09169e+05	1.19590e-01
3.23448e+05	1.14747e-01
3.38386e+05	1.10098e-01
3.54013e+05	1.05637e-01
3.70363e+05	1.01354e-01
3.87468e+05	9.72442e-02
4.05362e+05	9.32993e-02
4.24083e+05	8.95132e-02
4.43669e+05	8.58796e-02
4.64159e+05	8.23922e-02
4.85595e+05	7.90454e-02
5.08022e+05	7.58335e-02
5.31484e+05	7.27510e-02
5.56030e+05	6.97930e-02
5.81709e+05	6.69543e-02
6.08574e+05	6.42302e-02
6.36680e+05	6.16161e-02
6.66085e+05	5.91076e-02
6.96847e+05	5.67005e-02
7.29030e+05	5.43908e-02
7.62699e+05	5.21744e-02
7.97923e+05	5.00477e-02
8.34773e+05	4.80071e-02
8.73326e+05	4.60491e-02
9.13659e+05	4.41705e-02
9.55855e+05	4.23679e-02
1.00000e+06	4.06384e-02
