# C2H cross section
256
1.00000e+01	0.00000e+00
1.04600e+01	0.00000e+00
1.09400e+01	0.00000e+00
1.14500e+01	0.00000e+00
1.19800e+01	1.39000e-01
1.25300e+01	4.52900e-01
1.31100e+01	8.38800e-01
1.37200e+01	1.24700e+00
1.43500e+01	1.67100e+00
1.50100e+01	2.11400e+00
1.57100e+01	2.61300e+00
1.64300e+01	3.11900e+00
1.71900e+01	3.62800e+00
1.79800e+01	4.13600e+00
1.88200e+01	4.65200e+00
1.96800e+01	5.23500e+00
2.05900e+01	5.81400e+00
2.15400e+01	6.38700e+00
2.25400e+01	6.95000e+00
2.35800e+01	7.50000e+00
2.46700e+01	8.03400e+00
2.58100e+01	8.55000e+00
2.70000e+01	9.04700e+00
2.82500e+01	9.52900e+00
2.95500e+01	1.00100e+01
3.09200e+01	1.04800e+01
3.23400e+01	1.09300e+01
3.38400e+01	1.13500e+01
3.54000e+01	1.17600e+01
3.70400e+01	1.21300e+01
3.87500e+01	1.24800e+01
4.05400e+01	1.28100e+01
4.24100e+01	1.31100e+01
4.43700e+01	1.33800e+01
4.64200e+01	1.36200e+01
4.85600e+01	1.38400e+01
5.08000e+01	1.40400e+01
5.31500e+01	1.42100e+01
5.56000e+01	1.43500e+01
5.81700e+01	1.44700e+01
6.08600e+01	1.45600e+01
6.36700e+01	1.46300e+01
6.66100e+01	1.46800e+01
6.96800e+01	1.47100e+01
7.29000e+01	1.47100e+01
7.62700e+01	1.47000e+01
7.97900e+01	1.46600e+01
8.34800e+01	1.46100e+01
8.73300e+01	1.45400e+01
9.13700e+01	1.44500e+01
9.55900e+01	1.43500e+01
1.00000e+02	1.42300e+01
1.04600e+02	1.41000e+01
1.09400e+02	1.39500e+01
1.14500e+02	1.38000e+01
1.19800e+02	1.36300e+01
1.25300e+02	1.34500e+01
1.31100e+02	1.32600e+01
1.37200e+02	1.30600e+01
1.43500e+02	1.28600e+01
1.50100e+02	1.26400e+01
1.57100e+02	1.24300e+01
1.64300e+02	1.22000e+01
1.71900e+02	1.19700e+01
1.79800e+02	1.17400e+01
1.88200e+02	1.15000e+01
1.96800e+02	1.12700e+01
2.05900e+02	1.10200e+01
2.15400e+02	1.07800e+01
2.25400e+02	1.05400e+01
2.35800e+02	1.02900e+01
2.46700e+02	1.00500e+01
2.58100e+02	9.80700e+00
2.70000e+02	9.56400e+00
2.82500e+02	9.32300e+00
2.95500e+02	9.08300e+00
3.09200e+02	8.84500e+00
3.23400e+02	8.61100e+00
3.38400e+02	8.37800e+00
3.54000e+02	8.14900e+00
3.70400e+02	7.92200e+00
3.87500e+02	7.69900e+00
4.05400e+02	7.48000e+00
4.24100e+02	7.26400e+00
4.43700e+02	7.05100e+00
4.64200e+02	6.84300e+00
4.85600e+02	6.63800e+00
5.08000e+02	6.43800e+00
5.31500e+02	6.24100e+00
5.56000e+02	6.04900e+00
5.81700e+02	5.86100e+00
6.08600e+02	5.67700e+00
6.36700e+02	5.49800e+00
6.66100e+02	5.32200e+00
6.96800e+02	5.15100e+00
7.29000e+02	4.98500e+00
7.62700e+02	4.82200e+00
7.97900e+02	4.66400e+00
8.34800e+02	4.51000e+00
8.73300e+02	4.36000e+00
9.13700e+02	4.21400e+00
9.55900e+02	4.07300e+00
1.00000e+03	3.93500e+00
1.04600e+03	3.80100e+00
1.09400e+03	3.67100e+00
1.14500e+03	3.54500e+00
1.19800e+03	3.42300e+00
1.25300e+03	3.30400e+00
1.31100e+03	3.18900e+00
1.37200e+03	3.07700e+00
1.43500e+03	2.96900e+00
1.50100e+03	2.86500e+00
1.57100e+03	2.76300e+00
1.64300e+03	2.66500e+00
1.71900e+03	2.57000e+00
1.79800e+03	2.47800e+00
1.88200e+03	2.38900e+00
1.96800e+03	2.30300e+00
2.05900e+03	2.22000e+00
2.15400e+03	2.13900e+00
2.25400e+03	2.06200e+00
2.35800e+03	1.98600e+00
2.46700e+03	1.91400e+00
2.58100e+03	1.84400e+00
2.70000e+03	1.77600e+00
2.82500e+03	1.71100e+00
2.95500e+03	1.64700e+00
3.09200e+03	1.58600e+00
3.23400e+03	1.52800e+00
3.38400e+03	1.47100e+00
3.54000e+03	1.41600e+00
3.70400e+03	1.36300e+00
3.87500e+03	1.31200e+00
4.05400e+03	1.26300e+00
4.24100e+03	1.21500e+00
4.43700e+03	1.17000e+00
4.64200e+03	1.12600e+00
4.85600e+03	1.08300e+00
5.08000e+03	1.04200e+00
5.31500e+03	1.00300e+00
5.56000e+03	9.64600e-01
5.81700e+03	9.27900e-01
6.08600e+03	8.92600e-01
6.36700e+03	8.58600e-01
6.66100e+03	8.25800e-01
6.96800e+03	7.94200e-01
7.29000e+03	7.63800e-01
7.62700e+03	7.34500e-01
7.97900e+03	7.06300e-01
8.34800e+03	6.79200e-01
8.73300e+03	6.53000e-01
9.13700e+03	6.27900e-01
9.55900e+03	6.03600e-01
1.00000e+04	5.80300e-01
1.04600e+04	5.57900e-01
1.09400e+04	5.36300e-01
1.14500e+04	5.15500e-01
1.19800e+04	4.95500e-01
1.25300e+04	4.76300e-01
1.31100e+04	4.57800e-01
1.37200e+04	4.39900e-01
1.43500e+04	4.22800e-01
1.50100e+04	4.06300e-01
1.57100e+04	3.90500e-01
1.64300e+04	3.75200e-01
1.71900e+04	3.60500e-01
1.79800e+04	3.46400e-01
1.88200e+04	3.32900e-01
1.96800e+04	3.19800e-01
2.05900e+04	3.07300e-01
2.15400e+04	2.95200e-01
2.25400e+04	2.83600e-01
2.35800e+04	2.72500e-01
2.46700e+04	2.61700e-01
2.58100e+04	2.51400e-01
2.70000e+04	2.41500e-01
2.82500e+04	2.32000e-01
2.95500e+04	2.22900e-01
3.09200e+04	2.14100e-01
3.23400e+04	2.05600e-01
3.38400e+04	1.97500e-01
3.54000e+04	1.89700e-01
3.70400e+04	1.82100e-01
3.87500e+04	1.74900e-01
4.05400e+04	1.68000e-01
4.24100e+04	1.61300e-01
4.43700e+04	1.54900e-01
4.64200e+04	1.48800e-01
4.85600e+04	1.42900e-01
5.08000e+04	1.37200e-01
5.31500e+04	1.31700e-01
5.56000e+04	1.26500e-01
5.81700e+04	1.21400e-01
6.08600e+04	1.16600e-01
6.36700e+04	1.11900e-01
6.66100e+04	1.07500e-01
6.96800e+04	1.03200e-01
7.29000e+04	9.90700e-02
7.62700e+04	9.51100e-02
7.97900e+04	9.13100e-02
8.34800e+04	8.76600e-02
8.73300e+04	8.41500e-02
9.13700e+04	8.07800e-02
9.55900e+04	7.75500e-02
1.00000e+05	7.44400e-02
1.04600e+05	7.14500e-02
1.09400e+05	6.85900e-02
1.14500e+05	6.58300e-02
1.19800e+05	6.31900e-02
1.25300e+05	6.06500e-02
1.31100e+05	5.82200e-02
1.37200e+05	5.58800e-02
1.43500e+05	5.36300e-02
1.50100e+05	5.14700e-02
1.57100e+05	4.94000e-02
1.64300e+05	4.74100e-02
1.71900e+05	4.55000e-02
1.79800e+05	4.36700e-02
1.88200e+05	4.19100e-02
1.96800e+05	4.02100e-02
2.05900e+05	3.85900e-02
2.15400e+05	3.70300e-02
2.25400e+05	3.55400e-02
2.35800e+05	3.41000e-02
2.46700e+05	3.27300e-02
2.58100e+05	3.14000e-02
2.70000e+05	3.01300e-02
2.82500e+05	2.89100e-02
2.95500e+05	2.77400e-02
3.09200e+05	2.66200e-02
3.23400e+05	2.55400e-02
3.38400e+05	2.45100e-02
3.54000e+05	2.35100e-02
3.70400e+05	2.25600e-02
3.87500e+05	2.16500e-02
4.05400e+05	2.07700e-02
4.24100e+05	1.99200e-02
4.43700e+05	1.91200e-02
4.64200e+05	1.83400e-02
4.85600e+05	1.75900e-02
5.08000e+05	1.68800e-02
5.31500e+05	1.61900e-02
5.56000e+05	1.55300e-02
5.81700e+05	1.49000e-02
6.08600e+05	1.43000e-02
6.36700e+05	1.37100e-02
6.66100e+05	1.31600e-02
6.96800e+05	1.26200e-02
7.29000e+05	1.21100e-02
7.62700e+05	1.16100e-02
7.97900e+05	1.11400e-02
8.34800e+05	1.06800e-02
8.73300e+05	1.02500e-02
9.13700e+05	9.83100e-03
9.55900e+05	9.43000e-03
1.00000e+06	9.04500e-03
