# C2H2 cross section
256
1.00000e+01	0.00000e+00
1.04618e+01	0.00000e+00
1.09450e+01	0.00000e+00
1.14505e+01	0.00000e+00
1.19793e+01	3.02475e-01
1.25325e+01	7.01773e-01
1.31113e+01	1.12740e+00
1.37169e+01	1.57278e+00
1.43504e+01	2.03213e+00
1.50131e+01	2.50042e+00
1.57065e+01	2.97326e+00
1.64318e+01	3.44680e+00
1.71907e+01	3.91772e+00
1.79846e+01	4.46690e+00
1.88152e+01	5.02531e+00
1.96842e+01	5.62818e+00
2.05933e+01	6.26016e+00
2.15444e+01	6.88722e+00
2.25393e+01	7.50520e+00
2.35803e+01	8.11054e+00
2.46693e+01	8.70016e+00
2.58086e+01	9.27144e+00
2.70006e+01	9.82215e+00
2.82475e+01	1.03570e+01
2.95521e+01	1.08998e+01
3.09169e+01	1.14203e+01
3.23448e+01	1.19167e+01
3.38385e+01	1.23877e+01
3.54013e+01	1.28319e+01
3.70363e+01	1.32486e+01
3.87467e+01	1.36370e+01
4.05362e+01	1.39967e+01
4.24083e+01	1.43273e+01
4.43669e+01	1.46288e+01
4.64159e+01	1.49012e+01
4.85595e+01	1.51446e+01
5.08022e+01	1.53593e+01
5.31484e+01	1.55457e+01
5.56030e+01	1.57044e+01
5.81709e+01	1.58358e+01
6.08575e+01	1.59407e+01
6.36681e+01	1.60197e+01
6.66085e+01	1.60737e+01
6.96847e+01	1.61034e+01
7.29030e+01	1.61099e+01
7.62699e+01	1.60939e+01
7.97923e+01	1.60565e+01
8.34773e+01	1.59985e+01
8.73326e+01	1.59211e+01
9.13659e+01	1.58253e+01
9.55855e+01	1.57119e+01
1.00000e+02	1.55822e+01
1.04618e+02	1.54371e+01
1.09450e+02	1.52776e+01
1.14505e+02	1.51047e+01
1.19793e+02	1.49195e+01
1.25325e+02	1.47228e+01
1.31113e+02	1.45158e+01
1.37169e+02	1.42993e+01
1.43504e+02	1.40742e+01
1.50131e+02	1.38414e+01
1.57065e+02	1.36019e+01
1.64318e+02	1.33563e+01
1.71907e+02	1.31056e+01
1.79846e+02	1.28505e+01
1.88152e+02	1.25917e+01
1.96842e+02	1.23299e+01
2.05933e+02	1.20658e+01
2.15444e+02	1.18001e+01
2.25393e+02	1.15333e+01
2.35803e+02	1.12659e+01
2.46693e+02	1.09986e+01
2.58086e+02	1.07318e+01
2.70005e+02	1.04660e+01
2.82475e+02	1.02015e+01
2.95521e+02	9.93887e+00
3.09169e+02	9.67854e+00
3.23448e+02	9.42125e+00
3.38385e+02	9.16682e+00
3.54013e+02	8.91551e+00
3.70363e+02	8.66756e+00
3.87467e+02	8.42319e+00
4.05362e+02	8.18259e+00
4.24083e+02	7.94595e+00
4.43669e+02	7.71339e+00
4.64159e+02	7.48507e+00
4.85595e+02	7.26108e+00
5.08022e+02	7.04153e+00
5.31484e+02	6.82650e+00
5.56030e+02	6.61604e+00
5.81709e+02	6.41020e+00
6.08574e+02	6.20903e+00
6.36681e+02	6.01253e+00
6.66085e+02	5.82072e+00
6.96847e+02	5.63360e+00
7.29029e+02	5.45115e+00
7.62699e+02	5.27337e+00
7.97923e+02	5.10020e+00
8.34773e+02	4.93164e+00
8.73326e+02	4.76762e+00
9.13659e+02	4.60809e+00
9.55855e+02	4.45301e+00
1.00000e+03	4.30232e+00
1.04618e+03	4.15594e+00
1.09450e+03	4.01381e+00
1.14505e+03	3.87586e+00
1.19793e+03	3.74202e+00
1.25325e+03	3.61220e+00
1.31113e+03	3.48633e+00
1.37169e+03	3.36432e+00
1.43504e+03	3.24610e+00
1.50131e+03	3.13157e+00
1.57065e+03	3.02067e+00
1.64318e+03	2.91329e+00
1.71907e+03	2.80936e+00
1.79846e+03	2.70879e+00
1.88152e+03	2.61149e+00
1.96842e+03	2.51739e+00
2.05933e+03	2.42639e+00
2.15443e+03	2.33842e+00
2.25393e+03	2.25339e+00
2.35803e+03	2.17122e+00
2.46693e+03	2.09183e+00
2.58086e+03	2.01513e+00
2.70005e+03	1.94106e+00
2.82475e+03	1.86954e+00
2.95521e+03	1.80048e+00
3.09169e+03	1.73382e+00
3.23448e+03	1.66948e+00
3.38386e+03	1.60739e+00
3.54013e+03	1.54748e+00
3.70363e+03	1.48969e+00
3.87468e+03	1.43394e+00
4.05362e+03	1.38018e+00
4.24083e+03	1.32833e+00
4.43669e+03	1.27833e+00
4.64159e+03	1.23014e+00
4.85595e+03	1.18367e+00
5.08022e+03	1.13889e+00
5.31484e+03	1.09573e+00
5.56030e+03	1.05414e+00
5.81709e+03	1.01406e+00
6.08574e+03	9.75455e-01
6.36681e+03	9.38259e-01
6.66085e+03	9.02431e-01
6.96847e+03	8.67922e-01
7.29030e+03	8.34687e-01
7.62699e+03	8.02682e-01
7.97923e+03	7.71864e-01
8.34773e+03	7.42191e-01
8.73326e+03	7.13624e-01
9.13659e+03	6.86123e-01
9.55855e+03	6.59651e-01
1.00000e+04	6.34170e-01
1.04618e+04	6.09646e-01
1.09450e+04	5.86045e-01
1.14505e+04	5.63333e-01
1.19793e+04	5.41478e-01
1.25325e+04	5.20449e-01
1.31113e+04	5.00217e-01
1.37169e+04	4.80752e-01
1.43504e+04	4.62027e-01
1.50131e+04	4.44013e-01
1.57065e+04	4.26687e-01
1.64318e+04	4.10021e-01
1.71907e+04	3.93992e-01
1.79847e+04	3.78576e-01
1.88152e+04	3.63751e-01
1.96842e+04	3.49494e-01
2.05933e+04	3.35786e-01
2.15443e+04	3.22604e-01
2.25393e+04	3.09930e-01
2.35803e+04	2.97744e-01
2.46693e+04	2.86029e-01
2.58086e+04	2.74766e-01
2.70005e+04	2.63939e-01
2.82475e+04	2.53530e-01
2.95521e+04	2.43526e-01
3.09169e+04	2.33909e-01
3.23448e+04	2.24666e-01
3.38386e+04	2.15782e-01
3.54013e+04	2.07244e-01
3.70363e+04	1.99039e-01
3.87468e+04	1.91153e-01
4.05362e+04	1.83575e-01
4.24083e+04	1.76293e-01
4.43669e+04	1.69296e-01
4.64159e+04	1.62572e-01
4.85595e+04	1.56111e-01
5.08022e+04	1.49904e-01
5.31484e+04	1.43940e-01
5.56030e+04	1.38210e-01
5.81709e+04	1.32706e-01
6.08574e+04	1.27417e-01
6.36681e+04	1.22337e-01
6.66085e+04	1.17456e-01
6.96847e+04	1.12768e-01
7.29029e+04	1.08264e-01
7.62699e+04	1.03939e-01
7.97923e+04	9.97835e-02
8.34773e+04	9.57926e-02
8.73326e+04	9.19594e-02
9.13659e+04	8.82779e-02
9.55855e+04	8.47420e-02
1.00000e+05	8.13461e-02
1.04618e+05	7.80848e-02
1.09450e+05	7.49528e-02
1.14505e+05	7.19451e-02
1.19793e+05	6.90568e-02
1.25325e+05	6.62831e-02
1.31113e+05	6.36198e-02
1.37169e+05	6.10623e-02
1.43504e+05	5.86066e-02
1.50131e+05	5.62486e-02
1.57065e+05	5.39846e-02
1.64318e+05	5.18107e-02
1.71907e+05	4.97236e-02
1.79846e+05	4.77197e-02
1.88152e+05	4.57958e-02
1.96842e+05	4.39488e-02
2.05933e+05	4.21755e-02
2.15444e+05	4.04731e-02
2.25393e+05	3.88388e-02
2.35803e+05	3.72699e-02
2.46693e+05	3.57638e-02
2.58086e+05	3.43181e-02
2.70006e+05	3.29302e-02
2.82475e+05	3.15980e-02
2.95521e+05	3.03192e-02
3.09169e+05	2.90918e-02
3.23448e+05	2.79136e-02
3.38386e+05	2.67827e-02
3.54013e+05	2.56973e-02
3.70363e+05	2.46554e-02
3.87468e+05	2.36555e-02
4.05362e+05	2.26958e-02
4.24083e+05	2.17748e-02
4.43669e+05	2.08908e-02
4.64159e+05	2.00424e-02
4.85595e+05	1.92282e-02
5.08022e+05	1.84468e-02
5.31484e+05	1.76970e-02
5.56030e+05	1.69774e-02
5.81709e+05	1.62868e-02
6.08574e+05	1.56241e-02
6.36680e+05	1.49882e-02
6.66085e+05	1.43780e-02
6.96847e+05	1.37924e-02
7.29030e+05	1.32305e-02
7.62699e+05	1.26914e-02
7.97923e+05	1.21740e-02
8.34773e+05	1.16776e-02
8.73326e+05	1.12013e-02
9.13659e+05	1.07443e-02
9.55855e+05	1.03058e-02
1.00000e+06	9.88510e-03
