# C2H3NH2 cross section
256
1.00000e+01	9.50359e-01
1.04618e+01	1.26691e+00
1.09450e+01	1.59295e+00
1.14505e+01	1.92538e+00
1.19793e+01	2.26146e+00
1.25325e+01	2.67221e+00
1.31113e+01	3.16486e+00
1.37169e+01	3.79534e+00
1.43504e+01	4.45848e+00
1.50131e+01	5.23920e+00
1.57065e+01	6.04668e+00
1.64318e+01	6.92631e+00
1.71907e+01	7.85145e+00
1.79846e+01	8.81941e+00
1.88152e+01	9.83886e+00
1.96842e+01	1.08557e+01
2.05933e+01	1.18631e+01
2.15444e+01	1.28551e+01
2.25393e+01	1.38909e+01
2.35803e+01	1.49069e+01
2.46693e+01	1.58978e+01
2.58086e+01	1.68594e+01
2.70006e+01	1.77878e+01
2.82475e+01	1.87181e+01
2.95521e+01	1.96160e+01
3.09169e+01	2.04751e+01
3.23448e+01	2.12930e+01
3.38385e+01	2.20824e+01
3.54013e+01	2.28420e+01
3.70363e+01	2.35571e+01
3.87467e+01	2.42263e+01
4.05362e+01	2.48484e+01
4.24083e+01	2.54226e+01
4.43669e+01	2.59482e+01
4.64159e+01	2.64253e+01
4.85595e+01	2.68536e+01
5.08022e+01	2.72335e+01
5.31484e+01	2.75655e+01
5.56030e+01	2.78501e+01
5.81709e+01	2.80882e+01
6.08575e+01	2.82806e+01
6.36681e+01	2.84286e+01
6.66085e+01	2.85332e+01
6.96847e+01	2.85957e+01
7.29030e+01	2.86177e+01
7.62699e+01	2.86004e+01
7.97923e+01	2.85456e+01
8.34773e+01	2.84547e+01
8.73326e+01	2.83294e+01
9.13659e+01	2.81714e+01
9.55855e+01	2.79824e+01
1.00000e+02	2.77641e+01
1.04618e+02	2.75182e+01
1.09450e+02	2.72465e+01
1.14505e+02	2.69507e+01
1.19793e+02	2.66326e+01
1.25325e+02	2.62937e+01
1.31113e+02	2.59358e+01
1.37169e+02	2.55605e+01
1.43504e+02	2.51694e+01
1.50131e+02	2.47641e+01
1.57065e+02	2.43460e+01
1.64318e+02	2.39168e+01
1.71907e+02	2.34777e+01
1.79846e+02	2.30301e+01
1.88152e+02	2.25754e+01
1.96842e+02	2.21148e+01
2.05933e+02	2.16494e+01
2.15444e+02	2.11805e+01
2.25393e+02	2.07092e+01
2.35803e+02	2.02363e+01
2.46693e+02	1.97630e+01
2.58086e+02	1.92901e+01
2.70005e+02	1.88183e+01
2.82475e+02	1.83486e+01
2.95521e+02	1.78817e+01
3.09169e+02	1.74184e+01
3.23448e+02	1.69597e+01
3.38385e+02	1.65056e+01
3.54013e+02	1.60567e+01
3.70363e+02	1.56135e+01
3.87467e+02	1.51764e+01
4.05362e+02	1.47456e+01
4.24083e+02	1.43217e+01
4.43669e+02	1.39051e+01
4.64159e+02	1.34957e+01
4.85595e+02	1.30940e+01
5.08022e+02	1.27000e+01
5.31484e+02	1.23139e+01
5.56030e+02	1.19359e+01
5.81709e+02	1.15660e+01
6.08574e+02	1.12044e+01
6.36681e+02	1.08510e+01
6.66085e+02	1.05060e+01
6.96847e+02	1.01692e+01
7.29029e+02	9.84078e+00
7.62699e+02	9.52064e+00
7.97923e+02	9.20874e+00
8.34773e+02	8.90502e+00
8.73326e+02	8.60943e+00
9.13659e+02	8.32187e+00
9.55855e+02	8.04227e+00
1.00000e+03	7.77051e+00
1.04618e+03	7.50648e+00
1.09450e+03	7.25008e+00
1.14505e+03	7.00117e+00
1.19793e+03	6.75963e+00
1.25325e+03	6.52531e+00
1.31113e+03	6.29810e+00
1.37169e+03	6.07783e+00
1.43504e+03	5.86437e+00
1.50131e+03	5.65757e+00
1.57065e+03	5.45727e+00
1.64318e+03	5.26334e+00
1.71907e+03	5.07561e+00
1.79846e+03	4.89394e+00
1.88152e+03	4.71818e+00
1.96842e+03	4.54817e+00
2.05933e+03	4.38376e+00
2.15443e+03	4.22482e+00
2.25393e+03	4.07118e+00
2.35803e+03	3.92270e+00
2.46693e+03	3.77923e+00
2.58086e+03	3.64065e+00
2.70005e+03	3.50679e+00
2.82475e+03	3.37754e+00
2.95521e+03	3.25274e+00
3.09169e+03	3.13227e+00
3.23448e+03	3.01600e+00
3.38386e+03	2.90379e+00
3.54013e+03	2.79552e+00
3.70363e+03	2.69108e+00
3.87468e+03	2.59033e+00
4.05362e+03	2.49316e+00
4.24083e+03	2.39946e+00
4.43669e+03	2.30911e+00
4.64159e+03	2.22200e+00
4.85595e+03	2.13804e+00
5.08022e+03	2.05711e+00
5.31484e+03	1.97911e+00
5.56030e+03	1.90395e+00
5.81709e+03	1.83153e+00
6.08574e+03	1.76176e+00
6.36681e+03	1.69455e+00
6.66085e+03	1.62981e+00
6.96847e+03	1.56745e+00
7.29030e+03	1.50740e+00
7.62699e+03	1.44957e+00
7.97923e+03	1.39389e+00
8.34773e+03	1.34027e+00
8.73326e+03	1.28866e+00
9.13659e+03	1.23897e+00
9.55855e+03	1.19114e+00
1.00000e+04	1.14511e+00
1.04618e+04	1.10080e+00
1.09450e+04	1.05817e+00
1.14505e+04	1.01714e+00
1.19793e+04	9.77655e-01
1.25325e+04	9.39668e-01
1.31113e+04	9.03120e-01
1.37169e+04	8.67959e-01
1.43504e+04	8.34135e-01
1.50131e+04	8.01598e-01
1.57065e+04	7.70301e-01
1.64318e+04	7.40200e-01
1.71907e+04	7.11249e-01
1.79847e+04	6.83406e-01
1.88152e+04	6.56631e-01
1.96842e+04	6.30884e-01
2.05933e+04	6.06125e-01
2.15443e+04	5.82320e-01
2.25393e+04	5.59431e-01
2.35803e+04	5.37426e-01
2.46693e+04	5.16270e-01
2.58086e+04	4.95931e-01
2.70005e+04	4.76380e-01
2.82475e+04	4.57586e-01
2.95521e+04	4.39521e-01
3.09169e+04	4.22157e-01
3.23448e+04	4.05468e-01
3.38386e+04	3.89428e-01
3.54013e+04	3.74013e-01
3.70363e+04	3.59198e-01
3.87468e+04	3.44961e-01
4.05362e+04	3.31279e-01
4.24083e+04	3.18133e-01
4.43669e+04	3.05500e-01
4.64159e+04	2.93362e-01
4.85595e+04	2.81699e-01
5.08022e+04	2.70493e-01
5.31484e+04	2.59728e-01
5.56030e+04	2.49384e-01
5.81709e+04	2.39448e-01
6.08574e+04	2.29902e-01
6.36681e+04	2.20731e-01
6.66085e+04	2.11922e-01
6.96847e+04	2.03460e-01
7.29029e+04	1.95332e-01
7.62699e+04	1.87524e-01
7.97923e+04	1.80025e-01
8.34773e+04	1.72822e-01
8.73326e+04	1.65904e-01
9.13659e+04	1.59259e-01
9.55855e+04	1.52878e-01
1.00000e+05	1.46750e-01
1.04618e+05	1.40864e-01
1.09450e+05	1.35212e-01
1.14505e+05	1.29784e-01
1.19793e+05	1.24572e-01
1.25325e+05	1.19567e-01
1.31113e+05	1.14761e-01
1.37169e+05	1.10146e-01
1.43504e+05	1.05715e-01
1.50131e+05	1.01460e-01
1.57065e+05	9.73751e-02
1.64318e+05	9.34527e-02
1.71907e+05	8.96869e-02
1.79846e+05	8.60713e-02
1.88152e+05	8.26001e-02
1.96842e+05	7.92676e-02
2.05933e+05	7.60682e-02
2.15444e+05	7.29969e-02
2.25393e+05	7.00483e-02
2.35803e+05	6.72179e-02
2.46693e+05	6.45007e-02
2.58086e+05	6.18925e-02
2.70006e+05	5.93888e-02
2.82475e+05	5.69854e-02
2.95521e+05	5.46786e-02
3.09169e+05	5.24643e-02
3.23448e+05	5.03389e-02
3.38386e+05	4.82989e-02
3.54013e+05	4.63409e-02
3.70363e+05	4.44616e-02
3.87468e+05	4.26580e-02
4.05362e+05	4.09269e-02
4.24083e+05	3.92655e-02
4.43669e+05	3.76710e-02
4.64159e+05	3.61407e-02
4.85595e+05	3.46722e-02
5.08022e+05	3.32628e-02
5.31484e+05	3.19103e-02
5.56030e+05	3.06124e-02
5.81709e+05	2.93669e-02
6.08574e+05	2.81717e-02
6.36680e+05	2.70248e-02
6.66085e+05	2.59242e-02
6.96847e+05	2.48681e-02
7.29030e+05	2.38548e-02
7.62699e+05	2.28824e-02
7.97923e+05	2.19494e-02
8.34773e+05	2.10542e-02
8.73326e+05	2.01953e-02
9.13659e+05	1.93711e-02
9.55855e+05	1.85804e-02
1.00000e+06	1.78217e-02
