# C2H5OH cross section
256
1.00000e+01	0.00000e+00
1.04618e+01	0.00000e+00
1.09450e+01	4.87451e-02
1.14505e+01	1.98562e-01
1.19793e+01	3.61043e-01
1.25325e+01	5.85632e-01
1.31113e+01	9.03452e-01
1.37169e+01	1.35659e+00
1.43504e+01	1.99895e+00
1.50131e+01	2.75936e+00
1.57065e+01	3.55073e+00
1.64318e+01	4.39420e+00
1.71907e+01	5.33310e+00
1.79846e+01	6.31530e+00
1.88152e+01	7.35932e+00
1.96842e+01	8.40969e+00
2.05933e+01	9.45865e+00
2.15444e+01	1.04994e+01
2.25393e+01	1.15261e+01
2.35803e+01	1.25811e+01
2.46693e+01	1.36268e+01
2.58086e+01	1.46488e+01
2.70006e+01	1.56428e+01
2.82475e+01	1.66253e+01
2.95521e+01	1.75967e+01
3.09169e+01	1.85334e+01
3.23448e+01	1.94324e+01
3.38385e+01	2.02910e+01
3.54013e+01	2.11071e+01
3.70363e+01	2.18802e+01
3.87467e+01	2.26274e+01
4.05362e+01	2.33297e+01
4.24083e+01	2.39857e+01
4.43669e+01	2.45947e+01
4.64159e+01	2.51561e+01
4.85595e+01	2.56694e+01
5.08022e+01	2.61346e+01
5.31484e+01	2.65519e+01
5.56030e+01	2.69215e+01
5.81709e+01	2.72440e+01
6.08575e+01	2.75201e+01
6.36681e+01	2.77506e+01
6.66085e+01	2.79363e+01
6.96847e+01	2.80784e+01
7.29030e+01	2.81782e+01
7.62699e+01	2.82367e+01
7.97923e+01	2.82555e+01
8.34773e+01	2.82359e+01
8.73326e+01	2.81795e+01
9.13659e+01	2.80878e+01
9.55855e+01	2.79624e+01
1.00000e+02	2.78050e+01
1.04618e+02	2.76171e+01
1.09450e+02	2.74006e+01
1.14505e+02	2.71570e+01
1.19793e+02	2.68880e+01
1.25325e+02	2.65955e+01
1.31113e+02	2.62809e+01
1.37169e+02	2.59460e+01
1.43504e+02	2.55924e+01
1.50131e+02	2.52218e+01
1.57065e+02	2.48356e+01
1.64318e+02	2.44354e+01
1.71907e+02	2.40227e+01
1.79846e+02	2.35989e+01
1.88152e+02	2.31655e+01
1.96842e+02	2.27237e+01
2.05933e+02	2.22749e+01
2.15444e+02	2.18203e+01
2.25393e+02	2.13611e+01
2.35803e+02	2.08983e+01
2.46693e+02	2.04331e+01
2.58086e+02	1.99665e+01
2.70005e+02	1.94993e+01
2.82475e+02	1.90325e+01
2.95521e+02	1.85670e+01
3.09169e+02	1.81036e+01
3.23448e+02	1.76434e+01
3.38385e+02	1.71867e+01
3.54013e+02	1.67341e+01
3.70363e+02	1.62860e+01
3.87467e+02	1.58430e+01
4.05362e+02	1.54056e+01
4.24083e+02	1.49741e+01
4.43669e+02	1.45490e+01
4.64159e+02	1.41305e+01
4.85595e+02	1.37191e+01
5.08022e+02	1.33148e+01
5.31484e+02	1.29181e+01
5.56030e+02	1.25289e+01
5.81709e+02	1.21477e+01
6.08574e+02	1.17744e+01
6.36681e+02	1.14092e+01
6.66085e+02	1.10521e+01
6.96847e+02	1.07032e+01
7.29029e+02	1.03624e+01
7.62699e+02	1.00299e+01
7.97923e+02	9.70564e+00
8.34773e+02	9.38953e+00
8.73326e+02	9.08157e+00
9.13659e+02	8.78171e+00
9.55855e+02	8.48986e+00
1.00000e+03	8.20597e+00
1.04618e+03	7.92992e+00
1.09450e+03	7.66163e+00
1.14505e+03	7.40099e+00
1.19793e+03	7.14788e+00
1.25325e+03	6.90217e+00
1.31113e+03	6.66375e+00
1.37169e+03	6.43248e+00
1.43504e+03	6.20821e+00
1.50131e+03	5.99081e+00
1.57065e+03	5.78014e+00
1.64318e+03	5.57606e+00
1.71907e+03	5.37840e+00
1.79846e+03	5.18703e+00
1.88152e+03	5.00179e+00
1.96842e+03	4.82254e+00
2.05933e+03	4.64912e+00
2.15443e+03	4.48139e+00
2.25393e+03	4.31920e+00
2.35803e+03	4.16240e+00
2.46693e+03	4.01084e+00
2.58086e+03	3.86439e+00
2.70005e+03	3.72289e+00
2.82475e+03	3.58620e+00
2.95521e+03	3.45419e+00
3.09169e+03	3.32673e+00
3.23448e+03	3.20366e+00
3.38386e+03	3.08487e+00
3.54013e+03	2.97023e+00
3.70363e+03	2.85960e+00
3.87468e+03	2.75286e+00
4.05362e+03	2.64989e+00
4.24083e+03	2.55057e+00
4.43669e+03	2.45479e+00
4.64159e+03	2.36243e+00
4.85595e+03	2.27338e+00
5.08022e+03	2.18754e+00
5.31484e+03	2.10479e+00
5.56030e+03	2.02504e+00
5.81709e+03	1.94818e+00
6.08574e+03	1.87412e+00
6.36681e+03	1.80277e+00
6.66085e+03	1.73402e+00
6.96847e+03	1.66781e+00
7.29030e+03	1.60403e+00
7.62699e+03	1.54260e+00
7.97923e+03	1.48344e+00
8.34773e+03	1.42648e+00
8.73326e+03	1.37164e+00
9.13659e+03	1.31883e+00
9.55855e+03	1.26800e+00
1.00000e+04	1.21907e+00
1.04618e+04	1.17197e+00
1.09450e+04	1.12664e+00
1.14505e+04	1.08301e+00
1.19793e+04	1.04103e+00
1.25325e+04	1.00063e+00
1.31113e+04	9.61763e-01
1.37169e+04	9.24364e-01
1.43504e+04	8.88384e-01
1.50131e+04	8.53771e-01
1.57065e+04	8.20475e-01
1.64318e+04	7.88448e-01
1.71907e+04	7.57643e-01
1.79847e+04	7.28015e-01
1.88152e+04	6.99521e-01
1.96842e+04	6.72118e-01
2.05933e+04	6.45768e-01
2.15443e+04	6.20429e-01
2.25393e+04	5.96065e-01
2.35803e+04	5.72639e-01
2.46693e+04	5.50117e-01
2.58086e+04	5.28464e-01
2.70005e+04	5.07648e-01
2.82475e+04	4.87637e-01
2.95521e+04	4.68401e-01
3.09169e+04	4.49910e-01
3.23448e+04	4.32138e-01
3.38386e+04	4.15056e-01
3.54013e+04	3.98638e-01
3.70363e+04	3.82859e-01
3.87468e+04	3.67695e-01
4.05362e+04	3.53122e-01
4.24083e+04	3.39118e-01
4.43669e+04	3.25661e-01
4.64159e+04	3.12731e-01
4.85595e+04	3.00306e-01
5.08022e+04	2.88368e-01
5.31484e+04	2.76898e-01
5.56030e+04	2.65877e-01
5.81709e+04	2.55290e-01
6.08574e+04	2.45118e-01
6.36681e+04	2.35347e-01
6.66085e+04	2.25960e-01
6.96847e+04	2.16942e-01
7.29029e+04	2.08280e-01
7.62699e+04	1.99959e-01
7.97923e+04	1.91967e-01
8.34773e+04	1.84290e-01
8.73326e+04	1.76917e-01
9.13659e+04	1.69835e-01
9.55855e+04	1.63034e-01
1.00000e+05	1.56501e-01
1.04618e+05	1.50228e-01
1.09450e+05	1.44203e-01
1.14505e+05	1.38417e-01
1.19793e+05	1.32861e-01
1.25325e+05	1.27525e-01
1.31113e+05	1.22402e-01
1.37169e+05	1.17482e-01
1.43504e+05	1.12758e-01
1.50131e+05	1.08222e-01
1.57065e+05	1.03866e-01
1.64318e+05	9.96841e-02
1.71907e+05	9.56689e-02
1.79846e+05	9.18138e-02
1.88152e+05	8.81125e-02
1.96842e+05	8.45591e-02
2.05933e+05	8.11476e-02
2.15444e+05	7.78724e-02
2.25393e+05	7.47282e-02
2.35803e+05	7.17098e-02
2.46693e+05	6.88123e-02
2.58086e+05	6.60307e-02
2.70006e+05	6.33606e-02
2.82475e+05	6.07975e-02
2.95521e+05	5.83373e-02
3.09169e+05	5.59757e-02
3.23448e+05	5.37089e-02
3.38386e+05	5.15331e-02
3.54013e+05	4.94448e-02
3.70363e+05	4.74403e-02
3.87468e+05	4.55165e-02
4.05362e+05	4.36700e-02
4.24083e+05	4.18979e-02
4.43669e+05	4.01971e-02
4.64159e+05	3.85648e-02
4.85595e+05	3.69983e-02
5.08022e+05	3.54949e-02
5.31484e+05	3.40521e-02
5.56030e+05	3.26675e-02
5.81709e+05	3.13388e-02
6.08574e+05	3.00638e-02
6.36680e+05	2.88402e-02
6.66085e+05	2.76661e-02
6.96847e+05	2.65394e-02
7.29030e+05	2.54583e-02
7.62699e+05	2.44209e-02
7.97923e+05	2.34255e-02
8.34773e+05	2.24703e-02
8.73326e+05	2.15539e-02
9.13659e+05	2.06745e-02
9.55855e+05	1.98308e-02
1.00000e+06	1.90213e-02
