# C2H5OCH3 cross section
256
1.00000e+01	0.00000e+00
1.04600e+01	1.47800e-01
1.09400e+01	3.28800e-01
1.14500e+01	5.22900e-01
1.19800e+01	7.95300e-01
1.25300e+01	1.15300e+00
1.31100e+01	1.61200e+00
1.37200e+01	2.30400e+00
1.43500e+01	3.16800e+00
1.50100e+01	4.09300e+00
1.57100e+01	5.15700e+00
1.64300e+01	6.33700e+00
1.71900e+01	7.67400e+00
1.79800e+01	9.11500e+00
1.88200e+01	1.05700e+01
1.96800e+01	1.20300e+01
2.05900e+01	1.35000e+01
2.15400e+01	1.50100e+01
2.25400e+01	1.65000e+01
2.35800e+01	1.80300e+01
2.46700e+01	1.95300e+01
2.58100e+01	2.09900e+01
2.70000e+01	2.24100e+01
2.82500e+01	2.37900e+01
2.95500e+01	2.51600e+01
3.09200e+01	2.64600e+01
3.23400e+01	2.77100e+01
3.38400e+01	2.89000e+01
3.54000e+01	3.00300e+01
3.70400e+01	3.10900e+01
3.87500e+01	3.20900e+01
4.05400e+01	3.30400e+01
4.24100e+01	3.39100e+01
4.43700e+01	3.47200e+01
4.64200e+01	3.54600e+01
4.85600e+01	3.61300e+01
5.08000e+01	3.67300e+01
5.31500e+01	3.72600e+01
5.56000e+01	3.77200e+01
5.81700e+01	3.81200e+01
6.08600e+01	3.84500e+01
6.36700e+01	3.87200e+01
6.66100e+01	3.89200e+01
6.96800e+01	3.90700e+01
7.29000e+01	3.91500e+01
7.62700e+01	3.91800e+01
7.97900e+01	3.91600e+01
8.34800e+01	3.90800e+01
8.73300e+01	3.89500e+01
9.13700e+01	3.87800e+01
9.55900e+01	3.85600e+01
1.00000e+02	3.82900e+01
1.04600e+02	3.79900e+01
1.09400e+02	3.76500e+01
1.14500e+02	3.72700e+01
1.19800e+02	3.68600e+01
1.25300e+02	3.64200e+01
1.31100e+02	3.59500e+01
1.37200e+02	3.54500e+01
1.43500e+02	3.49400e+01
1.50100e+02	3.43900e+01
1.57100e+02	3.38400e+01
1.64300e+02	3.32600e+01
1.71900e+02	3.26700e+01
1.79800e+02	3.20600e+01
1.88200e+02	3.14400e+01
1.96800e+02	3.08200e+01
2.05900e+02	3.01800e+01
2.15400e+02	2.95400e+01
2.25400e+02	2.89000e+01
2.35800e+02	2.82500e+01
2.46700e+02	2.76000e+01
2.58100e+02	2.69500e+01
2.70000e+02	2.63000e+01
2.82500e+02	2.56600e+01
2.95500e+02	2.50100e+01
3.09200e+02	2.43700e+01
3.23400e+02	2.37400e+01
3.38400e+02	2.31100e+01
3.54000e+02	2.24900e+01
3.70400e+02	2.18700e+01
3.87500e+02	2.12700e+01
4.05400e+02	2.06700e+01
4.24100e+02	2.00800e+01
4.43700e+02	1.95000e+01
4.64200e+02	1.89300e+01
4.85600e+02	1.83700e+01
5.08000e+02	1.78200e+01
5.31500e+02	1.72800e+01
5.56000e+02	1.67600e+01
5.81700e+02	1.62400e+01
6.08600e+02	1.57300e+01
6.36700e+02	1.52400e+01
6.66100e+02	1.47600e+01
6.96800e+02	1.42900e+01
7.29000e+02	1.38300e+01
7.62700e+02	1.33800e+01
7.97900e+02	1.29400e+01
8.34800e+02	1.25200e+01
8.73300e+02	1.21100e+01
9.13700e+02	1.17000e+01
9.55900e+02	1.13100e+01
1.00000e+03	1.09300e+01
1.04600e+03	1.05600e+01
1.09400e+03	1.02000e+01
1.14500e+03	9.85100e+00
1.19800e+03	9.51200e+00
1.25300e+03	9.18300e+00
1.31100e+03	8.86400e+00
1.37200e+03	8.55500e+00
1.43500e+03	8.25500e+00
1.50100e+03	7.96500e+00
1.57100e+03	7.68400e+00
1.64300e+03	7.41100e+00
1.71900e+03	7.14700e+00
1.79800e+03	6.89200e+00
1.88200e+03	6.64500e+00
1.96800e+03	6.40600e+00
2.05900e+03	6.17500e+00
2.15400e+03	5.95100e+00
2.25400e+03	5.73500e+00
2.35800e+03	5.52600e+00
2.46700e+03	5.32500e+00
2.58100e+03	5.13000e+00
2.70000e+03	4.94100e+00
2.82500e+03	4.75900e+00
2.95500e+03	4.58400e+00
3.09200e+03	4.41400e+00
3.23400e+03	4.25100e+00
3.38400e+03	4.09300e+00
3.54000e+03	3.94000e+00
3.70400e+03	3.79300e+00
3.87500e+03	3.65100e+00
4.05400e+03	3.51500e+00
4.24100e+03	3.38300e+00
4.43700e+03	3.25500e+00
4.64200e+03	3.13300e+00
4.85600e+03	3.01400e+00
5.08000e+03	2.90000e+00
5.31500e+03	2.79100e+00
5.56000e+03	2.68500e+00
5.81700e+03	2.58300e+00
6.08600e+03	2.48400e+00
6.36700e+03	2.39000e+00
6.66100e+03	2.29800e+00
6.96800e+03	2.21100e+00
7.29000e+03	2.12600e+00
7.62700e+03	2.04400e+00
7.97900e+03	1.96600e+00
8.34800e+03	1.89000e+00
8.73300e+03	1.81800e+00
9.13700e+03	1.74800e+00
9.55900e+03	1.68000e+00
1.00000e+04	1.61500e+00
1.04600e+04	1.55300e+00
1.09400e+04	1.49300e+00
1.14500e+04	1.43500e+00
1.19800e+04	1.37900e+00
1.25300e+04	1.32600e+00
1.31100e+04	1.27400e+00
1.37200e+04	1.22500e+00
1.43500e+04	1.17700e+00
1.50100e+04	1.13100e+00
1.57100e+04	1.08700e+00
1.64300e+04	1.04400e+00
1.71900e+04	1.00400e+00
1.79800e+04	9.64300e-01
1.88200e+04	9.26600e-01
1.96800e+04	8.90300e-01
2.05900e+04	8.55300e-01
2.15400e+04	8.21800e-01
2.25400e+04	7.89500e-01
2.35800e+04	7.58400e-01
2.46700e+04	7.28600e-01
2.58100e+04	6.99900e-01
2.70000e+04	6.72300e-01
2.82500e+04	6.45800e-01
2.95500e+04	6.20300e-01
3.09200e+04	5.95800e-01
3.23400e+04	5.72300e-01
3.38400e+04	5.49700e-01
3.54000e+04	5.27900e-01
3.70400e+04	5.07000e-01
3.87500e+04	4.86900e-01
4.05400e+04	4.67600e-01
4.24100e+04	4.49100e-01
4.43700e+04	4.31200e-01
4.64200e+04	4.14100e-01
4.85600e+04	3.97700e-01
5.08000e+04	3.81800e-01
5.31500e+04	3.66700e-01
5.56000e+04	3.52100e-01
5.81700e+04	3.38000e-01
6.08600e+04	3.24600e-01
6.36700e+04	3.11600e-01
6.66100e+04	2.99200e-01
6.96800e+04	2.87300e-01
7.29000e+04	2.75800e-01
7.62700e+04	2.64800e-01
7.97900e+04	2.54200e-01
8.34800e+04	2.44000e-01
8.73300e+04	2.34200e-01
9.13700e+04	2.24900e-01
9.55900e+04	2.15900e-01
1.00000e+05	2.07200e-01
1.04600e+05	1.98900e-01
1.09400e+05	1.90900e-01
1.14500e+05	1.83300e-01
1.19800e+05	1.75900e-01
1.25300e+05	1.68800e-01
1.31100e+05	1.62100e-01
1.37200e+05	1.55500e-01
1.43500e+05	1.49300e-01
1.50100e+05	1.43300e-01
1.57100e+05	1.37500e-01
1.64300e+05	1.32000e-01
1.71900e+05	1.26700e-01
1.79800e+05	1.21600e-01
1.88200e+05	1.16700e-01
1.96800e+05	1.11900e-01
2.05900e+05	1.07400e-01
2.15400e+05	1.03100e-01
2.25400e+05	9.89300e-02
2.35800e+05	9.49300e-02
2.46700e+05	9.11000e-02
2.58100e+05	8.74200e-02
2.70000e+05	8.38800e-02
2.82500e+05	8.04900e-02
2.95500e+05	7.72300e-02
3.09200e+05	7.41000e-02
3.23400e+05	7.11000e-02
3.38400e+05	6.82200e-02
3.54000e+05	6.54600e-02
3.70400e+05	6.28000e-02
3.87500e+05	6.02600e-02
4.05400e+05	5.78100e-02
4.24100e+05	5.54600e-02
4.43700e+05	5.32100e-02
4.64200e+05	5.10500e-02
4.85600e+05	4.89800e-02
5.08000e+05	4.69900e-02
5.31500e+05	4.50800e-02
5.56000e+05	4.32400e-02
5.81700e+05	4.14900e-02
6.08600e+05	3.98000e-02
6.36700e+05	3.81800e-02
6.66100e+05	3.66200e-02
6.96800e+05	3.51300e-02
7.29000e+05	3.37000e-02
7.62700e+05	3.23300e-02
7.97900e+05	3.10100e-02
8.34800e+05	2.97400e-02
8.73300e+05	2.85300e-02
9.13700e+05	2.73700e-02
9.55900e+05	2.62500e-02
1.00000e+06	2.51800e-02
