# C3H5 cross section
256
1.00000e+01	3.00517e-01
1.04618e+01	5.63717e-01
1.09450e+01	9.49525e-01
1.14505e+01	1.35718e+00
1.19793e+01	1.78111e+00
1.25325e+01	2.21642e+00
1.31113e+01	2.75744e+00
1.37169e+01	3.36420e+00
1.43504e+01	3.98229e+00
1.50131e+01	4.66687e+00
1.57065e+01	5.51192e+00
1.64318e+01	6.48027e+00
1.71907e+01	7.50162e+00
1.79846e+01	8.53171e+00
1.88152e+01	9.59206e+00
1.96842e+01	1.07027e+01
2.05933e+01	1.18057e+01
2.15444e+01	1.28939e+01
2.25393e+01	1.39610e+01
2.35803e+01	1.50016e+01
2.46693e+01	1.60286e+01
2.58086e+01	1.70350e+01
2.70006e+01	1.80254e+01
2.82475e+01	1.89778e+01
2.95521e+01	1.99013e+01
3.09169e+01	2.08080e+01
3.23448e+01	2.16714e+01
3.38385e+01	2.24891e+01
3.54013e+01	2.32591e+01
3.70363e+01	2.39799e+01
3.87467e+01	2.46504e+01
4.05362e+01	2.52697e+01
4.24083e+01	2.58375e+01
4.43669e+01	2.63536e+01
4.64159e+01	2.68180e+01
4.85595e+01	2.72312e+01
5.08022e+01	2.75936e+01
5.31484e+01	2.79061e+01
5.56030e+01	2.81694e+01
5.81709e+01	2.83847e+01
6.08575e+01	2.85532e+01
6.36681e+01	2.86761e+01
6.66085e+01	2.87549e+01
6.96847e+01	2.87911e+01
7.29030e+01	2.87863e+01
7.62699e+01	2.87422e+01
7.97923e+01	2.86604e+01
8.34773e+01	2.85427e+01
8.73326e+01	2.83909e+01
9.13659e+01	2.82068e+01
9.55855e+01	2.79923e+01
1.00000e+02	2.77490e+01
1.04618e+02	2.74790e+01
1.09450e+02	2.71839e+01
1.14505e+02	2.68657e+01
1.19793e+02	2.65260e+01
1.25325e+02	2.61666e+01
1.31113e+02	2.57893e+01
1.37169e+02	2.53956e+01
1.43504e+02	2.49873e+01
1.50131e+02	2.45658e+01
1.57065e+02	2.41328e+01
1.64318e+02	2.36896e+01
1.71907e+02	2.32377e+01
1.79846e+02	2.27785e+01
1.88152e+02	2.23132e+01
1.96842e+02	2.18431e+01
2.05933e+02	2.13693e+01
2.15444e+02	2.08930e+01
2.25393e+02	2.04152e+01
2.35803e+02	1.99368e+01
2.46693e+02	1.94588e+01
2.58086e+02	1.89822e+01
2.70005e+02	1.85075e+01
2.82475e+02	1.80357e+01
2.95521e+02	1.75674e+01
3.09169e+02	1.71035e+01
3.23448e+02	1.66451e+01
3.38385e+02	1.61919e+01
3.54013e+02	1.57446e+01
3.70363e+02	1.53035e+01
3.87467e+02	1.48690e+01
4.05362e+02	1.44413e+01
4.24083e+02	1.40208e+01
4.43669e+02	1.36078e+01
4.64159e+02	1.32025e+01
4.85595e+02	1.28050e+01
5.08022e+02	1.24156e+01
5.31484e+02	1.20343e+01
5.56030e+02	1.16612e+01
5.81709e+02	1.12965e+01
6.08574e+02	1.09401e+01
6.36681e+02	1.05921e+01
6.66085e+02	1.02526e+01
6.96847e+02	9.92141e+00
7.29029e+02	9.59863e+00
7.62699e+02	9.28417e+00
7.97923e+02	8.97799e+00
8.34773e+02	8.68000e+00
8.73326e+02	8.39013e+00
9.13659e+02	8.10828e+00
9.55855e+02	7.83435e+00
1.00000e+03	7.56823e+00
1.04618e+03	7.30979e+00
1.09450e+03	7.05892e+00
1.14505e+03	6.81548e+00
1.19793e+03	6.57932e+00
1.25325e+03	6.35032e+00
1.31113e+03	6.12833e+00
1.37169e+03	5.91320e+00
1.43504e+03	5.70478e+00
1.50131e+03	5.50292e+00
1.57065e+03	5.30747e+00
1.64318e+03	5.11828e+00
1.71907e+03	4.93519e+00
1.79846e+03	4.75805e+00
1.88152e+03	4.58671e+00
1.96842e+03	4.42101e+00
2.05933e+03	4.26082e+00
2.15443e+03	4.10597e+00
2.25393e+03	3.95632e+00
2.35803e+03	3.81172e+00
2.46693e+03	3.67204e+00
2.58086e+03	3.53712e+00
2.70005e+03	3.40683e+00
2.82475e+03	3.28104e+00
2.95521e+03	3.15961e+00
3.09169e+03	3.04240e+00
3.23448e+03	2.92929e+00
3.38386e+03	2.82015e+00
3.54013e+03	2.71485e+00
3.70363e+03	2.61328e+00
3.87468e+03	2.51532e+00
4.05362e+03	2.42085e+00
4.24083e+03	2.32976e+00
4.43669e+03	2.24194e+00
4.64159e+03	2.15728e+00
4.85595e+03	2.07567e+00
5.08022e+03	1.99703e+00
5.31484e+03	1.92124e+00
5.56030e+03	1.84821e+00
5.81709e+03	1.77785e+00
6.08574e+03	1.71007e+00
6.36681e+03	1.64478e+00
6.66085e+03	1.58189e+00
6.96847e+03	1.52133e+00
7.29030e+03	1.46300e+00
7.62699e+03	1.40684e+00
7.97923e+03	1.35276e+00
8.34773e+03	1.30070e+00
8.73326e+03	1.25058e+00
9.13659e+03	1.20233e+00
9.55855e+03	1.15590e+00
1.00000e+04	1.11120e+00
1.04618e+04	1.06819e+00
1.09450e+04	1.02679e+00
1.14505e+04	9.86963e-01
1.19793e+04	9.48638e-01
1.25325e+04	9.11763e-01
1.31113e+04	8.76286e-01
1.37169e+04	8.42158e-01
1.43504e+04	8.09327e-01
1.50131e+04	7.77747e-01
1.57065e+04	7.47372e-01
1.64318e+04	7.18157e-01
1.71907e+04	6.90060e-01
1.79847e+04	6.63039e-01
1.88152e+04	6.37054e-01
1.96842e+04	6.12067e-01
2.05933e+04	5.88042e-01
2.15443e+04	5.64941e-01
2.25393e+04	5.42730e-01
2.35803e+04	5.21377e-01
2.46693e+04	5.00848e-01
2.58086e+04	4.81113e-01
2.70005e+04	4.62142e-01
2.82475e+04	4.43907e-01
2.95521e+04	4.26378e-01
3.09169e+04	4.09531e-01
3.23448e+04	3.93338e-01
3.38386e+04	3.77775e-01
3.54013e+04	3.62819e-01
3.70363e+04	3.48445e-01
3.87468e+04	3.34632e-01
4.05362e+04	3.21359e-01
4.24083e+04	3.08604e-01
4.43669e+04	2.96348e-01
4.64159e+04	2.84572e-01
4.85595e+04	2.73258e-01
5.08022e+04	2.62387e-01
5.31484e+04	2.51942e-01
5.56030e+04	2.41908e-01
5.81709e+04	2.32268e-01
6.08574e+04	2.23008e-01
6.36681e+04	2.14111e-01
6.66085e+04	2.05566e-01
6.96847e+04	1.97357e-01
7.29029e+04	1.89471e-01
7.62699e+04	1.81897e-01
7.97923e+04	1.74623e-01
8.34773e+04	1.67635e-01
8.73326e+04	1.60924e-01
9.13659e+04	1.54479e-01
9.55855e+04	1.48289e-01
1.00000e+05	1.42344e-01
1.04618e+05	1.36635e-01
1.09450e+05	1.31152e-01
1.14505e+05	1.25887e-01
1.19793e+05	1.20831e-01
1.25325e+05	1.15976e-01
1.31113e+05	1.11314e-01
1.37169e+05	1.06838e-01
1.43504e+05	1.02540e-01
1.50131e+05	9.84123e-02
1.57065e+05	9.44497e-02
1.64318e+05	9.06451e-02
1.71907e+05	8.69922e-02
1.79846e+05	8.34851e-02
1.88152e+05	8.01181e-02
1.96842e+05	7.68856e-02
2.05933e+05	7.37823e-02
2.15444e+05	7.08031e-02
2.25393e+05	6.79431e-02
2.35803e+05	6.51976e-02
2.46693e+05	6.25620e-02
2.58086e+05	6.00321e-02
2.70006e+05	5.76036e-02
2.82475e+05	5.52724e-02
2.95521e+05	5.30348e-02
3.09169e+05	5.08870e-02
3.23448e+05	4.88255e-02
3.38386e+05	4.68468e-02
3.54013e+05	4.49476e-02
3.70363e+05	4.31248e-02
3.87468e+05	4.13753e-02
4.05362e+05	3.96962e-02
4.24083e+05	3.80847e-02
4.43669e+05	3.65382e-02
4.64159e+05	3.50539e-02
4.85595e+05	3.36295e-02
5.08022e+05	3.22625e-02
5.31484e+05	3.09506e-02
5.56030e+05	2.96917e-02
5.81709e+05	2.84837e-02
6.08574e+05	2.73244e-02
6.36680e+05	2.62119e-02
6.66085e+05	2.51445e-02
6.96847e+05	2.41201e-02
7.29030e+05	2.31373e-02
7.62699e+05	2.21941e-02
7.97923e+05	2.12892e-02
8.34773e+05	2.04209e-02
8.73326e+05	1.95877e-02
9.13659e+05	1.87884e-02
9.55855e+05	1.80214e-02
1.00000e+06	1.72855e-02
