# C3O cross section
256
1.00000e+01	0.00000e+00
1.04600e+01	0.00000e+00
1.09400e+01	0.00000e+00
1.14500e+01	2.57300e-02
1.19800e+01	1.98300e-01
1.25300e+01	5.16600e-01
1.31100e+01	1.03300e+00
1.37200e+01	1.58200e+00
1.43500e+01	2.15700e+00
1.50100e+01	2.74900e+00
1.57100e+01	3.35200e+00
1.64300e+01	3.96200e+00
1.71900e+01	4.57300e+00
1.79800e+01	5.24000e+00
1.88200e+01	6.00100e+00
1.96800e+01	6.76800e+00
2.05900e+01	7.58400e+00
2.15400e+01	8.39700e+00
2.25400e+01	9.20200e+00
2.35800e+01	1.00300e+01
2.46700e+01	1.08600e+01
2.58100e+01	1.16800e+01
2.70000e+01	1.24700e+01
2.82500e+01	1.32500e+01
2.95500e+01	1.39900e+01
3.09200e+01	1.47300e+01
3.23400e+01	1.54500e+01
3.38400e+01	1.61400e+01
3.54000e+01	1.68000e+01
3.70400e+01	1.74200e+01
3.87500e+01	1.80100e+01
4.05400e+01	1.85600e+01
4.24100e+01	1.90800e+01
4.43700e+01	1.95700e+01
4.64200e+01	2.00300e+01
4.85600e+01	2.04400e+01
5.08000e+01	2.08300e+01
5.31500e+01	2.11700e+01
5.56000e+01	2.14800e+01
5.81700e+01	2.17500e+01
6.08600e+01	2.19800e+01
6.36700e+01	2.21800e+01
6.66100e+01	2.23400e+01
6.96800e+01	2.24600e+01
7.29000e+01	2.25600e+01
7.62700e+01	2.26200e+01
7.97900e+01	2.26500e+01
8.34800e+01	2.26400e+01
8.73300e+01	2.26100e+01
9.13700e+01	2.25500e+01
9.55900e+01	2.24600e+01
1.00000e+02	2.23500e+01
1.04600e+02	2.22100e+01
1.09400e+02	2.20500e+01
1.14500e+02	2.18600e+01
1.19800e+02	2.16600e+01
1.25300e+02	2.14400e+01
1.31100e+02	2.11900e+01
1.37200e+02	2.09400e+01
1.43500e+02	2.06600e+01
1.50100e+02	2.03700e+01
1.57100e+02	2.00700e+01
1.64300e+02	1.97600e+01
1.71900e+02	1.94400e+01
1.79800e+02	1.91000e+01
1.88200e+02	1.87600e+01
1.96800e+02	1.84100e+01
2.05900e+02	1.80600e+01
2.15400e+02	1.77000e+01
2.25400e+02	1.73400e+01
2.35800e+02	1.69700e+01
2.46700e+02	1.66000e+01
2.58100e+02	1.62300e+01
2.70000e+02	1.58600e+01
2.82500e+02	1.54800e+01
2.95500e+02	1.51100e+01
3.09200e+02	1.47400e+01
3.23400e+02	1.43700e+01
3.38400e+02	1.40100e+01
3.54000e+02	1.36400e+01
3.70400e+02	1.32900e+01
3.87500e+02	1.29300e+01
4.05400e+02	1.25800e+01
4.24100e+02	1.22300e+01
4.43700e+02	1.18900e+01
4.64200e+02	1.15500e+01
4.85600e+02	1.12200e+01
5.08000e+02	1.09000e+01
5.31500e+02	1.05800e+01
5.56000e+02	1.02600e+01
5.81700e+02	9.95300e+00
6.08600e+02	9.65100e+00
6.36700e+02	9.35500e+00
6.66100e+02	9.06600e+00
6.96800e+02	8.78300e+00
7.29000e+02	8.50600e+00
7.62700e+02	8.23600e+00
7.97900e+02	7.97300e+00
8.34800e+02	7.71600e+00
8.73300e+02	7.46500e+00
9.13700e+02	7.22100e+00
9.55900e+02	6.98400e+00
1.00000e+03	6.75200e+00
1.04600e+03	6.52700e+00
1.09400e+03	6.30800e+00
1.14500e+03	6.09600e+00
1.19800e+03	5.88900e+00
1.25300e+03	5.68800e+00
1.31100e+03	5.49300e+00
1.37200e+03	5.30400e+00
1.43500e+03	5.12100e+00
1.50100e+03	4.94300e+00
1.57100e+03	4.77000e+00
1.64300e+03	4.60300e+00
1.71900e+03	4.44100e+00
1.79800e+03	4.28400e+00
1.88200e+03	4.13200e+00
1.96800e+03	3.98500e+00
2.05900e+03	3.84200e+00
2.15400e+03	3.70500e+00
2.25400e+03	3.57100e+00
2.35800e+03	3.44300e+00
2.46700e+03	3.31800e+00
2.58100e+03	3.19700e+00
2.70000e+03	3.08100e+00
2.82500e+03	2.96800e+00
2.95500e+03	2.86000e+00
3.09200e+03	2.75500e+00
3.23400e+03	2.65300e+00
3.38400e+03	2.55500e+00
3.54000e+03	2.46100e+00
3.70400e+03	2.37000e+00
3.87500e+03	2.28200e+00
4.05400e+03	2.19700e+00
4.24100e+03	2.11500e+00
4.43700e+03	2.03500e+00
4.64200e+03	1.95900e+00
4.85600e+03	1.88600e+00
5.08000e+03	1.81500e+00
5.31500e+03	1.74600e+00
5.56000e+03	1.68000e+00
5.81700e+03	1.61700e+00
6.08600e+03	1.55600e+00
6.36700e+03	1.49700e+00
6.66100e+03	1.44000e+00
6.96800e+03	1.38500e+00
7.29000e+03	1.33200e+00
7.62700e+03	1.28100e+00
7.97900e+03	1.23200e+00
8.34800e+03	1.18500e+00
8.73300e+03	1.14000e+00
9.13700e+03	1.09600e+00
9.55900e+03	1.05400e+00
1.00000e+04	1.01300e+00
1.04600e+04	9.74100e-01
1.09400e+04	9.36500e-01
1.14500e+04	9.00300e-01
1.19800e+04	8.65500e-01
1.25300e+04	8.32000e-01
1.31100e+04	7.99700e-01
1.37200e+04	7.68700e-01
1.43500e+04	7.38800e-01
1.50100e+04	7.10100e-01
1.57100e+04	6.82500e-01
1.64300e+04	6.55900e-01
1.71900e+04	6.30300e-01
1.79800e+04	6.05700e-01
1.88200e+04	5.82100e-01
1.96800e+04	5.59300e-01
2.05900e+04	5.37400e-01
2.15400e+04	5.16400e-01
2.25400e+04	4.96100e-01
2.35800e+04	4.76600e-01
2.46700e+04	4.57900e-01
2.58100e+04	4.39900e-01
2.70000e+04	4.22600e-01
2.82500e+04	4.06000e-01
2.95500e+04	3.90000e-01
3.09200e+04	3.74600e-01
3.23400e+04	3.59900e-01
3.38400e+04	3.45600e-01
3.54000e+04	3.32000e-01
3.70400e+04	3.18900e-01
3.87500e+04	3.06300e-01
4.05400e+04	2.94100e-01
4.24100e+04	2.82500e-01
4.43700e+04	2.71300e-01
4.64200e+04	2.60500e-01
4.85600e+04	2.50200e-01
5.08000e+04	2.40300e-01
5.31500e+04	2.30700e-01
5.56000e+04	2.21500e-01
5.81700e+04	2.12700e-01
6.08600e+04	2.04300e-01
6.36700e+04	1.96100e-01
6.66100e+04	1.88300e-01
6.96800e+04	1.80800e-01
7.29000e+04	1.73600e-01
7.62700e+04	1.66700e-01
7.97900e+04	1.60000e-01
8.34800e+04	1.53600e-01
8.73300e+04	1.47500e-01
9.13700e+04	1.41600e-01
9.55900e+04	1.35900e-01
1.00000e+05	1.30500e-01
1.04600e+05	1.25300e-01
1.09400e+05	1.20200e-01
1.14500e+05	1.15400e-01
1.19800e+05	1.10800e-01
1.25300e+05	1.06300e-01
1.31100e+05	1.02100e-01
1.37200e+05	9.79700e-02
1.43500e+05	9.40400e-02
1.50100e+05	9.02600e-02
1.57100e+05	8.66300e-02
1.64300e+05	8.31400e-02
1.71900e+05	7.98000e-02
1.79800e+05	7.65800e-02
1.88200e+05	7.35000e-02
1.96800e+05	7.05400e-02
2.05900e+05	6.76900e-02
2.15400e+05	6.49600e-02
2.25400e+05	6.23400e-02
2.35800e+05	5.98300e-02
2.46700e+05	5.74100e-02
2.58100e+05	5.50900e-02
2.70000e+05	5.28700e-02
2.82500e+05	5.07300e-02
2.95500e+05	4.86800e-02
3.09200e+05	4.67100e-02
3.23400e+05	4.48200e-02
3.38400e+05	4.30000e-02
3.54000e+05	4.12600e-02
3.70400e+05	3.95900e-02
3.87500e+05	3.79900e-02
4.05400e+05	3.64500e-02
4.24100e+05	3.49700e-02
4.43700e+05	3.35500e-02
4.64200e+05	3.21900e-02
4.85600e+05	3.08800e-02
5.08000e+05	2.96300e-02
5.31500e+05	2.84200e-02
5.56000e+05	2.72700e-02
5.81700e+05	2.61600e-02
6.08600e+05	2.51000e-02
6.36700e+05	2.40800e-02
6.66100e+05	2.31000e-02
6.96800e+05	2.21600e-02
7.29000e+05	2.12500e-02
7.62700e+05	2.03900e-02
7.97900e+05	1.95600e-02
8.34800e+05	1.87600e-02
8.73300e+05	1.80000e-02
9.13700e+05	1.72600e-02
9.55900e+05	1.65600e-02
1.00000e+06	1.58800e-02
