# C4H10 cross section
256
1.00000e+01	0.00000e+00
1.04618e+01	0.00000e+00
1.09450e+01	0.00000e+00
1.14505e+01	0.00000e+00
1.19793e+01	2.46963e-01
1.25325e+01	7.80455e-01
1.31113e+01	1.50316e+00
1.37169e+01	2.43534e+00
1.43504e+01	3.41410e+00
1.50131e+01	4.66701e+00
1.57065e+01	6.12575e+00
1.64318e+01	7.67145e+00
1.71907e+01	9.32369e+00
1.79846e+01	1.09954e+01
1.88152e+01	1.26718e+01
1.96842e+01	1.43401e+01
2.05933e+01	1.59893e+01
2.15444e+01	1.76169e+01
2.25393e+01	1.92699e+01
2.35803e+01	2.08922e+01
2.46693e+01	2.25184e+01
2.58086e+01	2.40967e+01
2.70006e+01	2.56308e+01
2.82475e+01	2.71425e+01
2.95521e+01	2.86026e+01
3.09169e+01	3.00293e+01
3.23448e+01	3.13896e+01
3.38385e+01	3.26795e+01
3.54013e+01	3.38961e+01
3.70363e+01	3.50368e+01
3.87467e+01	3.60999e+01
4.05362e+01	3.70841e+01
4.24083e+01	3.79887e+01
4.43669e+01	3.88134e+01
4.64159e+01	3.95584e+01
4.85595e+01	4.02242e+01
5.08022e+01	4.08115e+01
5.31484e+01	4.13216e+01
5.56030e+01	4.17558e+01
5.81709e+01	4.21158e+01
6.08575e+01	4.24034e+01
6.36681e+01	4.26206e+01
6.66085e+01	4.27696e+01
6.96847e+01	4.28528e+01
7.29030e+01	4.28725e+01
7.62699e+01	4.28314e+01
7.97923e+01	4.27321e+01
8.34773e+01	4.25774e+01
8.73326e+01	4.23698e+01
9.13659e+01	4.21124e+01
9.55855e+01	4.18078e+01
1.00000e+02	4.14589e+01
1.04618e+02	4.10686e+01
1.09450e+02	4.06395e+01
1.14505e+02	4.01745e+01
1.19793e+02	3.96763e+01
1.25325e+02	3.91476e+01
1.31113e+02	3.85911e+01
1.37169e+02	3.80093e+01
1.43504e+02	3.74046e+01
1.50131e+02	3.67796e+01
1.57065e+02	3.61366e+01
1.64318e+02	3.54777e+01
1.71907e+02	3.48053e+01
1.79846e+02	3.41213e+01
1.88152e+02	3.34278e+01
1.96842e+02	3.27265e+01
2.05933e+02	3.20195e+01
2.15444e+02	3.13082e+01
2.25393e+02	3.05944e+01
2.35803e+02	2.98795e+01
2.46693e+02	2.91649e+01
2.58086e+02	2.84520e+01
2.70005e+02	2.77420e+01
2.82475e+02	2.70360e+01
2.95521e+02	2.63351e+01
3.09169e+02	2.56407e+01
3.23448e+02	2.49541e+01
3.38385e+02	2.42755e+01
3.54013e+02	2.36054e+01
3.70363e+02	2.29444e+01
3.87467e+02	2.22933e+01
4.05362e+02	2.16523e+01
4.24083e+02	2.10222e+01
4.43669e+02	2.04031e+01
4.64159e+02	1.97955e+01
4.85595e+02	1.91997e+01
5.08022e+02	1.86158e+01
5.31484e+02	1.80441e+01
5.56030e+02	1.74848e+01
5.81709e+02	1.69379e+01
6.08574e+02	1.64035e+01
6.36681e+02	1.58818e+01
6.66085e+02	1.53726e+01
6.96847e+02	1.48761e+01
7.29029e+02	1.43920e+01
7.62699e+02	1.39205e+01
7.97923e+02	1.34614e+01
8.34773e+02	1.30145e+01
8.73326e+02	1.25799e+01
9.13659e+02	1.21572e+01
9.55855e+02	1.17464e+01
1.00000e+03	1.13474e+01
1.04618e+03	1.09598e+01
1.09450e+03	1.05836e+01
1.14505e+03	1.02186e+01
1.19793e+03	9.86447e+00
1.25325e+03	9.52108e+00
1.31113e+03	9.18820e+00
1.37169e+03	8.86562e+00
1.43504e+03	8.55310e+00
1.50131e+03	8.25042e+00
1.57065e+03	7.95735e+00
1.64318e+03	7.67367e+00
1.71907e+03	7.39914e+00
1.79846e+03	7.13354e+00
1.88152e+03	6.87664e+00
1.96842e+03	6.62820e+00
2.05933e+03	6.38800e+00
2.15443e+03	6.15583e+00
2.25393e+03	5.93146e+00
2.35803e+03	5.71467e+00
2.46693e+03	5.50524e+00
2.58086e+03	5.30296e+00
2.70005e+03	5.10763e+00
2.82475e+03	4.91903e+00
2.95521e+03	4.73697e+00
3.09169e+03	4.56125e+00
3.23448e+03	4.39167e+00
3.38386e+03	4.22804e+00
3.54013e+03	4.07019e+00
3.70363e+03	3.91792e+00
3.87468e+03	3.77105e+00
4.05362e+03	3.62943e+00
4.24083e+03	3.49287e+00
4.43669e+03	3.36121e+00
4.64159e+03	3.23429e+00
4.85595e+03	3.11196e+00
5.08022e+03	2.99405e+00
5.31484e+03	2.88044e+00
5.56030e+03	2.77096e+00
5.81709e+03	2.66548e+00
6.08574e+03	2.56387e+00
6.36681e+03	2.46599e+00
6.66085e+03	2.37172e+00
6.96847e+03	2.28092e+00
7.29030e+03	2.19348e+00
7.62699e+03	2.10929e+00
7.97923e+03	2.02822e+00
8.34773e+03	1.95017e+00
8.73326e+03	1.87504e+00
9.13659e+03	1.80271e+00
9.55855e+03	1.73310e+00
1.00000e+04	1.66609e+00
1.04618e+04	1.60161e+00
1.09450e+04	1.53956e+00
1.14505e+04	1.47984e+00
1.19793e+04	1.42239e+00
1.25325e+04	1.36711e+00
1.31113e+04	1.31392e+00
1.37169e+04	1.26276e+00
1.43504e+04	1.21354e+00
1.50131e+04	1.16619e+00
1.57065e+04	1.12066e+00
1.64318e+04	1.07686e+00
1.71907e+04	1.03473e+00
1.79847e+04	9.94224e-01
1.88152e+04	9.55268e-01
1.96842e+04	9.17807e-01
2.05933e+04	8.81786e-01
2.15443e+04	8.47152e-01
2.25393e+04	8.13853e-01
2.35803e+04	7.81838e-01
2.46693e+04	7.51060e-01
2.58086e+04	7.21472e-01
2.70005e+04	6.93029e-01
2.82475e+04	6.65688e-01
2.95521e+04	6.39408e-01
3.09169e+04	6.14148e-01
3.23448e+04	5.89869e-01
3.38386e+04	5.66535e-01
3.54013e+04	5.44110e-01
3.70363e+04	5.22559e-01
3.87468e+04	5.01848e-01
4.05362e+04	4.81945e-01
4.24083e+04	4.62821e-01
4.43669e+04	4.44444e-01
4.64159e+04	4.26787e-01
4.85595e+04	4.09821e-01
5.08022e+04	3.93520e-01
5.31484e+04	3.77859e-01
5.56030e+04	3.62813e-01
5.81709e+04	3.48358e-01
6.08574e+04	3.34471e-01
6.36681e+04	3.21131e-01
6.66085e+04	3.08316e-01
6.96847e+04	2.96007e-01
7.29029e+04	2.84182e-01
7.62699e+04	2.72825e-01
7.97923e+04	2.61915e-01
8.34773e+04	2.51437e-01
8.73326e+04	2.41373e-01
9.13659e+04	2.31708e-01
9.55855e+04	2.22425e-01
1.00000e+05	2.13509e-01
1.04618e+05	2.04947e-01
1.09450e+05	1.96725e-01
1.14505e+05	1.88829e-01
1.19793e+05	1.81247e-01
1.25325e+05	1.73965e-01
1.31113e+05	1.66974e-01
1.37169e+05	1.60260e-01
1.43504e+05	1.53814e-01
1.50131e+05	1.47624e-01
1.57065e+05	1.41681e-01
1.64318e+05	1.35975e-01
1.71907e+05	1.30496e-01
1.79846e+05	1.25236e-01
1.88152e+05	1.20186e-01
1.96842e+05	1.15338e-01
2.05933e+05	1.10683e-01
2.15444e+05	1.06215e-01
2.25393e+05	1.01925e-01
2.35803e+05	9.78071e-02
2.46693e+05	9.38540e-02
2.58086e+05	9.00593e-02
2.70006e+05	8.64167e-02
2.82475e+05	8.29201e-02
2.95521e+05	7.95638e-02
3.09169e+05	7.63422e-02
3.23448e+05	7.32499e-02
3.38386e+05	7.02818e-02
3.54013e+05	6.74330e-02
3.70363e+05	6.46988e-02
3.87468e+05	6.20745e-02
4.05362e+05	5.95558e-02
4.24083e+05	5.71385e-02
4.43669e+05	5.48186e-02
4.64159e+05	5.25921e-02
4.85595e+05	5.04553e-02
5.08022e+05	4.84047e-02
5.31484e+05	4.64367e-02
5.56030e+05	4.45482e-02
5.81709e+05	4.27360e-02
6.08574e+05	4.09969e-02
6.36680e+05	3.93280e-02
6.66085e+05	3.77266e-02
6.96847e+05	3.61900e-02
7.29030e+05	3.47155e-02
7.62699e+05	3.33006e-02
7.97923e+05	3.19430e-02
8.34773e+05	3.06403e-02
8.73326e+05	2.93904e-02
9.13659e+05	2.81912e-02
9.55855e+05	2.70405e-02
1.00000e+06	2.59365e-02
