# C4H2 cross section
256
1.00000e+01	0.00000e+00
1.04600e+01	1.55000e-01
1.09400e+01	5.05200e-01
1.14500e+01	9.54400e-01
1.19800e+01	1.43100e+00
1.25300e+01	2.03100e+00
1.31100e+01	2.72300e+00
1.37200e+01	3.53600e+00
1.43500e+01	4.43100e+00
1.50100e+01	5.34400e+00
1.57100e+01	6.26800e+00
1.64300e+01	7.19400e+00
1.71900e+01	8.20200e+00
1.79800e+01	9.26000e+00
1.88200e+01	1.03800e+01
1.96800e+01	1.14900e+01
2.05900e+01	1.25800e+01
2.15400e+01	1.36600e+01
2.25400e+01	1.47100e+01
2.35800e+01	1.57300e+01
2.46700e+01	1.67300e+01
2.58100e+01	1.77200e+01
2.70000e+01	1.86800e+01
2.82500e+01	1.96000e+01
2.95500e+01	2.05100e+01
3.09200e+01	2.13800e+01
3.23400e+01	2.22400e+01
3.38400e+01	2.30500e+01
3.54000e+01	2.38200e+01
3.70400e+01	2.45400e+01
3.87500e+01	2.52100e+01
4.05400e+01	2.58300e+01
4.24100e+01	2.64000e+01
4.43700e+01	2.69200e+01
4.64200e+01	2.73800e+01
4.85600e+01	2.78000e+01
5.08000e+01	2.81600e+01
5.31500e+01	2.84800e+01
5.56000e+01	2.87400e+01
5.81700e+01	2.89600e+01
6.08600e+01	2.91300e+01
6.36700e+01	2.92500e+01
6.66100e+01	2.93300e+01
6.96800e+01	2.93700e+01
7.29000e+01	2.93600e+01
7.62700e+01	2.93200e+01
7.97900e+01	2.92400e+01
8.34800e+01	2.91200e+01
8.73300e+01	2.89700e+01
9.13700e+01	2.87800e+01
9.55900e+01	2.85600e+01
1.00000e+02	2.83200e+01
1.04600e+02	2.80400e+01
1.09400e+02	2.77500e+01
1.14500e+02	2.74200e+01
1.19800e+02	2.70800e+01
1.25300e+02	2.67200e+01
1.31100e+02	2.63400e+01
1.37200e+02	2.59400e+01
1.43500e+02	2.55200e+01
1.50100e+02	2.51000e+01
1.57100e+02	2.46600e+01
1.64300e+02	2.42100e+01
1.71900e+02	2.37500e+01
1.79800e+02	2.32800e+01
1.88200e+02	2.28100e+01
1.96800e+02	2.23300e+01
2.05900e+02	2.18500e+01
2.15400e+02	2.13700e+01
2.25400e+02	2.08800e+01
2.35800e+02	2.04000e+01
2.46700e+02	1.99100e+01
2.58100e+02	1.94300e+01
2.70000e+02	1.89400e+01
2.82500e+02	1.84600e+01
2.95500e+02	1.79900e+01
3.09200e+02	1.75200e+01
3.23400e+02	1.70500e+01
3.38400e+02	1.65900e+01
3.54000e+02	1.61300e+01
3.70400e+02	1.56800e+01
3.87500e+02	1.52400e+01
4.05400e+02	1.48000e+01
4.24100e+02	1.43800e+01
4.43700e+02	1.39500e+01
4.64200e+02	1.35400e+01
4.85600e+02	1.31400e+01
5.08000e+02	1.27400e+01
5.31500e+02	1.23500e+01
5.56000e+02	1.19700e+01
5.81700e+02	1.16000e+01
6.08600e+02	1.12300e+01
6.36700e+02	1.08800e+01
6.66100e+02	1.05300e+01
6.96800e+02	1.01900e+01
7.29000e+02	9.86000e+00
7.62700e+02	9.53800e+00
7.97900e+02	9.22500e+00
8.34800e+02	8.92000e+00
8.73300e+02	8.62300e+00
9.13700e+02	8.33500e+00
9.55900e+02	8.05400e+00
1.00000e+03	7.78200e+00
1.04600e+03	7.51700e+00
1.09400e+03	7.26000e+00
1.14500e+03	7.01000e+00
1.19800e+03	6.76800e+00
1.25300e+03	6.53300e+00
1.31100e+03	6.30600e+00
1.37200e+03	6.08500e+00
1.43500e+03	5.87100e+00
1.50100e+03	5.66400e+00
1.57100e+03	5.46400e+00
1.64300e+03	5.26900e+00
1.71900e+03	5.08100e+00
1.79800e+03	4.90000e+00
1.88200e+03	4.72400e+00
1.96800e+03	4.55300e+00
2.05900e+03	4.38900e+00
2.15400e+03	4.23000e+00
2.25400e+03	4.07600e+00
2.35800e+03	3.92700e+00
2.46700e+03	3.78400e+00
2.58100e+03	3.64500e+00
2.70000e+03	3.51100e+00
2.82500e+03	3.38200e+00
2.95500e+03	3.25700e+00
3.09200e+03	3.13600e+00
3.23400e+03	3.02000e+00
3.38400e+03	2.90800e+00
3.54000e+03	2.79900e+00
3.70400e+03	2.69500e+00
3.87500e+03	2.59400e+00
4.05400e+03	2.49700e+00
4.24100e+03	2.40300e+00
4.43700e+03	2.31200e+00
4.64200e+03	2.22500e+00
4.85600e+03	2.14100e+00
5.08000e+03	2.06000e+00
5.31500e+03	1.98200e+00
5.56000e+03	1.90700e+00
5.81700e+03	1.83400e+00
6.08600e+03	1.76400e+00
6.36700e+03	1.69700e+00
6.66100e+03	1.63200e+00
6.96800e+03	1.57000e+00
7.29000e+03	1.51000e+00
7.62700e+03	1.45200e+00
7.97900e+03	1.39600e+00
8.34800e+03	1.34300e+00
8.73300e+03	1.29100e+00
9.13700e+03	1.24100e+00
9.55900e+03	1.19300e+00
1.00000e+04	1.14700e+00
1.04600e+04	1.10300e+00
1.09400e+04	1.06000e+00
1.14500e+04	1.01900e+00
1.19800e+04	9.79500e-01
1.25300e+04	9.41400e-01
1.31100e+04	9.04800e-01
1.37200e+04	8.69600e-01
1.43500e+04	8.35700e-01
1.50100e+04	8.03100e-01
1.57100e+04	7.71800e-01
1.64300e+04	7.41700e-01
1.71900e+04	7.12700e-01
1.79800e+04	6.84800e-01
1.88200e+04	6.58000e-01
1.96800e+04	6.32200e-01
2.05900e+04	6.07400e-01
2.15400e+04	5.83500e-01
2.25400e+04	5.60600e-01
2.35800e+04	5.38500e-01
2.46700e+04	5.17400e-01
2.58100e+04	4.97000e-01
2.70000e+04	4.77400e-01
2.82500e+04	4.58600e-01
2.95500e+04	4.40500e-01
3.09200e+04	4.23100e-01
3.23400e+04	4.06400e-01
3.38400e+04	3.90300e-01
3.54000e+04	3.74800e-01
3.70400e+04	3.60000e-01
3.87500e+04	3.45700e-01
4.05400e+04	3.32000e-01
4.24100e+04	3.18900e-01
4.43700e+04	3.06200e-01
4.64200e+04	2.94000e-01
4.85600e+04	2.82400e-01
5.08000e+04	2.71100e-01
5.31500e+04	2.60300e-01
5.56000e+04	2.50000e-01
5.81700e+04	2.40000e-01
6.08600e+04	2.30400e-01
6.36700e+04	2.21300e-01
6.66100e+04	2.12400e-01
6.96800e+04	2.04000e-01
7.29000e+04	1.95800e-01
7.62700e+04	1.88000e-01
7.97900e+04	1.80500e-01
8.34800e+04	1.73200e-01
8.73300e+04	1.66300e-01
9.13700e+04	1.59700e-01
9.55900e+04	1.53300e-01
1.00000e+05	1.47100e-01
1.04600e+05	1.41200e-01
1.09400e+05	1.35600e-01
1.14500e+05	1.30100e-01
1.19800e+05	1.24900e-01
1.25300e+05	1.19900e-01
1.31100e+05	1.15100e-01
1.37200e+05	1.10400e-01
1.43500e+05	1.06000e-01
1.50100e+05	1.01700e-01
1.57100e+05	9.76300e-02
1.64300e+05	9.37000e-02
1.71900e+05	8.99200e-02
1.79800e+05	8.63000e-02
1.88200e+05	8.28200e-02
1.96800e+05	7.94800e-02
2.05900e+05	7.62700e-02
2.15400e+05	7.31900e-02
2.25400e+05	7.02400e-02
2.35800e+05	6.74000e-02
2.46700e+05	6.46700e-02
2.58100e+05	6.20600e-02
2.70000e+05	5.95500e-02
2.82500e+05	5.71400e-02
2.95500e+05	5.48300e-02
3.09200e+05	5.26100e-02
3.23400e+05	5.04800e-02
3.38400e+05	4.84300e-02
3.54000e+05	4.64700e-02
3.70400e+05	4.45800e-02
3.87500e+05	4.27800e-02
4.05400e+05	4.10400e-02
4.24100e+05	3.93700e-02
4.43700e+05	3.77800e-02
4.64200e+05	3.62400e-02
4.85600e+05	3.47700e-02
5.08000e+05	3.33600e-02
5.31500e+05	3.20000e-02
5.56000e+05	3.07000e-02
5.81700e+05	2.94500e-02
6.08600e+05	2.82500e-02
6.36700e+05	2.71000e-02
6.66100e+05	2.60000e-02
6.96800e+05	2.49400e-02
7.29000e+05	2.39200e-02
7.62700e+05	2.29500e-02
7.97900e+05	2.20100e-02
8.34800e+05	2.11200e-02
8.73300e+05	2.02500e-02
9.13700e+05	1.94300e-02
9.55900e+05	1.86300e-02
1.00000e+06	1.78700e-02
