# C5H cross section
256
1.00000e+01	3.05600e-01
1.04600e+01	4.52500e-01
1.09400e+01	6.36000e-01
1.14500e+01	8.91100e-01
1.19800e+01	1.47400e+00
1.25300e+01	2.21600e+00
1.31100e+01	2.99700e+00
1.37200e+01	3.81700e+00
1.43500e+01	4.87900e+00
1.50100e+01	6.03000e+00
1.57100e+01	7.20400e+00
1.64300e+01	8.39000e+00
1.71900e+01	9.57900e+00
1.79800e+01	1.07600e+01
1.88200e+01	1.19700e+01
1.96800e+01	1.32100e+01
2.05900e+01	1.44300e+01
2.15400e+01	1.56900e+01
2.25400e+01	1.69300e+01
2.35800e+01	1.81300e+01
2.46700e+01	1.92900e+01
2.58100e+01	2.04300e+01
2.70000e+01	2.15400e+01
2.82500e+01	2.26200e+01
2.95500e+01	2.36500e+01
3.09200e+01	2.46600e+01
3.23400e+01	2.56500e+01
3.38400e+01	2.65900e+01
3.54000e+01	2.74800e+01
3.70400e+01	2.83200e+01
3.87500e+01	2.91000e+01
4.05400e+01	2.98200e+01
4.24100e+01	3.04800e+01
4.43700e+01	3.10800e+01
4.64200e+01	3.16200e+01
4.85600e+01	3.21100e+01
5.08000e+01	3.25400e+01
5.31500e+01	3.29000e+01
5.56000e+01	3.32200e+01
5.81700e+01	3.34700e+01
6.08600e+01	3.36800e+01
6.36700e+01	3.38300e+01
6.66100e+01	3.39200e+01
6.96800e+01	3.39700e+01
7.29000e+01	3.39700e+01
7.62700e+01	3.39300e+01
7.97900e+01	3.38400e+01
8.34800e+01	3.37100e+01
8.73300e+01	3.35400e+01
9.13700e+01	3.33300e+01
9.55900e+01	3.30800e+01
1.00000e+02	3.28100e+01
1.04600e+02	3.25000e+01
1.09400e+02	3.21600e+01
1.14500e+02	3.17900e+01
1.19800e+02	3.14000e+01
1.25300e+02	3.09800e+01
1.31100e+02	3.05400e+01
1.37200e+02	3.00800e+01
1.43500e+02	2.96100e+01
1.50100e+02	2.91200e+01
1.57100e+02	2.86100e+01
1.64300e+02	2.81000e+01
1.71900e+02	2.75700e+01
1.79800e+02	2.70300e+01
1.88200e+02	2.64900e+01
1.96800e+02	2.59400e+01
2.05900e+02	2.53800e+01
2.15400e+02	2.48200e+01
2.25400e+02	2.42600e+01
2.35800e+02	2.37000e+01
2.46700e+02	2.31400e+01
2.58100e+02	2.25800e+01
2.70000e+02	2.20200e+01
2.82500e+02	2.14700e+01
2.95500e+02	2.09100e+01
3.09200e+02	2.03700e+01
3.23400e+02	1.98300e+01
3.38400e+02	1.92900e+01
3.54000e+02	1.87600e+01
3.70400e+02	1.82400e+01
3.87500e+02	1.77300e+01
4.05400e+02	1.72200e+01
4.24100e+02	1.67300e+01
4.43700e+02	1.62400e+01
4.64200e+02	1.57600e+01
4.85600e+02	1.52900e+01
5.08000e+02	1.48300e+01
5.31500e+02	1.43800e+01
5.56000e+02	1.39300e+01
5.81700e+02	1.35000e+01
6.08600e+02	1.30800e+01
6.36700e+02	1.26600e+01
6.66100e+02	1.22600e+01
6.96800e+02	1.18700e+01
7.29000e+02	1.14800e+01
7.62700e+02	1.11100e+01
7.97900e+02	1.07500e+01
8.34800e+02	1.03900e+01
8.73300e+02	1.00500e+01
9.13700e+02	9.71100e+00
9.55900e+02	9.38500e+00
1.00000e+03	9.06800e+00
1.04600e+03	8.76000e+00
1.09400e+03	8.46100e+00
1.14500e+03	8.17100e+00
1.19800e+03	7.88900e+00
1.25300e+03	7.61600e+00
1.31100e+03	7.35100e+00
1.37200e+03	7.09400e+00
1.43500e+03	6.84500e+00
1.50100e+03	6.60400e+00
1.57100e+03	6.37000e+00
1.64300e+03	6.14400e+00
1.71900e+03	5.92500e+00
1.79800e+03	5.71300e+00
1.88200e+03	5.50800e+00
1.96800e+03	5.31000e+00
2.05900e+03	5.11800e+00
2.15400e+03	4.93300e+00
2.25400e+03	4.75400e+00
2.35800e+03	4.58000e+00
2.46700e+03	4.41300e+00
2.58100e+03	4.25200e+00
2.70000e+03	4.09500e+00
2.82500e+03	3.94500e+00
2.95500e+03	3.79900e+00
3.09200e+03	3.65800e+00
3.23400e+03	3.52300e+00
3.38400e+03	3.39200e+00
3.54000e+03	3.26600e+00
3.70400e+03	3.14400e+00
3.87500e+03	3.02600e+00
4.05400e+03	2.91300e+00
4.24100e+03	2.80300e+00
4.43700e+03	2.69800e+00
4.64200e+03	2.59600e+00
4.85600e+03	2.49800e+00
5.08000e+03	2.40400e+00
5.31500e+03	2.31300e+00
5.56000e+03	2.22500e+00
5.81700e+03	2.14000e+00
6.08600e+03	2.05900e+00
6.36700e+03	1.98100e+00
6.66100e+03	1.90500e+00
6.96800e+03	1.83200e+00
7.29000e+03	1.76200e+00
7.62700e+03	1.69400e+00
7.97900e+03	1.62900e+00
8.34800e+03	1.56700e+00
8.73300e+03	1.50700e+00
9.13700e+03	1.44800e+00
9.55900e+03	1.39300e+00
1.00000e+04	1.33900e+00
1.04600e+04	1.28700e+00
1.09400e+04	1.23700e+00
1.14500e+04	1.18900e+00
1.19800e+04	1.14300e+00
1.25300e+04	1.09900e+00
1.31100e+04	1.05600e+00
1.37200e+04	1.01500e+00
1.43500e+04	9.75500e-01
1.50100e+04	9.37500e-01
1.57100e+04	9.00900e-01
1.64300e+04	8.65700e-01
1.71900e+04	8.31900e-01
1.79800e+04	7.99300e-01
1.88200e+04	7.68000e-01
1.96800e+04	7.37900e-01
2.05900e+04	7.09000e-01
2.15400e+04	6.81200e-01
2.25400e+04	6.54400e-01
2.35800e+04	6.28700e-01
2.46700e+04	6.03900e-01
2.58100e+04	5.80200e-01
2.70000e+04	5.57300e-01
2.82500e+04	5.35300e-01
2.95500e+04	5.14200e-01
3.09200e+04	4.93900e-01
3.23400e+04	4.74400e-01
3.38400e+04	4.55600e-01
3.54000e+04	4.37600e-01
3.70400e+04	4.20300e-01
3.87500e+04	4.03600e-01
4.05400e+04	3.87600e-01
4.24100e+04	3.72200e-01
4.43700e+04	3.57500e-01
4.64200e+04	3.43300e-01
4.85600e+04	3.29600e-01
5.08000e+04	3.16500e-01
5.31500e+04	3.03900e-01
5.56000e+04	2.91800e-01
5.81700e+04	2.80200e-01
6.08600e+04	2.69000e-01
6.36700e+04	2.58300e-01
6.66100e+04	2.48000e-01
6.96800e+04	2.38100e-01
7.29000e+04	2.28600e-01
7.62700e+04	2.19500e-01
7.97900e+04	2.10700e-01
8.34800e+04	2.02300e-01
8.73300e+04	1.94200e-01
9.13700e+04	1.86400e-01
9.55900e+04	1.78900e-01
1.00000e+05	1.71800e-01
1.04600e+05	1.64900e-01
1.09400e+05	1.58300e-01
1.14500e+05	1.51900e-01
1.19800e+05	1.45800e-01
1.25300e+05	1.40000e-01
1.31100e+05	1.34300e-01
1.37200e+05	1.28900e-01
1.43500e+05	1.23700e-01
1.50100e+05	1.18800e-01
1.57100e+05	1.14000e-01
1.64300e+05	1.09400e-01
1.71900e+05	1.05000e-01
1.79800e+05	1.00800e-01
1.88200e+05	9.66900e-02
1.96800e+05	9.27900e-02
2.05900e+05	8.90500e-02
2.15400e+05	8.54600e-02
2.25400e+05	8.20000e-02
2.35800e+05	7.86900e-02
2.46700e+05	7.55100e-02
2.58100e+05	7.24600e-02
2.70000e+05	6.95300e-02
2.82500e+05	6.67200e-02
2.95500e+05	6.40200e-02
3.09200e+05	6.14200e-02
3.23400e+05	5.89400e-02
3.38400e+05	5.65500e-02
3.54000e+05	5.42600e-02
3.70400e+05	5.20600e-02
3.87500e+05	4.99500e-02
4.05400e+05	4.79200e-02
4.24100e+05	4.59700e-02
4.43700e+05	4.41100e-02
4.64200e+05	4.23200e-02
4.85600e+05	4.06000e-02
5.08000e+05	3.89500e-02
5.31500e+05	3.73600e-02
5.56000e+05	3.58400e-02
5.81700e+05	3.43900e-02
6.08600e+05	3.29900e-02
6.36700e+05	3.16400e-02
6.66100e+05	3.03600e-02
6.96800e+05	2.91200e-02
7.29000e+05	2.79300e-02
7.62700e+05	2.68000e-02
7.97900e+05	2.57000e-02
8.34800e+05	2.46500e-02
8.73300e+05	2.36500e-02
9.13700e+05	2.26800e-02
9.55900e+05	2.17600e-02
1.00000e+06	2.08700e-02
