# C5H10 cross section
256
1.00000e+01	1.29379e-01
1.04618e+01	3.84646e-01
1.09450e+01	6.58779e-01
1.14505e+01	9.47365e-01
1.19793e+01	1.36937e+00
1.25325e+01	2.12736e+00
1.31113e+01	2.98375e+00
1.37169e+01	4.01871e+00
1.43504e+01	5.34864e+00
1.50131e+01	6.75297e+00
1.57065e+01	8.30900e+00
1.64318e+01	1.00708e+01
1.71907e+01	1.19299e+01
1.79846e+01	1.38061e+01
1.88152e+01	1.57677e+01
1.96842e+01	1.77279e+01
2.05933e+01	1.96693e+01
2.15444e+01	2.15801e+01
2.25393e+01	2.34503e+01
2.35803e+01	2.53329e+01
2.46693e+01	2.71635e+01
2.58086e+01	2.89621e+01
2.70006e+01	3.07191e+01
2.82475e+01	3.24232e+01
2.95521e+01	3.40821e+01
3.09169e+01	3.56981e+01
3.23448e+01	3.72437e+01
3.38385e+01	3.87085e+01
3.54013e+01	4.00890e+01
3.70363e+01	4.13825e+01
3.87467e+01	4.25869e+01
4.05362e+01	4.37008e+01
4.24083e+01	4.47234e+01
4.43669e+01	4.56544e+01
4.64159e+01	4.64940e+01
4.85595e+01	4.72427e+01
5.08022e+01	4.79015e+01
5.31484e+01	4.84716e+01
5.56030e+01	4.89547e+01
5.81709e+01	4.93527e+01
6.08575e+01	4.96676e+01
6.36681e+01	4.99018e+01
6.66085e+01	5.00578e+01
6.96847e+01	5.01382e+01
7.29030e+01	5.01459e+01
7.62699e+01	5.00838e+01
7.97923e+01	4.99548e+01
8.34773e+01	4.97622e+01
8.73326e+01	4.95091e+01
9.13659e+01	4.91986e+01
9.55855e+01	4.88340e+01
1.00000e+02	4.84186e+01
1.04618e+02	4.79556e+01
1.09450e+02	4.74482e+01
1.14505e+02	4.68995e+01
1.19793e+02	4.63127e+01
1.25325e+02	4.56910e+01
1.31113e+02	4.50373e+01
1.37169e+02	4.43545e+01
1.43504e+02	4.36456e+01
1.50131e+02	4.29134e+01
1.57065e+02	4.21604e+01
1.64318e+02	4.13895e+01
1.71907e+02	4.06029e+01
1.79846e+02	3.98032e+01
1.88152e+02	3.89925e+01
1.96842e+02	3.81732e+01
2.05933e+02	3.73472e+01
2.15444e+02	3.65165e+01
2.25393e+02	3.56830e+01
2.35803e+02	3.48484e+01
2.46693e+02	3.40143e+01
2.58086e+02	3.31823e+01
2.70005e+02	3.23537e+01
2.82475e+02	3.15299e+01
2.95521e+02	3.07121e+01
3.09169e+02	2.99019e+01
3.23448e+02	2.91011e+01
3.38385e+02	2.83095e+01
3.54013e+02	2.75280e+01
3.70363e+02	2.67571e+01
3.87467e+02	2.59978e+01
4.05362e+02	2.52504e+01
4.24083e+02	2.45155e+01
4.43669e+02	2.37937e+01
4.64159e+02	2.30852e+01
4.85595e+02	2.23904e+01
5.08022e+02	2.17096e+01
5.31484e+02	2.10430e+01
5.56030e+02	2.03908e+01
5.81709e+02	1.97532e+01
6.08574e+02	1.91301e+01
6.36681e+02	1.85218e+01
6.66085e+02	1.79281e+01
6.96847e+02	1.73491e+01
7.29029e+02	1.67847e+01
7.62699e+02	1.62349e+01
7.97923e+02	1.56995e+01
8.34773e+02	1.51785e+01
8.73326e+02	1.46717e+01
9.13659e+02	1.41788e+01
9.55855e+02	1.36998e+01
1.00000e+03	1.32345e+01
1.04618e+03	1.27826e+01
1.09450e+03	1.23439e+01
1.14505e+03	1.19182e+01
1.19793e+03	1.15053e+01
1.25325e+03	1.11049e+01
1.31113e+03	1.07167e+01
1.37169e+03	1.03405e+01
1.43504e+03	9.97604e+00
1.50131e+03	9.62307e+00
1.57065e+03	9.28129e+00
1.64318e+03	8.95046e+00
1.71907e+03	8.63030e+00
1.79846e+03	8.32054e+00
1.88152e+03	8.02092e+00
1.96842e+03	7.73118e+00
2.05933e+03	7.45105e+00
2.15443e+03	7.18027e+00
2.25393e+03	6.91858e+00
2.35803e+03	6.66573e+00
2.46693e+03	6.42147e+00
2.58086e+03	6.18555e+00
2.70005e+03	5.95773e+00
2.82475e+03	5.73776e+00
2.95521e+03	5.52541e+00
3.09169e+03	5.32045e+00
3.23448e+03	5.12266e+00
3.38386e+03	4.93181e+00
3.54013e+03	4.74768e+00
3.70363e+03	4.57007e+00
3.87468e+03	4.39877e+00
4.05362e+03	4.23357e+00
4.24083e+03	4.07428e+00
4.43669e+03	3.92071e+00
4.64159e+03	3.77267e+00
4.85595e+03	3.62997e+00
5.08022e+03	3.49245e+00
5.31484e+03	3.35992e+00
5.56030e+03	3.23222e+00
5.81709e+03	3.10918e+00
6.08574e+03	2.99065e+00
6.36681e+03	2.87648e+00
6.66085e+03	2.76651e+00
6.96847e+03	2.66059e+00
7.29030e+03	2.55860e+00
7.62699e+03	2.46039e+00
7.97923e+03	2.36582e+00
8.34773e+03	2.27478e+00
8.73326e+03	2.18714e+00
9.13659e+03	2.10277e+00
9.55855e+03	2.02156e+00
1.00000e+04	1.94340e+00
1.04618e+04	1.86818e+00
1.09450e+04	1.79580e+00
1.14505e+04	1.72614e+00
1.19793e+04	1.65912e+00
1.25325e+04	1.59463e+00
1.31113e+04	1.53259e+00
1.37169e+04	1.47291e+00
1.43504e+04	1.41549e+00
1.50131e+04	1.36027e+00
1.57065e+04	1.30715e+00
1.64318e+04	1.25606e+00
1.71907e+04	1.20692e+00
1.79847e+04	1.15967e+00
1.88152e+04	1.11422e+00
1.96842e+04	1.07053e+00
2.05933e+04	1.02851e+00
2.15443e+04	9.88109e-01
2.25393e+04	9.49266e-01
2.35803e+04	9.11921e-01
2.46693e+04	8.76019e-01
2.58086e+04	8.41506e-01
2.70005e+04	8.08328e-01
2.82475e+04	7.76436e-01
2.95521e+04	7.45780e-01
3.09169e+04	7.16316e-01
3.23448e+04	6.87996e-01
3.38386e+04	6.60778e-01
3.54013e+04	6.34620e-01
3.70363e+04	6.09481e-01
3.87468e+04	5.85323e-01
4.05362e+04	5.62108e-01
4.24083e+04	5.39801e-01
4.43669e+04	5.18366e-01
4.64159e+04	4.97769e-01
4.85595e+04	4.77980e-01
5.08022e+04	4.58967e-01
5.31484e+04	4.40700e-01
5.56030e+04	4.23149e-01
5.81709e+04	4.06289e-01
6.08574e+04	3.90092e-01
6.36681e+04	3.74532e-01
6.66085e+04	3.59585e-01
6.96847e+04	3.45227e-01
7.29029e+04	3.31435e-01
7.62699e+04	3.18188e-01
7.97923e+04	3.05463e-01
8.34773e+04	2.93242e-01
8.73326e+04	2.81504e-01
9.13659e+04	2.70230e-01
9.55855e+04	2.59403e-01
1.00000e+05	2.49005e-01
1.04618e+05	2.39018e-01
1.09450e+05	2.29428e-01
1.14505e+05	2.20219e-01
1.19793e+05	2.11375e-01
1.25325e+05	2.02883e-01
1.31113e+05	1.94728e-01
1.37169e+05	1.86898e-01
1.43504e+05	1.79380e-01
1.50131e+05	1.72160e-01
1.57065e+05	1.65229e-01
1.64318e+05	1.58574e-01
1.71907e+05	1.52184e-01
1.79846e+05	1.46049e-01
1.88152e+05	1.40160e-01
1.96842e+05	1.34505e-01
2.05933e+05	1.29077e-01
2.15444e+05	1.23865e-01
2.25393e+05	1.18862e-01
2.35803e+05	1.14060e-01
2.46693e+05	1.09449e-01
2.58086e+05	1.05024e-01
2.70006e+05	1.00776e-01
2.82475e+05	9.66976e-02
2.95521e+05	9.27834e-02
3.09169e+05	8.90262e-02
3.23448e+05	8.54199e-02
3.38386e+05	8.19584e-02
3.54013e+05	7.86361e-02
3.70363e+05	7.54473e-02
3.87468e+05	7.23869e-02
4.05362e+05	6.94495e-02
4.24083e+05	6.66304e-02
4.43669e+05	6.39249e-02
4.64159e+05	6.13283e-02
4.85595e+05	5.88364e-02
5.08022e+05	5.64450e-02
5.31484e+05	5.41500e-02
5.56030e+05	5.19477e-02
5.81709e+05	4.98342e-02
6.08574e+05	4.78062e-02
6.36680e+05	4.58600e-02
6.66085e+05	4.39925e-02
6.96847e+05	4.22005e-02
7.29030e+05	4.04810e-02
7.62699e+05	3.88310e-02
7.97923e+05	3.72478e-02
8.34773e+05	3.57287e-02
8.73326e+05	3.42712e-02
9.13659e+05	3.28727e-02
9.55855e+05	3.15309e-02
1.00000e+06	3.02434e-02
