# C5H11 cross section
256
1.00000e+01	6.14479e-01
1.04618e+01	7.86492e-01
1.09450e+01	9.62449e-01
1.14505e+01	1.14772e+00
1.19793e+01	1.59877e+00
1.25325e+01	2.31328e+00
1.31113e+01	3.26661e+00
1.37169e+01	4.37800e+00
1.43504e+01	5.61434e+00
1.50131e+01	7.14888e+00
1.57065e+01	8.84961e+00
1.64318e+01	1.06852e+01
1.71907e+01	1.26411e+01
1.79846e+01	1.46155e+01
1.88152e+01	1.65915e+01
1.96842e+01	1.85801e+01
2.05933e+01	2.05614e+01
2.15444e+01	2.25117e+01
2.25393e+01	2.44838e+01
2.35803e+01	2.64398e+01
2.46693e+01	2.83503e+01
2.58086e+01	3.02349e+01
2.70006e+01	3.20643e+01
2.82475e+01	3.38449e+01
2.95521e+01	3.55739e+01
3.09169e+01	3.72618e+01
3.23448e+01	3.88715e+01
3.38385e+01	4.03968e+01
3.54013e+01	4.18341e+01
3.70363e+01	4.31805e+01
3.87467e+01	4.44340e+01
4.05362e+01	4.55930e+01
4.24083e+01	4.66568e+01
4.43669e+01	4.76249e+01
4.64159e+01	4.84977e+01
4.85595e+01	4.92757e+01
5.08022e+01	4.99599e+01
5.31484e+01	5.05517e+01
5.56030e+01	5.10527e+01
5.81709e+01	5.14649e+01
6.08575e+01	5.17905e+01
6.36681e+01	5.20319e+01
6.66085e+01	5.21918e+01
6.96847e+01	5.22729e+01
7.29030e+01	5.22782e+01
7.62699e+01	5.22107e+01
7.97923e+01	5.20737e+01
8.34773e+01	5.18703e+01
8.73326e+01	5.16038e+01
9.13659e+01	5.12777e+01
9.55855e+01	5.08952e+01
1.00000e+02	5.04597e+01
1.04618e+02	4.99747e+01
1.09450e+02	4.94435e+01
1.14505e+02	4.88694e+01
1.19793e+02	4.82557e+01
1.25325e+02	4.76055e+01
1.31113e+02	4.69222e+01
1.37169e+02	4.62087e+01
1.43504e+02	4.54680e+01
1.50131e+02	4.47031e+01
1.57065e+02	4.39168e+01
1.64318e+02	4.31117e+01
1.71907e+02	4.22905e+01
1.79846e+02	4.14556e+01
1.88152e+02	4.06096e+01
1.96842e+02	3.97545e+01
2.05933e+02	3.88926e+01
2.15444e+02	3.80260e+01
2.25393e+02	3.71564e+01
2.35803e+02	3.62859e+01
2.46693e+02	3.54159e+01
2.58086e+02	3.45482e+01
2.70005e+02	3.36842e+01
2.82475e+02	3.28252e+01
2.95521e+02	3.19726e+01
3.09169e+02	3.11280e+01
3.23448e+02	3.02932e+01
3.38385e+02	2.94681e+01
3.54013e+02	2.86534e+01
3.70363e+02	2.78501e+01
3.87467e+02	2.70587e+01
4.05362e+02	2.62799e+01
4.24083e+02	2.55141e+01
4.43669e+02	2.47620e+01
4.64159e+02	2.40238e+01
4.85595e+02	2.33000e+01
5.08022e+02	2.25908e+01
5.31484e+02	2.18964e+01
5.56030e+02	2.12171e+01
5.81709e+02	2.05529e+01
6.08574e+02	1.99040e+01
6.36681e+02	1.92705e+01
6.66085e+02	1.86522e+01
6.96847e+02	1.80493e+01
7.29029e+02	1.74616e+01
7.62699e+02	1.68892e+01
7.97923e+02	1.63318e+01
8.34773e+02	1.57893e+01
8.73326e+02	1.52617e+01
9.13659e+02	1.47486e+01
9.55855e+02	1.42500e+01
1.00000e+03	1.37656e+01
1.04618e+03	1.32953e+01
1.09450e+03	1.28387e+01
1.14505e+03	1.23956e+01
1.19793e+03	1.19659e+01
1.25325e+03	1.15491e+01
1.31113e+03	1.11452e+01
1.37169e+03	1.07537e+01
1.43504e+03	1.03745e+01
1.50131e+03	1.00072e+01
1.57065e+03	9.65156e+00
1.64318e+03	9.30734e+00
1.71907e+03	8.97423e+00
1.79846e+03	8.65196e+00
1.88152e+03	8.34025e+00
1.96842e+03	8.03882e+00
2.05933e+03	7.74740e+00
2.15443e+03	7.46572e+00
2.25393e+03	7.19350e+00
2.35803e+03	6.93049e+00
2.46693e+03	6.67641e+00
2.58086e+03	6.43102e+00
2.70005e+03	6.19405e+00
2.82475e+03	5.96526e+00
2.95521e+03	5.74440e+00
3.09169e+03	5.53124e+00
3.23448e+03	5.32553e+00
3.38386e+03	5.12705e+00
3.54013e+03	4.93556e+00
3.70363e+03	4.75086e+00
3.87468e+03	4.57272e+00
4.05362e+03	4.40093e+00
4.24083e+03	4.23529e+00
4.43669e+03	4.07560e+00
4.64159e+03	3.92166e+00
4.85595e+03	3.77328e+00
5.08022e+03	3.63028e+00
5.31484e+03	3.49248e+00
5.56030e+03	3.35971e+00
5.81709e+03	3.23178e+00
6.08574e+03	3.10855e+00
6.36681e+03	2.98984e+00
6.66085e+03	2.87550e+00
6.96847e+03	2.76539e+00
7.29030e+03	2.65935e+00
7.62699e+03	2.55725e+00
7.97923e+03	2.45894e+00
8.34773e+03	2.36429e+00
8.73326e+03	2.27318e+00
9.13659e+03	2.18547e+00
9.55855e+03	2.10105e+00
1.00000e+04	2.01980e+00
1.04618e+04	1.94161e+00
1.09450e+04	1.86636e+00
1.14505e+04	1.79396e+00
1.19793e+04	1.72429e+00
1.25325e+04	1.65726e+00
1.31113e+04	1.59277e+00
1.37169e+04	1.53073e+00
1.43504e+04	1.47105e+00
1.50131e+04	1.41365e+00
1.57065e+04	1.35843e+00
1.64318e+04	1.30533e+00
1.71907e+04	1.25426e+00
1.79847e+04	1.20514e+00
1.88152e+04	1.15791e+00
1.96842e+04	1.11249e+00
2.05933e+04	1.06882e+00
2.15443e+04	1.02683e+00
2.25393e+04	9.86459e-01
2.35803e+04	9.47646e-01
2.46693e+04	9.10332e-01
2.58086e+04	8.74462e-01
2.70005e+04	8.39980e-01
2.82475e+04	8.06834e-01
2.95521e+04	7.74975e-01
3.09169e+04	7.44353e-01
3.23448e+04	7.14921e-01
3.38386e+04	6.86634e-01
3.54013e+04	6.59449e-01
3.70363e+04	6.33324e-01
3.87468e+04	6.08218e-01
4.05362e+04	5.84092e-01
4.24083e+04	5.60909e-01
4.43669e+04	5.38633e-01
4.64159e+04	5.17230e-01
4.85595e+04	4.96665e-01
5.08022e+04	4.76906e-01
5.31484e+04	4.57922e-01
5.56030e+04	4.39685e-01
5.81709e+04	4.22164e-01
6.08574e+04	4.05332e-01
6.36681e+04	3.89162e-01
6.66085e+04	3.73630e-01
6.96847e+04	3.58710e-01
7.29029e+04	3.44378e-01
7.62699e+04	3.30612e-01
7.97923e+04	3.17390e-01
8.34773e+04	3.04690e-01
8.73326e+04	2.92492e-01
9.13659e+04	2.80778e-01
9.55855e+04	2.69527e-01
1.00000e+05	2.58721e-01
1.04618e+05	2.48345e-01
1.09450e+05	2.38380e-01
1.14505e+05	2.28810e-01
1.19793e+05	2.19621e-01
1.25325e+05	2.10796e-01
1.31113e+05	2.02323e-01
1.37169e+05	1.94187e-01
1.43504e+05	1.86374e-01
1.50131e+05	1.78873e-01
1.57065e+05	1.71671e-01
1.64318e+05	1.64756e-01
1.71907e+05	1.58116e-01
1.79846e+05	1.51742e-01
1.88152e+05	1.45622e-01
1.96842e+05	1.39747e-01
2.05933e+05	1.34106e-01
2.15444e+05	1.28692e-01
2.25393e+05	1.23494e-01
2.35803e+05	1.18503e-01
2.46693e+05	1.13713e-01
2.58086e+05	1.09115e-01
2.70006e+05	1.04701e-01
2.82475e+05	1.00464e-01
2.95521e+05	9.63967e-02
3.09169e+05	9.24929e-02
3.23448e+05	8.87459e-02
3.38386e+05	8.51494e-02
3.54013e+05	8.16975e-02
3.70363e+05	7.83844e-02
3.87468e+05	7.52046e-02
4.05362e+05	7.21527e-02
4.24083e+05	6.92237e-02
4.43669e+05	6.64127e-02
4.64159e+05	6.37149e-02
4.85595e+05	6.11259e-02
5.08022e+05	5.86413e-02
5.31484e+05	5.62569e-02
5.56030e+05	5.39687e-02
5.81709e+05	5.17729e-02
6.08574e+05	4.96658e-02
6.36680e+05	4.76438e-02
6.66085e+05	4.57036e-02
6.96847e+05	4.38417e-02
7.29030e+05	4.20552e-02
7.62699e+05	4.03410e-02
7.97923e+05	3.86962e-02
8.34773e+05	3.71179e-02
8.73326e+05	3.56036e-02
9.13659e+05	3.41507e-02
9.55855e+05	3.27566e-02
1.00000e+06	3.14191e-02
