# C5H4 cross section
256
1.00000e+01	0.00000e+00
1.04618e+01	0.00000e+00
1.09450e+01	2.78367e-01
1.14505e+01	9.41970e-01
1.19793e+01	1.80815e+00
1.25325e+01	2.72654e+00
1.31113e+01	3.68390e+00
1.37169e+01	4.66864e+00
1.43504e+01	5.67065e+00
1.50131e+01	6.68105e+00
1.57065e+01	7.69210e+00
1.64318e+01	8.81559e+00
1.71907e+01	1.01381e+01
1.79846e+01	1.14754e+01
1.88152e+01	1.29341e+01
1.96842e+01	1.44315e+01
2.05933e+01	1.59203e+01
2.15444e+01	1.73904e+01
2.25393e+01	1.88334e+01
2.35803e+01	2.02417e+01
2.46693e+01	2.16091e+01
2.58086e+01	2.29302e+01
2.70006e+01	2.42235e+01
2.82475e+01	2.54951e+01
2.95521e+01	2.67393e+01
3.09169e+01	2.79468e+01
3.23448e+01	2.91143e+01
3.38385e+01	3.02225e+01
3.54013e+01	3.12685e+01
3.70363e+01	3.22499e+01
3.87467e+01	3.31651e+01
4.05362e+01	3.40128e+01
4.24083e+01	3.47922e+01
4.43669e+01	3.55028e+01
4.64159e+01	3.61447e+01
4.85595e+01	3.67181e+01
5.08022e+01	3.72236e+01
5.31484e+01	3.76622e+01
5.56030e+01	3.80348e+01
5.81709e+01	3.83428e+01
6.08575e+01	3.85878e+01
6.36681e+01	3.87713e+01
6.66085e+01	3.88951e+01
6.96847e+01	3.89614e+01
7.29030e+01	3.89720e+01
7.62699e+01	3.89291e+01
7.97923e+01	3.88351e+01
8.34773e+01	3.86922e+01
8.73326e+01	3.85027e+01
9.13659e+01	3.82691e+01
9.55855e+01	3.79937e+01
1.00000e+02	3.76790e+01
1.04618e+02	3.73275e+01
1.09450e+02	3.69415e+01
1.14505e+02	3.65234e+01
1.19793e+02	3.60756e+01
1.25325e+02	3.56005e+01
1.31113e+02	3.51004e+01
1.37169e+02	3.45775e+01
1.43504e+02	3.40340e+01
1.50131e+02	3.34720e+01
1.57065e+02	3.28936e+01
1.64318e+02	3.23008e+01
1.71907e+02	3.16955e+01
1.79846e+02	3.10796e+01
1.88152e+02	3.04547e+01
1.96842e+02	2.98227e+01
2.05933e+02	2.91851e+01
2.15444e+02	2.85434e+01
2.25393e+02	2.78990e+01
2.35803e+02	2.72534e+01
2.46693e+02	2.66077e+01
2.58086e+02	2.59632e+01
2.70005e+02	2.53210e+01
2.82475e+02	2.46821e+01
2.95521e+02	2.40475e+01
3.09169e+02	2.34184e+01
3.23448e+02	2.27967e+01
3.38385e+02	2.21819e+01
3.54013e+02	2.15745e+01
3.70363e+02	2.09753e+01
3.87467e+02	2.03846e+01
4.05362e+02	1.98030e+01
4.24083e+02	1.92309e+01
4.43669e+02	1.86687e+01
4.64159e+02	1.81167e+01
4.85595e+02	1.75751e+01
5.08022e+02	1.70442e+01
5.31484e+02	1.65241e+01
5.56030e+02	1.60151e+01
5.81709e+02	1.55173e+01
6.08574e+02	1.50307e+01
6.36681e+02	1.45554e+01
6.66085e+02	1.40914e+01
6.96847e+02	1.36387e+01
7.29029e+02	1.31973e+01
7.62699e+02	1.27671e+01
7.97923e+02	1.23482e+01
8.34773e+02	1.19403e+01
8.73326e+02	1.15434e+01
9.13659e+02	1.11573e+01
9.55855e+02	1.07820e+01
1.00000e+03	1.04173e+01
1.04618e+03	1.00630e+01
1.09450e+03	9.71903e+00
1.14505e+03	9.38513e+00
1.19793e+03	9.06115e+00
1.25325e+03	8.74691e+00
1.31113e+03	8.44221e+00
1.37169e+03	8.14686e+00
1.43504e+03	7.86066e+00
1.50131e+03	7.58341e+00
1.57065e+03	7.31490e+00
1.64318e+03	7.05494e+00
1.71907e+03	6.80331e+00
1.79846e+03	6.55981e+00
1.88152e+03	6.32424e+00
1.96842e+03	6.09639e+00
2.05933e+03	5.87606e+00
2.15443e+03	5.66305e+00
2.25393e+03	5.45715e+00
2.35803e+03	5.25818e+00
2.46693e+03	5.06593e+00
2.58086e+03	4.88022e+00
2.70005e+03	4.70085e+00
2.82475e+03	4.52765e+00
2.95521e+03	4.36042e+00
3.09169e+03	4.19899e+00
3.23448e+03	4.04318e+00
3.38386e+03	3.89282e+00
3.54013e+03	3.74774e+00
3.70363e+03	3.60778e+00
3.87468e+03	3.47277e+00
4.05362e+03	3.34255e+00
4.24083e+03	3.21699e+00
4.43669e+03	3.09591e+00
4.64159e+03	2.97918e+00
4.85595e+03	2.86666e+00
5.08022e+03	2.75820e+00
5.31484e+03	2.65367e+00
5.56030e+03	2.55294e+00
5.81709e+03	2.45588e+00
6.08574e+03	2.36237e+00
6.36681e+03	2.27228e+00
6.66085e+03	2.18551e+00
6.96847e+03	2.10193e+00
7.29030e+03	2.02144e+00
7.62699e+03	1.94392e+00
7.97923e+03	1.86928e+00
8.34773e+03	1.79742e+00
8.73326e+03	1.72823e+00
9.13659e+03	1.66162e+00
9.55855e+03	1.59751e+00
1.00000e+04	1.53580e+00
1.04618e+04	1.47640e+00
1.09450e+04	1.41924e+00
1.14505e+04	1.36423e+00
1.19793e+04	1.31130e+00
1.25325e+04	1.26037e+00
1.31113e+04	1.21137e+00
1.37169e+04	1.16423e+00
1.43504e+04	1.11887e+00
1.50131e+04	1.07525e+00
1.57065e+04	1.03328e+00
1.64318e+04	9.92921e-01
1.71907e+04	9.54101e-01
1.79847e+04	9.16765e-01
1.88152e+04	8.80861e-01
1.96842e+04	8.46333e-01
2.05933e+04	8.13132e-01
2.15443e+04	7.81208e-01
2.25393e+04	7.50513e-01
2.35803e+04	7.21001e-01
2.46693e+04	6.92629e-01
2.58086e+04	6.65352e-01
2.70005e+04	6.39131e-01
2.82475e+04	6.13925e-01
2.95521e+04	5.89696e-01
3.09169e+04	5.66407e-01
3.23448e+04	5.44022e-01
3.38386e+04	5.22508e-01
3.54013e+04	5.01831e-01
3.70363e+04	4.81959e-01
3.87468e+04	4.62862e-01
4.05362e+04	4.44511e-01
4.24083e+04	4.26876e-01
4.43669e+04	4.09930e-01
4.64159e+04	3.93647e-01
4.85595e+04	3.78002e-01
5.08022e+04	3.62970e-01
5.31484e+04	3.48528e-01
5.56030e+04	3.34652e-01
5.81709e+04	3.21322e-01
6.08574e+04	3.08515e-01
6.36681e+04	2.96212e-01
6.66085e+04	2.84394e-01
6.96847e+04	2.73041e-01
7.29029e+04	2.62136e-01
7.62699e+04	2.51661e-01
7.97923e+04	2.41599e-01
8.34773e+04	2.31935e-01
8.73326e+04	2.22653e-01
9.13659e+04	2.13738e-01
9.55855e+04	2.05176e-01
1.00000e+05	1.96953e-01
1.04618e+05	1.89056e-01
1.09450e+05	1.81473e-01
1.14505e+05	1.74189e-01
1.19793e+05	1.67196e-01
1.25325e+05	1.60480e-01
1.31113e+05	1.54030e-01
1.37169e+05	1.47838e-01
1.43504e+05	1.41892e-01
1.50131e+05	1.36182e-01
1.57065e+05	1.30700e-01
1.64318e+05	1.25437e-01
1.71907e+05	1.20383e-01
1.79846e+05	1.15531e-01
1.88152e+05	1.10873e-01
1.96842e+05	1.06401e-01
2.05933e+05	1.02107e-01
2.15444e+05	9.79852e-02
2.25393e+05	9.40282e-02
2.35803e+05	9.02295e-02
2.46693e+05	8.65830e-02
2.58086e+05	8.30824e-02
2.70006e+05	7.97222e-02
2.82475e+05	7.64967e-02
2.95521e+05	7.34006e-02
3.09169e+05	7.04287e-02
3.23448e+05	6.75761e-02
3.38386e+05	6.48381e-02
3.54013e+05	6.22101e-02
3.70363e+05	5.96878e-02
3.87468e+05	5.72669e-02
4.05362e+05	5.49434e-02
4.24083e+05	5.27134e-02
4.43669e+05	5.05732e-02
4.64159e+05	4.85192e-02
4.85595e+05	4.65480e-02
5.08022e+05	4.46563e-02
5.31484e+05	4.28408e-02
5.56030e+05	4.10987e-02
5.81709e+05	3.94268e-02
6.08574e+05	3.78224e-02
6.36680e+05	3.62829e-02
6.66085e+05	3.48055e-02
6.96847e+05	3.33879e-02
7.29030e+05	3.20276e-02
7.62699e+05	3.07223e-02
7.97923e+05	2.94699e-02
8.34773e+05	2.82681e-02
8.73326e+05	2.71150e-02
9.13659e+05	2.60087e-02
9.55855e+05	2.49471e-02
1.00000e+06	2.39286e-02
