# C5H6 cross section
256
1.00000e+01	4.70912e-01
1.04618e+01	7.56936e-01
1.09450e+01	1.23337e+00
1.14505e+01	1.76625e+00
1.19793e+01	2.33569e+00
1.25325e+01	3.08987e+00
1.31113e+01	3.90141e+00
1.37169e+01	4.84848e+00
1.43504e+01	5.94311e+00
1.50131e+01	7.11331e+00
1.57065e+01	8.47511e+00
1.64318e+01	9.88772e+00
1.71907e+01	1.13981e+01
1.79846e+01	1.29592e+01
1.88152e+01	1.45809e+01
1.96842e+01	1.61951e+01
2.05933e+01	1.77909e+01
2.15444e+01	1.93591e+01
2.25393e+01	2.09337e+01
2.35803e+01	2.24888e+01
2.46693e+01	2.39994e+01
2.58086e+01	2.54596e+01
2.70006e+01	2.69095e+01
2.82475e+01	2.83139e+01
2.95521e+01	2.96868e+01
3.09169e+01	3.10194e+01
3.23448e+01	3.23029e+01
3.38385e+01	3.35199e+01
3.54013e+01	3.46674e+01
3.70363e+01	3.57428e+01
3.87467e+01	3.67443e+01
4.05362e+01	3.76707e+01
4.24083e+01	3.85211e+01
4.43669e+01	3.92952e+01
4.64159e+01	3.99930e+01
4.85595e+01	4.06149e+01
5.08022e+01	4.11616e+01
5.31484e+01	4.16342e+01
5.56030e+01	4.20338e+01
5.81709e+01	4.23621e+01
6.08575e+01	4.26207e+01
6.36681e+01	4.28116e+01
6.66085e+01	4.29367e+01
6.96847e+01	4.29984e+01
7.29030e+01	4.29988e+01
7.62699e+01	4.29405e+01
7.97923e+01	4.28259e+01
8.34773e+01	4.26576e+01
8.73326e+01	4.24383e+01
9.13659e+01	4.21707e+01
9.55855e+01	4.18573e+01
1.00000e+02	4.15009e+01
1.04618e+02	4.11043e+01
1.09450e+02	4.06701e+01
1.14505e+02	4.02009e+01
1.19793e+02	3.96994e+01
1.25325e+02	3.91683e+01
1.31113e+02	3.86099e+01
1.37169e+02	3.80269e+01
1.43504e+02	3.74217e+01
1.50131e+02	3.67965e+01
1.57065e+02	3.61536e+01
1.64318e+02	3.54954e+01
1.71907e+02	3.48238e+01
1.79846e+02	3.41408e+01
1.88152e+02	3.34485e+01
1.96842e+02	3.27487e+01
2.05933e+02	3.20431e+01
2.15444e+02	3.13334e+01
2.25393e+02	3.06211e+01
2.35803e+02	2.99077e+01
2.46693e+02	2.91947e+01
2.58086e+02	2.84833e+01
2.70005e+02	2.77747e+01
2.82475e+02	2.70701e+01
2.95521e+02	2.63705e+01
3.09169e+02	2.56772e+01
3.23448e+02	2.49921e+01
3.38385e+02	2.43148e+01
3.54013e+02	2.36459e+01
3.70363e+02	2.29862e+01
3.87467e+02	2.23361e+01
4.05362e+02	2.16962e+01
4.24083e+02	2.10669e+01
4.43669e+02	2.04486e+01
4.64159e+02	1.98416e+01
4.85595e+02	1.92463e+01
5.08022e+02	1.86629e+01
5.31484e+02	1.80915e+01
5.56030e+02	1.75325e+01
5.81709e+02	1.69857e+01
6.08574e+02	1.64514e+01
6.36681e+02	1.59297e+01
6.66085e+02	1.54204e+01
6.96847e+02	1.49237e+01
7.29029e+02	1.44394e+01
7.62699e+02	1.39675e+01
7.97923e+02	1.35080e+01
8.34773e+02	1.30607e+01
8.73326e+02	1.26256e+01
9.13659e+02	1.22024e+01
9.55855e+02	1.17910e+01
1.00000e+03	1.13913e+01
1.04618e+03	1.10031e+01
1.09450e+03	1.06263e+01
1.14505e+03	1.02605e+01
1.19793e+03	9.90564e+00
1.25325e+03	9.56149e+00
1.31113e+03	9.22783e+00
1.37169e+03	8.90445e+00
1.43504e+03	8.59112e+00
1.50131e+03	8.28762e+00
1.57065e+03	7.99373e+00
1.64318e+03	7.70921e+00
1.71907e+03	7.43385e+00
1.79846e+03	7.16741e+00
1.88152e+03	6.90967e+00
1.96842e+03	6.66039e+00
2.05933e+03	6.41937e+00
2.15443e+03	6.18637e+00
2.25393e+03	5.96118e+00
2.35803e+03	5.74357e+00
2.46693e+03	5.53334e+00
2.58086e+03	5.33027e+00
2.70005e+03	5.13415e+00
2.82475e+03	4.94479e+00
2.95521e+03	4.76197e+00
3.09169e+03	4.58550e+00
3.23448e+03	4.41518e+00
3.38386e+03	4.25084e+00
3.54013e+03	4.09228e+00
3.70363e+03	3.93931e+00
3.87468e+03	3.79177e+00
4.05362e+03	3.64948e+00
4.24083e+03	3.51228e+00
4.43669e+03	3.37999e+00
4.64159e+03	3.25245e+00
4.85595e+03	3.12952e+00
5.08022e+03	3.01103e+00
5.31484e+03	2.89684e+00
5.56030e+03	2.78681e+00
5.81709e+03	2.68079e+00
6.08574e+03	2.57865e+00
6.36681e+03	2.48026e+00
6.66085e+03	2.38549e+00
6.96847e+03	2.29421e+00
7.29030e+03	2.20631e+00
7.62699e+03	2.12166e+00
7.97923e+03	2.04015e+00
8.34773e+03	1.96168e+00
8.73326e+03	1.88613e+00
9.13659e+03	1.81340e+00
9.55855e+03	1.74340e+00
1.00000e+04	1.67602e+00
1.04618e+04	1.61117e+00
1.09450e+04	1.54877e+00
1.14505e+04	1.48872e+00
1.19793e+04	1.43093e+00
1.25325e+04	1.37533e+00
1.31113e+04	1.32184e+00
1.37169e+04	1.27038e+00
1.43504e+04	1.22088e+00
1.50131e+04	1.17325e+00
1.57065e+04	1.12745e+00
1.64318e+04	1.08340e+00
1.71907e+04	1.04102e+00
1.79847e+04	1.00027e+00
1.88152e+04	9.61087e-01
1.96842e+04	9.23404e-01
2.05933e+04	8.87168e-01
2.15443e+04	8.52328e-01
2.25393e+04	8.18829e-01
2.35803e+04	7.86622e-01
2.46693e+04	7.55659e-01
2.58086e+04	7.25893e-01
2.70005e+04	6.97278e-01
2.82475e+04	6.69772e-01
2.95521e+04	6.43332e-01
3.09169e+04	6.17919e-01
3.23448e+04	5.93493e-01
3.38386e+04	5.70017e-01
3.54013e+04	5.47455e-01
3.70363e+04	5.25772e-01
3.87468e+04	5.04935e-01
4.05362e+04	4.84911e-01
4.24083e+04	4.65669e-01
4.43669e+04	4.47180e-01
4.64159e+04	4.29414e-01
4.85595e+04	4.12345e-01
5.08022e+04	3.95944e-01
5.31484e+04	3.80187e-01
5.56030e+04	3.65048e-01
5.81709e+04	3.50504e-01
6.08574e+04	3.36532e-01
6.36681e+04	3.23110e-01
6.66085e+04	3.10216e-01
6.96847e+04	2.97830e-01
7.29029e+04	2.85933e-01
7.62699e+04	2.74505e-01
7.97923e+04	2.63529e-01
8.34773e+04	2.52986e-01
8.73326e+04	2.42860e-01
9.13659e+04	2.33134e-01
9.55855e+04	2.23794e-01
1.00000e+05	2.14824e-01
1.04618e+05	2.06209e-01
1.09450e+05	1.97936e-01
1.14505e+05	1.89991e-01
1.19793e+05	1.82362e-01
1.25325e+05	1.75036e-01
1.31113e+05	1.68001e-01
1.37169e+05	1.61246e-01
1.43504e+05	1.54759e-01
1.50131e+05	1.48531e-01
1.57065e+05	1.42551e-01
1.64318e+05	1.36810e-01
1.71907e+05	1.31298e-01
1.79846e+05	1.26005e-01
1.88152e+05	1.20924e-01
1.96842e+05	1.16046e-01
2.05933e+05	1.11362e-01
2.15444e+05	1.06866e-01
2.25393e+05	1.02550e-01
2.35803e+05	9.84068e-02
2.46693e+05	9.44293e-02
2.58086e+05	9.06111e-02
2.70006e+05	8.69460e-02
2.82475e+05	8.34279e-02
2.95521e+05	8.00509e-02
3.09169e+05	7.68094e-02
3.23448e+05	7.36981e-02
3.38386e+05	7.07117e-02
3.54013e+05	6.78454e-02
3.70363e+05	6.50943e-02
3.87468e+05	6.24538e-02
4.05362e+05	5.99196e-02
4.24083e+05	5.74875e-02
4.43669e+05	5.51532e-02
4.64159e+05	5.29130e-02
4.85595e+05	5.07631e-02
5.08022e+05	4.86999e-02
5.31484e+05	4.67199e-02
5.56030e+05	4.48198e-02
5.81709e+05	4.29964e-02
6.08574e+05	4.12466e-02
6.36680e+05	3.95675e-02
6.66085e+05	3.79563e-02
6.96847e+05	3.64102e-02
7.29030e+05	3.49267e-02
7.62699e+05	3.35031e-02
7.97923e+05	3.21372e-02
8.34773e+05	3.08266e-02
8.73326e+05	2.95690e-02
9.13659e+05	2.83624e-02
9.55855e+05	2.72047e-02
1.00000e+06	2.60940e-02
