# C5H7 cross section
256
1.00000e+01	1.32476e+00
1.04618e+01	1.78584e+00
1.09450e+01	2.26611e+00
1.14505e+01	2.78632e+00
1.19793e+01	3.43602e+00
1.25325e+01	4.29785e+00
1.31113e+01	5.30241e+00
1.37169e+01	6.41607e+00
1.43504e+01	7.70974e+00
1.50131e+01	9.11178e+00
1.57065e+01	1.05961e+01
1.64318e+01	1.21908e+01
1.71907e+01	1.38679e+01
1.79846e+01	1.55867e+01
1.88152e+01	1.73541e+01
1.96842e+01	1.91081e+01
2.05933e+01	2.08374e+01
2.15444e+01	2.25326e+01
2.25393e+01	2.42337e+01
2.35803e+01	2.59052e+01
2.46693e+01	2.75409e+01
2.58086e+01	2.91338e+01
2.70006e+01	3.06863e+01
2.82475e+01	3.21779e+01
2.95521e+01	3.36375e+01
3.09169e+01	3.50539e+01
3.23448e+01	3.64098e+01
3.38385e+01	3.76918e+01
3.54013e+01	3.88968e+01
3.70363e+01	4.00225e+01
3.87467e+01	4.10671e+01
4.05362e+01	4.20295e+01
4.24083e+01	4.29090e+01
4.43669e+01	4.37054e+01
4.64159e+01	4.44188e+01
4.85595e+01	4.50501e+01
5.08022e+01	4.55999e+01
5.31484e+01	4.60696e+01
5.56030e+01	4.64607e+01
5.81709e+01	4.67749e+01
6.08575e+01	4.70141e+01
6.36681e+01	4.71805e+01
6.66085e+01	4.72764e+01
6.96847e+01	4.73043e+01
7.29030e+01	4.72668e+01
7.62699e+01	4.71664e+01
7.97923e+01	4.70061e+01
8.34773e+01	4.67886e+01
8.73326e+01	4.65167e+01
9.13659e+01	4.61936e+01
9.55855e+01	4.58219e+01
1.00000e+02	4.54048e+01
1.04618e+02	4.49452e+01
1.09450e+02	4.44460e+01
1.14505e+02	4.39100e+01
1.19793e+02	4.33402e+01
1.25325e+02	4.27394e+01
1.31113e+02	4.21102e+01
1.37169e+02	4.14554e+01
1.43504e+02	4.07775e+01
1.50131e+02	4.00792e+01
1.57065e+02	3.93629e+01
1.64318e+02	3.86308e+01
1.71907e+02	3.78853e+01
1.79846e+02	3.71286e+01
1.88152e+02	3.63626e+01
1.96842e+02	3.55895e+01
2.05933e+02	3.48110e+01
2.15444e+02	3.40289e+01
2.25393e+02	3.32449e+01
2.35803e+02	3.24605e+01
2.46693e+02	3.16773e+01
2.58086e+02	3.08966e+01
2.70005e+02	3.01197e+01
2.82475e+02	2.93478e+01
2.95521e+02	2.85819e+01
3.09169e+02	2.78235e+01
3.23448e+02	2.70745e+01
3.38385e+02	2.63344e+01
3.54013e+02	2.56040e+01
3.70363e+02	2.48840e+01
3.87467e+02	2.41749e+01
4.05362e+02	2.34773e+01
4.24083e+02	2.27916e+01
4.43669e+02	2.21182e+01
4.64159e+02	2.14575e+01
4.85595e+02	2.08097e+01
5.08022e+02	2.01752e+01
5.31484e+02	1.95540e+01
5.56030e+02	1.89464e+01
5.81709e+02	1.83525e+01
6.08574e+02	1.77723e+01
6.36681e+02	1.72059e+01
6.66085e+02	1.66532e+01
6.96847e+02	1.61143e+01
7.29029e+02	1.55891e+01
7.62699e+02	1.50775e+01
7.97923e+02	1.45795e+01
8.34773e+02	1.40948e+01
8.73326e+02	1.36234e+01
9.13659e+02	1.31651e+01
9.55855e+02	1.27197e+01
1.00000e+03	1.22870e+01
1.04618e+03	1.18669e+01
1.09450e+03	1.14591e+01
1.14505e+03	1.10635e+01
1.19793e+03	1.06797e+01
1.25325e+03	1.03076e+01
1.31113e+03	9.94683e+00
1.37169e+03	9.59729e+00
1.43504e+03	9.25868e+00
1.50131e+03	8.93075e+00
1.57065e+03	8.61325e+00
1.64318e+03	8.30593e+00
1.71907e+03	8.00855e+00
1.79846e+03	7.72085e+00
1.88152e+03	7.44259e+00
1.96842e+03	7.17350e+00
2.05933e+03	6.91336e+00
2.15443e+03	6.66192e+00
2.25393e+03	6.41893e+00
2.35803e+03	6.18416e+00
2.46693e+03	5.95738e+00
2.58086e+03	5.73834e+00
2.70005e+03	5.52684e+00
2.82475e+03	5.32263e+00
2.95521e+03	5.12551e+00
3.09169e+03	4.93526e+00
3.23448e+03	4.75166e+00
3.38386e+03	4.57451e+00
3.54013e+03	4.40362e+00
3.70363e+03	4.23877e+00
3.87468e+03	4.07979e+00
4.05362e+03	3.92648e+00
4.24083e+03	3.77866e+00
4.43669e+03	3.63614e+00
4.64159e+03	3.49876e+00
4.85595e+03	3.36635e+00
5.08022e+03	3.23874e+00
5.31484e+03	3.11577e+00
5.56030e+03	2.99728e+00
5.81709e+03	2.88312e+00
6.08574e+03	2.77315e+00
6.36681e+03	2.66722e+00
6.66085e+03	2.56520e+00
6.96847e+03	2.46694e+00
7.29030e+03	2.37232e+00
7.62699e+03	2.28121e+00
7.97923e+03	2.19349e+00
8.34773e+03	2.10904e+00
8.73326e+03	2.02774e+00
9.13659e+03	1.94948e+00
9.55855e+03	1.87416e+00
1.00000e+04	1.80166e+00
1.04618e+04	1.73189e+00
1.09450e+04	1.66475e+00
1.14505e+04	1.60015e+00
1.19793e+04	1.53799e+00
1.25325e+04	1.47819e+00
1.31113e+04	1.42065e+00
1.37169e+04	1.36530e+00
1.43504e+04	1.31206e+00
1.50131e+04	1.26084e+00
1.57065e+04	1.21158e+00
1.64318e+04	1.16421e+00
1.71907e+04	1.11864e+00
1.79847e+04	1.07482e+00
1.88152e+04	1.03269e+00
1.96842e+04	9.92172e-01
2.05933e+04	9.53214e-01
2.15443e+04	9.15755e-01
2.25393e+04	8.79741e-01
2.35803e+04	8.45118e-01
2.46693e+04	8.11832e-01
2.58086e+04	7.79834e-01
2.70005e+04	7.49075e-01
2.82475e+04	7.19509e-01
2.95521e+04	6.91090e-01
3.09169e+04	6.63775e-01
3.23448e+04	6.37522e-01
3.38386e+04	6.12291e-01
3.54013e+04	5.88043e-01
3.70363e+04	5.64741e-01
3.87468e+04	5.42348e-01
4.05362e+04	5.20829e-01
4.24083e+04	5.00152e-01
4.43669e+04	4.80284e-01
4.64159e+04	4.61194e-01
4.85595e+04	4.42852e-01
5.08022e+04	4.25230e-01
5.31484e+04	4.08299e-01
5.56030e+04	3.92033e-01
5.81709e+04	3.76407e-01
6.08574e+04	3.61396e-01
6.36681e+04	3.46976e-01
6.66085e+04	3.33124e-01
6.96847e+04	3.19818e-01
7.29029e+04	3.07037e-01
7.62699e+04	2.94760e-01
7.97923e+04	2.82969e-01
8.34773e+04	2.71644e-01
8.73326e+04	2.60767e-01
9.13659e+04	2.50320e-01
9.55855e+04	2.40287e-01
1.00000e+05	2.30652e-01
1.04618e+05	2.21399e-01
1.09450e+05	2.12513e-01
1.14505e+05	2.03980e-01
1.19793e+05	1.95786e-01
1.25325e+05	1.87917e-01
1.31113e+05	1.80362e-01
1.37169e+05	1.73107e-01
1.43504e+05	1.66141e-01
1.50131e+05	1.59453e-01
1.57065e+05	1.53031e-01
1.64318e+05	1.46866e-01
1.71907e+05	1.40946e-01
1.79846e+05	1.35263e-01
1.88152e+05	1.29806e-01
1.96842e+05	1.24568e-01
2.05933e+05	1.19539e-01
2.15444e+05	1.14711e-01
2.25393e+05	1.10077e-01
2.35803e+05	1.05628e-01
2.46693e+05	1.01357e-01
2.58086e+05	9.72578e-02
2.70006e+05	9.33226e-02
2.82475e+05	8.95453e-02
2.95521e+05	8.59195e-02
3.09169e+05	8.24394e-02
3.23448e+05	7.90990e-02
3.38386e+05	7.58928e-02
3.54013e+05	7.28156e-02
3.70363e+05	6.98621e-02
3.87468e+05	6.70275e-02
4.05362e+05	6.43069e-02
4.24083e+05	6.16959e-02
4.43669e+05	5.91901e-02
4.64159e+05	5.67853e-02
4.85595e+05	5.44774e-02
5.08022e+05	5.22626e-02
5.31484e+05	5.01372e-02
5.56030e+05	4.80975e-02
5.81709e+05	4.61403e-02
6.08574e+05	4.42621e-02
6.36680e+05	4.24597e-02
6.66085e+05	4.07303e-02
6.96847e+05	3.90708e-02
7.29030e+05	3.74784e-02
7.62699e+05	3.59505e-02
7.97923e+05	3.44844e-02
8.34773e+05	3.30777e-02
8.73326e+05	3.17280e-02
9.13659e+05	3.04330e-02
9.55855e+05	2.91905e-02
1.00000e+06	2.79984e-02
