# C6H- cross section
256
1.00000e+01	5.85900e+01
1.04600e+01	6.27000e+01
1.09400e+01	6.67600e+01
1.14500e+01	7.07300e+01
1.19800e+01	7.46000e+01
1.25300e+01	7.83700e+01
1.31100e+01	8.20200e+01
1.37200e+01	8.55400e+01
1.43500e+01	8.89300e+01
1.50100e+01	9.21600e+01
1.57100e+01	9.52500e+01
1.64300e+01	9.82800e+01
1.71900e+01	1.01200e+02
1.79800e+01	1.04000e+02
1.88200e+01	1.06700e+02
1.96800e+01	1.09200e+02
2.05900e+01	1.11600e+02
2.15400e+01	1.13800e+02
2.25400e+01	1.15900e+02
2.35800e+01	1.17900e+02
2.46700e+01	1.19600e+02
2.58100e+01	1.21300e+02
2.70000e+01	1.22800e+02
2.82500e+01	1.24100e+02
2.95500e+01	1.25300e+02
3.09200e+01	1.26300e+02
3.23400e+01	1.27200e+02
3.38400e+01	1.27800e+02
3.54000e+01	1.28400e+02
3.70400e+01	1.28700e+02
3.87500e+01	1.28900e+02
4.05400e+01	1.29000e+02
4.24100e+01	1.28900e+02
4.43700e+01	1.28600e+02
4.64200e+01	1.28200e+02
4.85600e+01	1.27700e+02
5.08000e+01	1.27000e+02
5.31500e+01	1.26200e+02
5.56000e+01	1.25300e+02
5.81700e+01	1.24300e+02
6.08600e+01	1.23200e+02
6.36700e+01	1.21900e+02
6.66100e+01	1.20600e+02
6.96800e+01	1.19200e+02
7.29000e+01	1.17700e+02
7.62700e+01	1.16100e+02
7.97900e+01	1.14500e+02
8.34800e+01	1.12700e+02
8.73300e+01	1.11000e+02
9.13700e+01	1.09100e+02
9.55900e+01	1.07300e+02
1.00000e+02	1.05400e+02
1.04600e+02	1.03400e+02
1.09400e+02	1.01400e+02
1.14500e+02	9.94000e+01
1.19800e+02	9.73700e+01
1.25300e+02	9.53200e+01
1.31100e+02	9.32500e+01
1.37200e+02	9.11800e+01
1.43500e+02	8.91100e+01
1.50100e+02	8.70300e+01
1.57100e+02	8.49500e+01
1.64300e+02	8.28900e+01
1.71900e+02	8.08300e+01
1.79800e+02	7.87800e+01
1.88200e+02	7.67500e+01
1.96800e+02	7.47400e+01
2.05900e+02	7.27500e+01
2.15400e+02	7.07800e+01
2.25400e+02	6.88400e+01
2.35800e+02	6.69200e+01
2.46700e+02	6.50300e+01
2.58100e+02	6.31600e+01
2.70000e+02	6.13300e+01
2.82500e+02	5.95300e+01
2.95500e+02	5.77600e+01
3.09200e+02	5.60300e+01
3.23400e+02	5.43300e+01
3.38400e+02	5.26700e+01
3.54000e+02	5.10500e+01
3.70400e+02	4.94500e+01
3.87500e+02	4.79000e+01
4.05400e+02	4.63800e+01
4.24100e+02	4.49000e+01
4.43700e+02	4.34500e+01
4.64200e+02	4.20400e+01
4.85600e+02	4.06700e+01
5.08000e+02	3.93300e+01
5.31500e+02	3.80200e+01
5.56000e+02	3.67600e+01
5.81700e+02	3.55200e+01
6.08600e+02	3.43200e+01
6.36700e+02	3.31600e+01
6.66100e+02	3.20300e+01
6.96800e+02	3.09300e+01
7.29000e+02	2.98600e+01
7.62700e+02	2.88300e+01
7.97900e+02	2.78200e+01
8.34800e+02	2.68500e+01
8.73300e+02	2.59100e+01
9.13700e+02	2.49900e+01
9.55900e+02	2.41100e+01
1.00000e+03	2.32500e+01
1.04600e+03	2.24200e+01
1.09400e+03	2.16200e+01
1.14500e+03	2.08400e+01
1.19800e+03	2.00900e+01
1.25300e+03	1.93600e+01
1.31100e+03	1.86600e+01
1.37200e+03	1.79800e+01
1.43500e+03	1.73200e+01
1.50100e+03	1.66900e+01
1.57100e+03	1.60800e+01
1.64300e+03	1.54900e+01
1.71900e+03	1.49100e+01
1.79800e+03	1.43600e+01
1.88200e+03	1.38300e+01
1.96800e+03	1.33100e+01
2.05900e+03	1.28200e+01
2.15400e+03	1.23400e+01
2.25400e+03	1.18800e+01
2.35800e+03	1.14300e+01
2.46700e+03	1.10000e+01
2.58100e+03	1.05900e+01
2.70000e+03	1.01900e+01
2.82500e+03	9.80400e+00
2.95500e+03	9.43300e+00
3.09200e+03	9.07500e+00
3.23400e+03	8.73000e+00
3.38400e+03	8.39800e+00
3.54000e+03	8.07800e+00
3.70400e+03	7.77000e+00
3.87500e+03	7.47300e+00
4.05400e+03	7.18700e+00
4.24100e+03	6.91100e+00
4.43700e+03	6.64600e+00
4.64200e+03	6.39000e+00
4.85600e+03	6.14400e+00
5.08000e+03	5.90700e+00
5.31500e+03	5.67900e+00
5.56000e+03	5.46000e+00
5.81700e+03	5.24900e+00
6.08600e+03	5.04500e+00
6.36700e+03	4.85000e+00
6.66100e+03	4.66200e+00
6.96800e+03	4.48000e+00
7.29000e+03	4.30600e+00
7.62700e+03	4.13800e+00
7.97900e+03	3.97700e+00
8.34800e+03	3.82200e+00
8.73300e+03	3.67300e+00
9.13700e+03	3.52900e+00
9.55900e+03	3.39100e+00
1.00000e+04	3.25800e+00
1.04600e+04	3.13000e+00
1.09400e+04	3.00800e+00
1.14500e+04	2.89000e+00
1.19800e+04	2.77600e+00
1.25300e+04	2.66700e+00
1.31100e+04	2.56200e+00
1.37200e+04	2.46100e+00
1.43500e+04	2.36400e+00
1.50100e+04	2.27100e+00
1.57100e+04	2.18100e+00
1.64300e+04	2.09500e+00
1.71900e+04	2.01200e+00
1.79800e+04	1.93200e+00
1.88200e+04	1.85600e+00
1.96800e+04	1.78200e+00
2.05900e+04	1.71200e+00
2.15400e+04	1.64400e+00
2.25400e+04	1.57900e+00
2.35800e+04	1.51600e+00
2.46700e+04	1.45600e+00
2.58100e+04	1.39800e+00
2.70000e+04	1.34200e+00
2.82500e+04	1.28900e+00
2.95500e+04	1.23700e+00
3.09200e+04	1.18800e+00
3.23400e+04	1.14100e+00
3.38400e+04	1.09500e+00
3.54000e+04	1.05100e+00
3.70400e+04	1.00900e+00
3.87500e+04	9.69100e-01
4.05400e+04	9.30300e-01
4.24100e+04	8.93100e-01
4.43700e+04	8.57300e-01
4.64200e+04	8.23000e-01
4.85600e+04	7.90000e-01
5.08000e+04	7.58400e-01
5.31500e+04	7.27900e-01
5.56000e+04	6.98700e-01
5.81700e+04	6.70700e-01
6.08600e+04	6.43700e-01
6.36700e+04	6.17900e-01
6.66100e+04	5.93000e-01
6.96800e+04	5.69200e-01
7.29000e+04	5.46300e-01
7.62700e+04	5.24300e-01
7.97900e+04	5.03200e-01
8.34800e+04	4.82900e-01
8.73300e+04	4.63500e-01
9.13700e+04	4.44800e-01
9.55900e+04	4.26800e-01
1.00000e+05	4.09600e-01
1.04600e+05	3.93100e-01
1.09400e+05	3.77200e-01
1.14500e+05	3.62000e-01
1.19800e+05	3.47300e-01
1.25300e+05	3.33300e-01
1.31100e+05	3.19800e-01
1.37200e+05	3.06900e-01
1.43500e+05	2.94500e-01
1.50100e+05	2.82500e-01
1.57100e+05	2.71100e-01
1.64300e+05	2.60100e-01
1.71900e+05	2.49600e-01
1.79800e+05	2.39400e-01
1.88200e+05	2.29700e-01
1.96800e+05	2.20400e-01
2.05900e+05	2.11500e-01
2.15400e+05	2.02900e-01
2.25400e+05	1.94600e-01
2.35800e+05	1.86700e-01
2.46700e+05	1.79100e-01
2.58100e+05	1.71900e-01
2.70000e+05	1.64900e-01
2.82500e+05	1.58200e-01
2.95500e+05	1.51700e-01
3.09200e+05	1.45500e-01
3.23400e+05	1.39600e-01
3.38400e+05	1.33900e-01
3.54000e+05	1.28500e-01
3.70400e+05	1.23200e-01
3.87500e+05	1.18200e-01
4.05400e+05	1.13400e-01
4.24100e+05	1.08800e-01
4.43700e+05	1.04300e-01
4.64200e+05	1.00100e-01
4.85600e+05	9.59800e-02
5.08000e+05	9.20600e-02
5.31500e+05	8.83000e-02
5.56000e+05	8.47000e-02
5.81700e+05	8.12300e-02
6.08600e+05	7.79100e-02
6.36700e+05	7.47300e-02
6.66100e+05	7.16700e-02
6.96800e+05	6.87400e-02
7.29000e+05	6.59200e-02
7.62700e+05	6.32200e-02
7.97900e+05	6.06300e-02
8.34800e+05	5.81500e-02
8.73300e+05	5.57700e-02
9.13700e+05	5.34800e-02
9.55900e+05	5.12900e-02
1.00000e+06	4.91900e-02
