# C6H10 cross section
256
1.00000e+01	9.80793e-01
1.04618e+01	1.32143e+00
1.09450e+01	1.67225e+00
1.14505e+01	2.08163e+00
1.19793e+01	2.75610e+00
1.25325e+01	3.59969e+00
1.31113e+01	4.60791e+00
1.37169e+01	5.93178e+00
1.43504e+01	7.41174e+00
1.50131e+01	9.07769e+00
1.57065e+01	1.09339e+01
1.64318e+01	1.29023e+01
1.71907e+01	1.49882e+01
1.79846e+01	1.70864e+01
1.88152e+01	1.91804e+01
1.96842e+01	2.12555e+01
2.05933e+01	2.33678e+01
2.15444e+01	2.54537e+01
2.25393e+01	2.75301e+01
2.35803e+01	2.95830e+01
2.46693e+01	3.16297e+01
2.58086e+01	3.36132e+01
2.70006e+01	3.55399e+01
2.82475e+01	3.74204e+01
2.95521e+01	3.92507e+01
3.09169e+01	4.10305e+01
3.23448e+01	4.27400e+01
3.38385e+01	4.43604e+01
3.54013e+01	4.58875e+01
3.70363e+01	4.73181e+01
3.87467e+01	4.86499e+01
4.05362e+01	4.98811e+01
4.24083e+01	5.10108e+01
4.43669e+01	5.20386e+01
4.64159e+01	5.29645e+01
4.85595e+01	5.37891e+01
5.08022e+01	5.45135e+01
5.31484e+01	5.51390e+01
5.56030e+01	5.56673e+01
5.81709e+01	5.61006e+01
6.08575e+01	5.64411e+01
6.36681e+01	5.66914e+01
6.66085e+01	5.68543e+01
6.96847e+01	5.69327e+01
7.29030e+01	5.69297e+01
7.62699e+01	5.68487e+01
7.97923e+01	5.66929e+01
8.34773e+01	5.64659e+01
8.73326e+01	5.61711e+01
9.13659e+01	5.58122e+01
9.55855e+01	5.53927e+01
1.00000e+02	5.49162e+01
1.04618e+02	5.43864e+01
1.09450e+02	5.38068e+01
1.14505e+02	5.31811e+01
1.19793e+02	5.25127e+01
1.25325e+02	5.18050e+01
1.31113e+02	5.10615e+01
1.37169e+02	5.02855e+01
1.43504e+02	4.94802e+01
1.50131e+02	4.86487e+01
1.57065e+02	4.77941e+01
1.64318e+02	4.69192e+01
1.71907e+02	4.60268e+01
1.79846e+02	4.51197e+01
1.88152e+02	4.42005e+01
1.96842e+02	4.32714e+01
2.05933e+02	4.23350e+01
2.15444e+02	4.13933e+01
2.25393e+02	4.04485e+01
2.35803e+02	3.95026e+01
2.46693e+02	3.85572e+01
2.58086e+02	3.76143e+01
2.70005e+02	3.66753e+01
2.82475e+02	3.57417e+01
2.95521e+02	3.48150e+01
3.09169e+02	3.38968e+01
3.23448e+02	3.29895e+01
3.38385e+02	3.20926e+01
3.54013e+02	3.12071e+01
3.70363e+02	3.03337e+01
3.87467e+02	2.94733e+01
4.05362e+02	2.86265e+01
4.24083e+02	2.77939e+01
4.43669e+02	2.69760e+01
4.64159e+02	2.61732e+01
4.85595e+02	2.53859e+01
5.08022e+02	2.46145e+01
5.31484e+02	2.38591e+01
5.56030e+02	2.31201e+01
5.81709e+02	2.23975e+01
6.08574e+02	2.16914e+01
6.36681e+02	2.10020e+01
6.66085e+02	2.03292e+01
6.96847e+02	1.96730e+01
7.29029e+02	1.90333e+01
7.62699e+02	1.84102e+01
7.97923e+02	1.78034e+01
8.34773e+02	1.72128e+01
8.73326e+02	1.66383e+01
9.13659e+02	1.60797e+01
9.55855e+02	1.55367e+01
1.00000e+03	1.50092e+01
1.04618e+03	1.44970e+01
1.09450e+03	1.39996e+01
1.14505e+03	1.35170e+01
1.19793e+03	1.30489e+01
1.25325e+03	1.25949e+01
1.31113e+03	1.21548e+01
1.37169e+03	1.17283e+01
1.43504e+03	1.13151e+01
1.50131e+03	1.09148e+01
1.57065e+03	1.05273e+01
1.64318e+03	1.01522e+01
1.71907e+03	9.78915e+00
1.79846e+03	9.43790e+00
1.88152e+03	9.09815e+00
1.96842e+03	8.76958e+00
2.05933e+03	8.45191e+00
2.15443e+03	8.14484e+00
2.25393e+03	7.84807e+00
2.35803e+03	7.56132e+00
2.46693e+03	7.28430e+00
2.58086e+03	7.01674e+00
2.70005e+03	6.75835e+00
2.82475e+03	6.50887e+00
2.95521e+03	6.26804e+00
3.09169e+03	6.03557e+00
3.23448e+03	5.81123e+00
3.38386e+03	5.59476e+00
3.54013e+03	5.38592e+00
3.70363e+03	5.18447e+00
3.87468e+03	4.99016e+00
4.05362e+03	4.80278e+00
4.24083e+03	4.62210e+00
4.43669e+03	4.44790e+00
4.64159e+03	4.27997e+00
4.85595e+03	4.11811e+00
5.08022e+03	3.96211e+00
5.31484e+03	3.81177e+00
5.56030e+03	3.66691e+00
5.81709e+03	3.52734e+00
6.08574e+03	3.39288e+00
6.36681e+03	3.26336e+00
6.66085e+03	3.13861e+00
6.96847e+03	3.01846e+00
7.29030e+03	2.90275e+00
7.62699e+03	2.79133e+00
7.97923e+03	2.68406e+00
8.34773e+03	2.58077e+00
8.73326e+03	2.48134e+00
9.13659e+03	2.38563e+00
9.55855e+03	2.29350e+00
1.00000e+04	2.20483e+00
1.04618e+04	2.11950e+00
1.09450e+04	2.03737e+00
1.14505e+04	1.95835e+00
1.19793e+04	1.88231e+00
1.25325e+04	1.80916e+00
1.31113e+04	1.73877e+00
1.37169e+04	1.67106e+00
1.43504e+04	1.60592e+00
1.50131e+04	1.54327e+00
1.57065e+04	1.48300e+00
1.64318e+04	1.42504e+00
1.71907e+04	1.36929e+00
1.79847e+04	1.31568e+00
1.88152e+04	1.26412e+00
1.96842e+04	1.21454e+00
2.05933e+04	1.16687e+00
2.15443e+04	1.12104e+00
2.25393e+04	1.07697e+00
2.35803e+04	1.03460e+00
2.46693e+04	9.93867e-01
2.58086e+04	9.54709e-01
2.70005e+04	9.17068e-01
2.82475e+04	8.80885e-01
2.95521e+04	8.46105e-01
3.09169e+04	8.12676e-01
3.23448e+04	7.80546e-01
3.38386e+04	7.49665e-01
3.54013e+04	7.19988e-01
3.70363e+04	6.91467e-01
3.87468e+04	6.64058e-01
4.05362e+04	6.37720e-01
4.24083e+04	6.12411e-01
4.43669e+04	5.88092e-01
4.64159e+04	5.64724e-01
4.85595e+04	5.42273e-01
5.08022e+04	5.20701e-01
5.31484e+04	4.99976e-01
5.56030e+04	4.80065e-01
5.81709e+04	4.60936e-01
6.08574e+04	4.42559e-01
6.36681e+04	4.24906e-01
6.66085e+04	4.07948e-01
6.96847e+04	3.91659e-01
7.29029e+04	3.76011e-01
7.62699e+04	3.60982e-01
7.97923e+04	3.46546e-01
8.34773e+04	3.32680e-01
8.73326e+04	3.19363e-01
9.13659e+04	3.06572e-01
9.55855e+04	2.94289e-01
1.00000e+05	2.82491e-01
1.04618e+05	2.71162e-01
1.09450e+05	2.60282e-01
1.14505e+05	2.49833e-01
1.19793e+05	2.39800e-01
1.25325e+05	2.30165e-01
1.31113e+05	2.20914e-01
1.37169e+05	2.12030e-01
1.43504e+05	2.03501e-01
1.50131e+05	1.95310e-01
1.57065e+05	1.87446e-01
1.64318e+05	1.79896e-01
1.71907e+05	1.72647e-01
1.79846e+05	1.65687e-01
1.88152e+05	1.59005e-01
1.96842e+05	1.52590e-01
2.05933e+05	1.46432e-01
2.15444e+05	1.40519e-01
2.25393e+05	1.34844e-01
2.35803e+05	1.29395e-01
2.46693e+05	1.24164e-01
2.58086e+05	1.19144e-01
2.70006e+05	1.14324e-01
2.82475e+05	1.09698e-01
2.95521e+05	1.05257e-01
3.09169e+05	1.00995e-01
3.23448e+05	9.69033e-02
3.38386e+05	9.29764e-02
3.54013e+05	8.92073e-02
3.70363e+05	8.55898e-02
3.87468e+05	8.21177e-02
4.05362e+05	7.87854e-02
4.24083e+05	7.55872e-02
4.43669e+05	7.25179e-02
4.64159e+05	6.95722e-02
4.85595e+05	6.67452e-02
5.08022e+05	6.40322e-02
5.31484e+05	6.14287e-02
5.56030e+05	5.89303e-02
5.81709e+05	5.65326e-02
6.08574e+05	5.42319e-02
6.36680e+05	5.20241e-02
6.66085e+05	4.99055e-02
6.96847e+05	4.78725e-02
7.29030e+05	4.59218e-02
7.62699e+05	4.40500e-02
7.97923e+05	4.22540e-02
8.34773e+05	4.05307e-02
8.73326e+05	3.88772e-02
9.13659e+05	3.72907e-02
9.55855e+05	3.57685e-02
1.00000e+06	3.43080e-02
