# C6H13 cross section
256
1.00000e+01	8.25488e-01
1.04618e+01	1.00997e+00
1.09450e+01	1.29315e+00
1.14505e+01	1.83321e+00
1.19793e+01	2.71452e+00
1.25325e+01	3.88001e+00
1.31113e+01	5.19806e+00
1.37169e+01	6.83367e+00
1.43504e+01	8.65325e+00
1.50131e+01	1.07161e+01
1.57065e+01	1.29818e+01
1.64318e+01	1.53744e+01
1.71907e+01	1.78523e+01
1.79846e+01	2.03385e+01
1.88152e+01	2.28140e+01
1.96842e+01	2.52945e+01
2.05933e+01	2.77460e+01
2.15444e+01	3.01515e+01
2.25393e+01	3.25837e+01
2.35803e+01	3.49743e+01
2.46693e+01	3.73295e+01
2.58086e+01	3.96137e+01
2.70006e+01	4.18473e+01
2.82475e+01	4.40041e+01
2.95521e+01	4.61012e+01
3.09169e+01	4.81387e+01
3.23448e+01	5.00778e+01
3.38385e+01	5.19104e+01
3.54013e+01	5.36326e+01
3.70363e+01	5.52410e+01
3.87467e+01	5.67334e+01
4.05362e+01	5.81083e+01
4.24083e+01	5.93648e+01
4.43669e+01	6.05029e+01
4.64159e+01	6.15230e+01
4.85595e+01	6.24260e+01
5.08022e+01	6.32133e+01
5.31484e+01	6.38868e+01
5.56030e+01	6.44486e+01
5.81709e+01	6.49013e+01
6.08575e+01	6.52479e+01
6.36681e+01	6.54912e+01
6.66085e+01	6.56348e+01
6.96847e+01	6.56822e+01
7.29030e+01	6.56370e+01
7.62699e+01	6.55031e+01
7.97923e+01	6.52845e+01
8.34773e+01	6.49852e+01
8.73326e+01	6.46094e+01
9.13659e+01	6.41613e+01
9.55855e+01	6.36450e+01
1.00000e+02	6.30647e+01
1.04618e+02	6.24246e+01
1.09450e+02	6.17289e+01
1.14505e+02	6.09817e+01
1.19793e+02	6.01871e+01
1.25325e+02	5.93490e+01
1.31113e+02	5.84712e+01
1.37169e+02	5.75577e+01
1.43504e+02	5.66121e+01
1.50131e+02	5.56379e+01
1.57065e+02	5.46386e+01
1.64318e+02	5.36175e+01
1.71907e+02	5.25778e+01
1.79846e+02	5.15226e+01
1.88152e+02	5.04547e+01
1.96842e+02	4.93770e+01
2.05933e+02	4.82920e+01
2.15444e+02	4.72022e+01
2.25393e+02	4.61099e+01
2.35803e+02	4.50175e+01
2.46693e+02	4.39268e+01
2.58086e+02	4.28398e+01
2.70005e+02	4.17584e+01
2.82475e+02	4.06840e+01
2.95521e+02	3.96184e+01
3.09169e+02	3.85633e+01
3.23448e+02	3.75212e+01
3.38385e+02	3.64917e+01
3.54013e+02	3.54759e+01
3.70363e+02	3.44747e+01
3.87467e+02	3.34889e+01
4.05362e+02	3.25191e+01
4.24083e+02	3.15662e+01
4.43669e+02	3.06305e+01
4.64159e+02	2.97126e+01
4.85595e+02	2.88128e+01
5.08022e+02	2.79316e+01
5.31484e+02	2.70691e+01
5.56030e+02	2.62255e+01
5.81709e+02	2.54011e+01
6.08574e+02	2.45959e+01
6.36681e+02	2.38099e+01
6.66085e+02	2.30432e+01
6.96847e+02	2.22956e+01
7.29029e+02	2.15672e+01
7.62699e+02	2.08577e+01
7.97923e+02	2.01671e+01
8.34773e+02	1.94952e+01
8.73326e+02	1.88418e+01
9.13659e+02	1.82065e+01
9.55855e+02	1.75893e+01
1.00000e+03	1.69898e+01
1.04618e+03	1.64078e+01
1.09450e+03	1.58429e+01
1.14505e+03	1.52949e+01
1.19793e+03	1.47633e+01
1.25325e+03	1.42480e+01
1.31113e+03	1.37486e+01
1.37169e+03	1.32646e+01
1.43504e+03	1.27959e+01
1.50131e+03	1.23420e+01
1.57065e+03	1.19025e+01
1.64318e+03	1.14772e+01
1.71907e+03	1.10657e+01
1.79846e+03	1.06677e+01
1.88152e+03	1.02827e+01
1.96842e+03	9.91045e+00
2.05933e+03	9.55060e+00
2.15443e+03	9.20282e+00
2.25393e+03	8.86676e+00
2.35803e+03	8.54209e+00
2.46693e+03	8.22849e+00
2.58086e+03	7.92563e+00
2.70005e+03	7.63320e+00
2.82475e+03	7.35089e+00
2.95521e+03	7.07838e+00
3.09169e+03	6.81539e+00
3.23448e+03	6.56162e+00
3.38386e+03	6.31678e+00
3.54013e+03	6.08060e+00
3.70363e+03	5.85279e+00
3.87468e+03	5.63309e+00
4.05362e+03	5.42125e+00
4.24083e+03	5.21699e+00
4.43669e+03	5.02009e+00
4.64159e+03	4.83029e+00
4.85595e+03	4.64736e+00
5.08022e+03	4.47107e+00
5.31484e+03	4.30120e+00
5.56030e+03	4.13753e+00
5.81709e+03	3.97986e+00
6.08574e+03	3.82797e+00
6.36681e+03	3.68167e+00
6.66085e+03	3.54076e+00
6.96847e+03	3.40506e+00
7.29030e+03	3.27440e+00
7.62699e+03	3.14858e+00
7.97923e+03	3.02745e+00
8.34773e+03	2.91084e+00
8.73326e+03	2.79858e+00
9.13659e+03	2.69053e+00
9.55855e+03	2.58653e+00
1.00000e+04	2.48644e+00
1.04618e+04	2.39011e+00
1.09450e+04	2.29743e+00
1.14505e+04	2.20824e+00
1.19793e+04	2.12243e+00
1.25325e+04	2.03987e+00
1.31113e+04	1.96044e+00
1.37169e+04	1.88404e+00
1.43504e+04	1.81054e+00
1.50131e+04	1.73985e+00
1.57065e+04	1.67186e+00
1.64318e+04	1.60647e+00
1.71907e+04	1.54358e+00
1.79847e+04	1.48310e+00
1.88152e+04	1.42494e+00
1.96842e+04	1.36902e+00
2.05933e+04	1.31526e+00
2.15443e+04	1.26356e+00
2.25393e+04	1.21386e+00
2.35803e+04	1.16607e+00
2.46693e+04	1.12014e+00
2.58086e+04	1.07598e+00
2.70005e+04	1.03353e+00
2.82475e+04	9.92730e-01
2.95521e+04	9.53513e-01
3.09169e+04	9.15819e-01
3.23448e+04	8.79592e-01
3.38386e+04	8.44775e-01
3.54013e+04	8.11315e-01
3.70363e+04	7.79160e-01
3.87468e+04	7.48260e-01
4.05362e+04	7.18567e-01
4.24083e+04	6.90036e-01
4.43669e+04	6.62621e-01
4.64159e+04	6.36280e-01
4.85595e+04	6.10972e-01
5.08022e+04	5.86656e-01
5.31484e+04	5.63296e-01
5.56030e+04	5.40853e-01
5.81709e+04	5.19293e-01
6.08574e+04	4.98581e-01
6.36681e+04	4.78684e-01
6.66085e+04	4.59572e-01
6.96847e+04	4.41214e-01
7.29029e+04	4.23579e-01
7.62699e+04	4.06642e-01
7.97923e+04	3.90373e-01
8.34773e+04	3.74748e-01
8.73326e+04	3.59741e-01
9.13659e+04	3.45328e-01
9.55855e+04	3.31486e-01
1.00000e+05	3.18193e-01
1.04618e+05	3.05427e-01
1.09450e+05	2.93168e-01
1.14505e+05	2.81395e-01
1.19793e+05	2.70090e-01
1.25325e+05	2.59235e-01
1.31113e+05	2.48811e-01
1.37169e+05	2.38803e-01
1.43504e+05	2.29192e-01
1.50131e+05	2.19965e-01
1.57065e+05	2.11106e-01
1.64318e+05	2.02600e-01
1.71907e+05	1.94433e-01
1.79846e+05	1.86592e-01
1.88152e+05	1.79065e-01
1.96842e+05	1.71839e-01
2.05933e+05	1.64901e-01
2.15444e+05	1.58241e-01
2.25393e+05	1.51847e-01
2.35803e+05	1.45710e-01
2.46693e+05	1.39818e-01
2.58086e+05	1.34163e-01
2.70006e+05	1.28734e-01
2.82475e+05	1.23523e-01
2.95521e+05	1.18522e-01
3.09169e+05	1.13721e-01
3.23448e+05	1.09113e-01
3.38386e+05	1.04690e-01
3.54013e+05	1.00445e-01
3.70363e+05	9.63702e-02
3.87468e+05	9.24598e-02
4.05362e+05	8.87068e-02
4.24083e+05	8.51050e-02
4.43669e+05	8.16482e-02
4.64159e+05	7.83308e-02
4.85595e+05	7.51471e-02
5.08022e+05	7.20919e-02
5.31484e+05	6.91599e-02
5.56030e+05	6.63463e-02
5.81709e+05	6.36463e-02
6.08574e+05	6.10554e-02
6.36680e+05	5.85692e-02
6.66085e+05	5.61835e-02
6.96847e+05	5.38943e-02
7.29030e+05	5.16977e-02
7.62699e+05	4.95900e-02
7.97923e+05	4.75676e-02
8.34773e+05	4.56271e-02
8.73326e+05	4.37653e-02
9.13659e+05	4.19789e-02
9.55855e+05	4.02649e-02
1.00000e+06	3.86205e-02
