# C6H14 cross section
256
1.00000e+01	0.00000e+00
1.04618e+01	0.00000e+00
1.09450e+01	2.22617e-03
1.14505e+01	1.68227e-01
1.19793e+01	6.83949e-01
1.25325e+01	1.56506e+00
1.31113e+01	2.67839e+00
1.37169e+01	4.09470e+00
1.43504e+01	5.73222e+00
1.50131e+01	7.59953e+00
1.57065e+01	9.73564e+00
1.64318e+01	1.20112e+01
1.71907e+01	1.44348e+01
1.79846e+01	1.68820e+01
1.88152e+01	1.93321e+01
1.96842e+01	2.17669e+01
2.05933e+01	2.41710e+01
2.15444e+01	2.65437e+01
2.25393e+01	2.89741e+01
2.35803e+01	3.13588e+01
2.46693e+01	3.37248e+01
2.58086e+01	3.60269e+01
2.70006e+01	3.82796e+01
2.82475e+01	4.04634e+01
2.95521e+01	4.25962e+01
3.09169e+01	4.46727e+01
3.23448e+01	4.66549e+01
3.38385e+01	4.85341e+01
3.54013e+01	5.03059e+01
3.70363e+01	5.19666e+01
3.87467e+01	5.35138e+01
4.05362e+01	5.49455e+01
4.24083e+01	5.62607e+01
4.43669e+01	5.74590e+01
4.64159e+01	5.85407e+01
4.85595e+01	5.95064e+01
5.08022e+01	6.03573e+01
5.31484e+01	6.10952e+01
5.56030e+01	6.17220e+01
5.81709e+01	6.22402e+01
6.08575e+01	6.26523e+01
6.36681e+01	6.29615e+01
6.66085e+01	6.31709e+01
6.96847e+01	6.32838e+01
7.29030e+01	6.33039e+01
7.62699e+01	6.32350e+01
7.97923e+01	6.30808e+01
8.34773e+01	6.28454e+01
8.73326e+01	6.25328e+01
9.13659e+01	6.21471e+01
9.55855e+01	6.16923e+01
1.00000e+02	6.11727e+01
1.04618e+02	6.05923e+01
1.09450e+02	5.99553e+01
1.14505e+02	5.92657e+01
1.19793e+02	5.85275e+01
1.25325e+02	5.77446e+01
1.31113e+02	5.69210e+01
1.37169e+02	5.60603e+01
1.43504e+02	5.51663e+01
1.50131e+02	5.42424e+01
1.57065e+02	5.32922e+01
1.64318e+02	5.23189e+01
1.71907e+02	5.13257e+01
1.79846e+02	5.03157e+01
1.88152e+02	4.92918e+01
1.96842e+02	4.82566e+01
2.05933e+02	4.72130e+01
2.15444e+02	4.61633e+01
2.25393e+02	4.51099e+01
2.35803e+02	4.40551e+01
2.46693e+02	4.30008e+01
2.58086e+02	4.19490e+01
2.70005e+02	4.09016e+01
2.82475e+02	3.98602e+01
2.95521e+02	3.88263e+01
3.09169e+02	3.78020e+01
3.23448e+02	3.67895e+01
3.38385e+02	3.57886e+01
3.54013e+02	3.48003e+01
3.70363e+02	3.38256e+01
3.87467e+02	3.28654e+01
4.05362e+02	3.19203e+01
4.24083e+02	3.09911e+01
4.43669e+02	3.00782e+01
4.64159e+02	2.91823e+01
4.85595e+02	2.83037e+01
5.08022e+02	2.74428e+01
5.31484e+02	2.65999e+01
5.56030e+02	2.57752e+01
5.81709e+02	2.49689e+01
6.08574e+02	2.41811e+01
6.36681e+02	2.34118e+01
6.66085e+02	2.26611e+01
6.96847e+02	2.19290e+01
7.29029e+02	2.12154e+01
7.62699e+02	2.05202e+01
7.97923e+02	1.98433e+01
8.34773e+02	1.91846e+01
8.73326e+02	1.85437e+01
9.13659e+02	1.79206e+01
9.55855e+02	1.73151e+01
1.00000e+03	1.67267e+01
1.04618e+03	1.61554e+01
1.09450e+03	1.56008e+01
1.14505e+03	1.50626e+01
1.19793e+03	1.45406e+01
1.25325e+03	1.40344e+01
1.31113e+03	1.35437e+01
1.37169e+03	1.30681e+01
1.43504e+03	1.26074e+01
1.50131e+03	1.21612e+01
1.57065e+03	1.17292e+01
1.64318e+03	1.13110e+01
1.71907e+03	1.09063e+01
1.79846e+03	1.05147e+01
1.88152e+03	1.01360e+01
1.96842e+03	9.76980e+00
2.05933e+03	9.41572e+00
2.15443e+03	9.07347e+00
2.25393e+03	8.74272e+00
2.35803e+03	8.42314e+00
2.46693e+03	8.11442e+00
2.58086e+03	7.81625e+00
2.70005e+03	7.52830e+00
2.82475e+03	7.25030e+00
2.95521e+03	6.98193e+00
3.09169e+03	6.72290e+00
3.23448e+03	6.47293e+00
3.38386e+03	6.23173e+00
3.54013e+03	5.99904e+00
3.70363e+03	5.77459e+00
3.87468e+03	5.55811e+00
4.05362e+03	5.34934e+00
4.24083e+03	5.14805e+00
4.43669e+03	4.95398e+00
4.64159e+03	4.76690e+00
4.85595e+03	4.58657e+00
5.08022e+03	4.41279e+00
5.31484e+03	4.24531e+00
5.56030e+03	4.08395e+00
5.81709e+03	3.92848e+00
6.08574e+03	3.77870e+00
6.36681e+03	3.63443e+00
6.66085e+03	3.49547e+00
6.96847e+03	3.36164e+00
7.29030e+03	3.23276e+00
7.62699e+03	3.10866e+00
7.97923e+03	2.98917e+00
8.34773e+03	2.87413e+00
8.73326e+03	2.76339e+00
9.13659e+03	2.65679e+00
9.55855e+03	2.55418e+00
1.00000e+04	2.45542e+00
1.04618e+04	2.36038e+00
1.09450e+04	2.26892e+00
1.14505e+04	2.18091e+00
1.19793e+04	2.09622e+00
1.25325e+04	2.01475e+00
1.31113e+04	1.93636e+00
1.37169e+04	1.86095e+00
1.43504e+04	1.78841e+00
1.50131e+04	1.71863e+00
1.57065e+04	1.65151e+00
1.64318e+04	1.58696e+00
1.71907e+04	1.52488e+00
1.79847e+04	1.46517e+00
1.88152e+04	1.40776e+00
1.96842e+04	1.35255e+00
2.05933e+04	1.29946e+00
2.15443e+04	1.24842e+00
2.25393e+04	1.19934e+00
2.35803e+04	1.15216e+00
2.46693e+04	1.10679e+00
2.58086e+04	1.06319e+00
2.70005e+04	1.02127e+00
2.82475e+04	9.80976e-01
2.95521e+04	9.42245e-01
3.09169e+04	9.05018e-01
3.23448e+04	8.69237e-01
3.38386e+04	8.34849e-01
3.54013e+04	8.01800e-01
3.70363e+04	7.70039e-01
3.87468e+04	7.39517e-01
4.05362e+04	7.10186e-01
4.24083e+04	6.82002e-01
4.43669e+04	6.54921e-01
4.64159e+04	6.28899e-01
4.85595e+04	6.03896e-01
5.08022e+04	5.79874e-01
5.31484e+04	5.56795e-01
5.56030e+04	5.34622e-01
5.81709e+04	5.13320e-01
6.08574e+04	4.92856e-01
6.36681e+04	4.73197e-01
6.66085e+04	4.54313e-01
6.96847e+04	4.36172e-01
7.29029e+04	4.18747e-01
7.62699e+04	4.02010e-01
7.97923e+04	3.85934e-01
8.34773e+04	3.70493e-01
8.73326e+04	3.55663e-01
9.13659e+04	3.41419e-01
9.55855e+04	3.27740e-01
1.00000e+05	3.14602e-01
1.04618e+05	3.01986e-01
1.09450e+05	2.89869e-01
1.14505e+05	2.78234e-01
1.19793e+05	2.67061e-01
1.25325e+05	2.56331e-01
1.31113e+05	2.46029e-01
1.37169e+05	2.36135e-01
1.43504e+05	2.26636e-01
1.50131e+05	2.17516e-01
1.57065e+05	2.08758e-01
1.64318e+05	2.00350e-01
1.71907e+05	1.92277e-01
1.79846e+05	1.84526e-01
1.88152e+05	1.77085e-01
1.96842e+05	1.69941e-01
2.05933e+05	1.63082e-01
2.15444e+05	1.56498e-01
2.25393e+05	1.50177e-01
2.35803e+05	1.44109e-01
2.46693e+05	1.38284e-01
2.58086e+05	1.32693e-01
2.70006e+05	1.27325e-01
2.82475e+05	1.22173e-01
2.95521e+05	1.17228e-01
3.09169e+05	1.12481e-01
3.23448e+05	1.07924e-01
3.38386e+05	1.03551e-01
3.54013e+05	9.93535e-02
3.70363e+05	9.53247e-02
3.87468e+05	9.14579e-02
4.05362e+05	8.77467e-02
4.24083e+05	8.41850e-02
4.43669e+05	8.07667e-02
4.64159e+05	7.74861e-02
4.85595e+05	7.43377e-02
5.08022e+05	7.13163e-02
5.31484e+05	6.84167e-02
5.56030e+05	6.56342e-02
5.81709e+05	6.29639e-02
6.08574e+05	6.04015e-02
6.36680e+05	5.79427e-02
6.66085e+05	5.55831e-02
6.96847e+05	5.33190e-02
7.29030e+05	5.11465e-02
7.62699e+05	4.90618e-02
7.97923e+05	4.70616e-02
8.34773e+05	4.51423e-02
8.73326e+05	4.33007e-02
9.13659e+05	4.15338e-02
9.55855e+05	3.98384e-02
1.00000e+06	3.82118e-02
