# C6H12 cross section
256
1.00000e+01	3.41842e-01
1.04618e+01	6.21903e-01
1.09450e+01	9.18027e-01
1.14505e+01	1.31282e+00
1.19793e+01	2.06504e+00
1.25325e+01	3.09314e+00
1.31113e+01	4.37271e+00
1.37169e+01	5.86457e+00
1.43504e+01	7.54224e+00
1.50131e+01	9.48784e+00
1.57065e+01	1.16097e+01
1.64318e+01	1.38804e+01
1.71907e+01	1.62316e+01
1.79846e+01	1.85933e+01
1.88152e+01	2.10146e+01
1.96842e+01	2.34389e+01
2.05933e+01	2.58316e+01
2.15444e+01	2.81801e+01
2.25393e+01	3.05387e+01
2.35803e+01	3.28359e+01
2.46693e+01	3.51169e+01
2.58086e+01	3.73234e+01
2.70006e+01	3.94758e+01
2.82475e+01	4.15581e+01
2.95521e+01	4.35866e+01
3.09169e+01	4.55572e+01
3.23448e+01	4.74344e+01
3.38385e+01	4.92095e+01
3.54013e+01	5.08785e+01
3.70363e+01	5.24382e+01
3.87467e+01	5.38865e+01
4.05362e+01	5.52219e+01
4.24083e+01	5.64435e+01
4.43669e+01	5.75513e+01
4.64159e+01	5.85455e+01
4.85595e+01	5.94273e+01
5.08022e+01	6.01977e+01
5.31484e+01	6.08587e+01
5.56030e+01	6.14124e+01
5.81709e+01	6.18610e+01
6.08575e+01	6.22075e+01
6.36681e+01	6.24548e+01
6.66085e+01	6.26060e+01
6.96847e+01	6.26646e+01
7.29030e+01	6.26342e+01
7.62699e+01	6.25183e+01
7.97923e+01	6.23209e+01
8.34773e+01	6.20458e+01
8.73326e+01	6.16970e+01
9.13659e+01	6.12784e+01
9.55855e+01	6.07941e+01
1.00000e+02	6.02482e+01
1.04618e+02	5.96447e+01
1.09450e+02	5.89875e+01
1.14505e+02	5.82805e+01
1.19793e+02	5.75278e+01
1.25325e+02	5.67330e+01
1.31113e+02	5.59000e+01
1.37169e+02	5.50323e+01
1.43504e+02	5.41335e+01
1.50131e+02	5.32071e+01
1.57065e+02	5.22563e+01
1.64318e+02	5.12843e+01
1.71907e+02	5.02942e+01
1.79846e+02	4.92889e+01
1.88152e+02	4.82712e+01
1.96842e+02	4.72438e+01
2.05933e+02	4.62091e+01
2.15444e+02	4.51697e+01
2.25393e+02	4.41276e+01
2.35803e+02	4.30850e+01
2.46693e+02	4.20440e+01
2.58086e+02	4.10063e+01
2.70005e+02	3.99736e+01
2.82475e+02	3.89476e+01
2.95521e+02	3.79297e+01
3.09169e+02	3.69217e+01
3.23448e+02	3.59260e+01
3.38385e+02	3.49423e+01
3.54013e+02	3.39716e+01
3.70363e+02	3.30146e+01
3.87467e+02	3.20723e+01
4.05362e+02	3.11452e+01
4.24083e+02	3.02341e+01
4.43669e+02	2.93394e+01
4.64159e+02	2.84615e+01
4.85595e+02	2.76010e+01
5.08022e+02	2.67581e+01
5.31484e+02	2.59331e+01
5.56030e+02	2.51261e+01
5.81709e+02	2.43373e+01
6.08574e+02	2.35669e+01
6.36681e+02	2.28147e+01
6.66085e+02	2.20810e+01
6.96847e+02	2.13655e+01
7.29029e+02	2.06683e+01
7.62699e+02	1.99892e+01
7.97923e+02	1.93282e+01
8.34773e+02	1.86849e+01
8.73326e+02	1.80593e+01
9.13659e+02	1.74511e+01
9.55855e+02	1.68601e+01
1.00000e+03	1.62860e+01
1.04618e+03	1.57287e+01
1.09450e+03	1.51877e+01
1.14505e+03	1.46628e+01
1.19793e+03	1.41537e+01
1.25325e+03	1.36601e+01
1.31113e+03	1.31817e+01
1.37169e+03	1.27181e+01
1.43504e+03	1.22691e+01
1.50131e+03	1.18342e+01
1.57065e+03	1.14132e+01
1.64318e+03	1.10057e+01
1.71907e+03	1.06114e+01
1.79846e+03	1.02300e+01
1.88152e+03	9.86103e+00
1.96842e+03	9.50431e+00
2.05933e+03	9.15945e+00
2.15443e+03	8.82615e+00
2.25393e+03	8.50406e+00
2.35803e+03	8.19288e+00
2.46693e+03	7.89229e+00
2.58086e+03	7.60199e+00
2.70005e+03	7.32167e+00
2.82475e+03	7.05104e+00
2.95521e+03	6.78981e+00
3.09169e+03	6.53769e+00
3.23448e+03	6.29439e+00
3.38386e+03	6.05966e+00
3.54013e+03	5.83321e+00
3.70363e+03	5.61479e+00
3.87468e+03	5.40414e+00
4.05362e+03	5.20100e+00
4.24083e+03	5.00515e+00
4.43669e+03	4.81633e+00
4.64159e+03	4.63432e+00
4.85595e+03	4.45890e+00
5.08022e+03	4.28984e+00
5.31484e+03	4.12693e+00
5.56030e+03	3.96996e+00
5.81709e+03	3.81873e+00
6.08574e+03	3.67306e+00
6.36681e+03	3.53273e+00
6.66085e+03	3.39758e+00
6.96847e+03	3.26743e+00
7.29030e+03	3.14209e+00
7.62699e+03	3.02141e+00
7.97923e+03	2.90521e+00
8.34773e+03	2.79335e+00
8.73326e+03	2.68566e+00
9.13659e+03	2.58201e+00
9.55855e+03	2.48224e+00
1.00000e+04	2.38622e+00
1.04618e+04	2.29381e+00
1.09450e+04	2.20488e+00
1.14505e+04	2.11932e+00
1.19793e+04	2.03699e+00
1.25325e+04	1.95778e+00
1.31113e+04	1.88158e+00
1.37169e+04	1.80827e+00
1.43504e+04	1.73775e+00
1.50131e+04	1.66992e+00
1.57065e+04	1.60468e+00
1.64318e+04	1.54193e+00
1.71907e+04	1.48159e+00
1.79847e+04	1.42356e+00
1.88152e+04	1.36775e+00
1.96842e+04	1.31409e+00
2.05933e+04	1.26249e+00
2.15443e+04	1.21288e+00
2.25393e+04	1.16518e+00
2.35803e+04	1.11933e+00
2.46693e+04	1.07525e+00
2.58086e+04	1.03287e+00
2.70005e+04	9.92131e-01
2.82475e+04	9.52974e-01
2.95521e+04	9.15336e-01
3.09169e+04	8.79160e-01
3.23448e+04	8.44391e-01
3.38386e+04	8.10975e-01
3.54013e+04	7.78861e-01
3.70363e+04	7.47999e-01
3.87468e+04	7.18341e-01
4.05362e+04	6.89842e-01
4.24083e+04	6.62457e-01
4.43669e+04	6.36144e-01
4.64159e+04	6.10861e-01
4.85595e+04	5.86568e-01
5.08022e+04	5.63229e-01
5.31484e+04	5.40806e-01
5.56030e+04	5.19263e-01
5.81709e+04	4.98568e-01
6.08574e+04	4.78686e-01
6.36681e+04	4.59587e-01
6.66085e+04	4.41241e-01
6.96847e+04	4.23618e-01
7.29029e+04	4.06690e-01
7.62699e+04	3.90431e-01
7.97923e+04	3.74814e-01
8.34773e+04	3.59814e-01
8.73326e+04	3.45408e-01
9.13659e+04	3.31572e-01
9.55855e+04	3.18283e-01
1.00000e+05	3.05522e-01
1.04618e+05	2.93266e-01
1.09450e+05	2.81497e-01
1.14505e+05	2.70195e-01
1.19793e+05	2.59342e-01
1.25325e+05	2.48920e-01
1.31113e+05	2.38913e-01
1.37169e+05	2.29304e-01
1.43504e+05	2.20078e-01
1.50131e+05	2.11219e-01
1.57065e+05	2.02713e-01
1.64318e+05	1.94546e-01
1.71907e+05	1.86705e-01
1.79846e+05	1.79177e-01
1.88152e+05	1.71950e-01
1.96842e+05	1.65012e-01
2.05933e+05	1.58351e-01
2.15444e+05	1.51956e-01
2.25393e+05	1.45818e-01
2.35803e+05	1.39925e-01
2.46693e+05	1.34268e-01
2.58086e+05	1.28838e-01
2.70006e+05	1.23625e-01
2.82475e+05	1.18622e-01
2.95521e+05	1.13819e-01
3.09169e+05	1.09209e-01
3.23448e+05	1.04785e-01
3.38386e+05	1.00538e-01
3.54013e+05	9.64615e-02
3.70363e+05	9.25492e-02
3.87468e+05	8.87943e-02
4.05362e+05	8.51906e-02
4.24083e+05	8.17320e-02
4.43669e+05	7.84127e-02
4.64159e+05	7.52271e-02
4.85595e+05	7.21699e-02
5.08022e+05	6.92361e-02
5.31484e+05	6.64206e-02
5.56030e+05	6.37188e-02
5.81709e+05	6.11260e-02
6.08574e+05	5.86380e-02
6.36680e+05	5.62505e-02
6.66085e+05	5.39595e-02
6.96847e+05	5.17612e-02
7.29030e+05	4.96518e-02
7.62699e+05	4.76277e-02
7.97923e+05	4.56856e-02
8.34773e+05	4.38221e-02
8.73326e+05	4.20341e-02
9.13659e+05	4.03186e-02
9.55855e+05	3.86726e-02
1.00000e+06	3.70933e-02
