# C7H cross section
256
1.00000e+01	4.90700e-01
1.04600e+01	8.45900e-01
1.09400e+01	1.54300e+00
1.14500e+01	2.39700e+00
1.19800e+01	3.29400e+00
1.25300e+01	4.26300e+00
1.31100e+01	5.53400e+00
1.37200e+01	6.86700e+00
1.43500e+01	8.41600e+00
1.50100e+01	1.01000e+01
1.57100e+01	1.18100e+01
1.64300e+01	1.35400e+01
1.71900e+01	1.52500e+01
1.79800e+01	1.69500e+01
1.88200e+01	1.86500e+01
1.96800e+01	2.03800e+01
2.05900e+01	2.21300e+01
2.15400e+01	2.38500e+01
2.25400e+01	2.55200e+01
2.35800e+01	2.71500e+01
2.46700e+01	2.87400e+01
2.58100e+01	3.02900e+01
2.70000e+01	3.17900e+01
2.82500e+01	3.32500e+01
2.95500e+01	3.46700e+01
3.09200e+01	3.60400e+01
3.23400e+01	3.73800e+01
3.38400e+01	3.86600e+01
3.54000e+01	3.98700e+01
3.70400e+01	4.09900e+01
3.87500e+01	4.20400e+01
4.05400e+01	4.30000e+01
4.24100e+01	4.38900e+01
4.43700e+01	4.46900e+01
4.64200e+01	4.54100e+01
4.85600e+01	4.60400e+01
5.08000e+01	4.66000e+01
5.31500e+01	4.70700e+01
5.56000e+01	4.74600e+01
5.81700e+01	4.77800e+01
6.08600e+01	4.80200e+01
6.36700e+01	4.81900e+01
6.66100e+01	4.82900e+01
6.96800e+01	4.83200e+01
7.29000e+01	4.82800e+01
7.62700e+01	4.81800e+01
7.97900e+01	4.80200e+01
8.34800e+01	4.78000e+01
8.73300e+01	4.75300e+01
9.13700e+01	4.72000e+01
9.55900e+01	4.68200e+01
1.00000e+02	4.64000e+01
1.04600e+02	4.59400e+01
1.09400e+02	4.54300e+01
1.14500e+02	4.48900e+01
1.19800e+02	4.43100e+01
1.25300e+02	4.37100e+01
1.31100e+02	4.30700e+01
1.37200e+02	4.24100e+01
1.43500e+02	4.17200e+01
1.50100e+02	4.10100e+01
1.57100e+02	4.02900e+01
1.64300e+02	3.95400e+01
1.71900e+02	3.87900e+01
1.79800e+02	3.80200e+01
1.88200e+02	3.72400e+01
1.96800e+02	3.64600e+01
2.05900e+02	3.56600e+01
2.15400e+02	3.48700e+01
2.25400e+02	3.40700e+01
2.35800e+02	3.32700e+01
2.46700e+02	3.24800e+01
2.58100e+02	3.16800e+01
2.70000e+02	3.08900e+01
2.82500e+02	3.01100e+01
2.95500e+02	2.93300e+01
3.09200e+02	2.85500e+01
3.23400e+02	2.77900e+01
3.38400e+02	2.70400e+01
3.54000e+02	2.62900e+01
3.70400e+02	2.55600e+01
3.87500e+02	2.48300e+01
4.05400e+02	2.41200e+01
4.24100e+02	2.34200e+01
4.43700e+02	2.27300e+01
4.64200e+02	2.20600e+01
4.85600e+02	2.14000e+01
5.08000e+02	2.07500e+01
5.31500e+02	2.01100e+01
5.56000e+02	1.94900e+01
5.81700e+02	1.88900e+01
6.08600e+02	1.82900e+01
6.36700e+02	1.77100e+01
6.66100e+02	1.71500e+01
6.96800e+02	1.65900e+01
7.29000e+02	1.60600e+01
7.62700e+02	1.55300e+01
7.97900e+02	1.50200e+01
8.34800e+02	1.45200e+01
8.73300e+02	1.40400e+01
9.13700e+02	1.35700e+01
9.55900e+02	1.31100e+01
1.00000e+03	1.26700e+01
1.04600e+03	1.22400e+01
1.09400e+03	1.18200e+01
1.14500e+03	1.14100e+01
1.19800e+03	1.10200e+01
1.25300e+03	1.06400e+01
1.31100e+03	1.02700e+01
1.37200e+03	9.90700e+00
1.43500e+03	9.55900e+00
1.50100e+03	9.22200e+00
1.57100e+03	8.89500e+00
1.64300e+03	8.57900e+00
1.71900e+03	8.27300e+00
1.79800e+03	7.97700e+00
1.88200e+03	7.69000e+00
1.96800e+03	7.41300e+00
2.05900e+03	7.14500e+00
2.15400e+03	6.88600e+00
2.25400e+03	6.63600e+00
2.35800e+03	6.39400e+00
2.46700e+03	6.16000e+00
2.58100e+03	5.93400e+00
2.70000e+03	5.71600e+00
2.82500e+03	5.50500e+00
2.95500e+03	5.30200e+00
3.09200e+03	5.10600e+00
3.23400e+03	4.91600e+00
3.38400e+03	4.73300e+00
3.54000e+03	4.55700e+00
3.70400e+03	4.38700e+00
3.87500e+03	4.22200e+00
4.05400e+03	4.06400e+00
4.24100e+03	3.91100e+00
4.43700e+03	3.76400e+00
4.64200e+03	3.62200e+00
4.85600e+03	3.48600e+00
5.08000e+03	3.35400e+00
5.31500e+03	3.22700e+00
5.56000e+03	3.10400e+00
5.81700e+03	2.98600e+00
6.08600e+03	2.87200e+00
6.36700e+03	2.76300e+00
6.66100e+03	2.65700e+00
6.96800e+03	2.55600e+00
7.29000e+03	2.45800e+00
7.62700e+03	2.36400e+00
7.97900e+03	2.27300e+00
8.34800e+03	2.18500e+00
8.73300e+03	2.10100e+00
9.13700e+03	2.02000e+00
9.55900e+03	1.94200e+00
1.00000e+04	1.86700e+00
1.04600e+04	1.79500e+00
1.09400e+04	1.72600e+00
1.14500e+04	1.65900e+00
1.19800e+04	1.59400e+00
1.25300e+04	1.53200e+00
1.31100e+04	1.47300e+00
1.37200e+04	1.41600e+00
1.43500e+04	1.36000e+00
1.50100e+04	1.30700e+00
1.57100e+04	1.25600e+00
1.64300e+04	1.20700e+00
1.71900e+04	1.16000e+00
1.79800e+04	1.11500e+00
1.88200e+04	1.07100e+00
1.96800e+04	1.02900e+00
2.05900e+04	9.88600e-01
2.15400e+04	9.49800e-01
2.25400e+04	9.12500e-01
2.35800e+04	8.76600e-01
2.46700e+04	8.42100e-01
2.58100e+04	8.08900e-01
2.70000e+04	7.77000e-01
2.82500e+04	7.46400e-01
2.95500e+04	7.16900e-01
3.09200e+04	6.88600e-01
3.23400e+04	6.61400e-01
3.38400e+04	6.35200e-01
3.54000e+04	6.10100e-01
3.70400e+04	5.85900e-01
3.87500e+04	5.62700e-01
4.05400e+04	5.40400e-01
4.24100e+04	5.19000e-01
4.43700e+04	4.98400e-01
4.64200e+04	4.78600e-01
4.85600e+04	4.59500e-01
5.08000e+04	4.41300e-01
5.31500e+04	4.23700e-01
5.56000e+04	4.06800e-01
5.81700e+04	3.90600e-01
6.08600e+04	3.75100e-01
6.36700e+04	3.60100e-01
6.66100e+04	3.45700e-01
6.96800e+04	3.31900e-01
7.29000e+04	3.18700e-01
7.62700e+04	3.05900e-01
7.97900e+04	2.93700e-01
8.34800e+04	2.82000e-01
8.73300e+04	2.70700e-01
9.13700e+04	2.59800e-01
9.55900e+04	2.49400e-01
1.00000e+05	2.39400e-01
1.04600e+05	2.29800e-01
1.09400e+05	2.20600e-01
1.14500e+05	2.11800e-01
1.19800e+05	2.03200e-01
1.25300e+05	1.95100e-01
1.31100e+05	1.87200e-01
1.37200e+05	1.79700e-01
1.43500e+05	1.72500e-01
1.50100e+05	1.65500e-01
1.57100e+05	1.58900e-01
1.64300e+05	1.52500e-01
1.71900e+05	1.46300e-01
1.79800e+05	1.40400e-01
1.88200e+05	1.34800e-01
1.96800e+05	1.29300e-01
2.05900e+05	1.24100e-01
2.15400e+05	1.19100e-01
2.25400e+05	1.14300e-01
2.35800e+05	1.09700e-01
2.46700e+05	1.05200e-01
2.58100e+05	1.01000e-01
2.70000e+05	9.69100e-02
2.82500e+05	9.29900e-02
2.95500e+05	8.92200e-02
3.09200e+05	8.56100e-02
3.23400e+05	8.21400e-02
3.38400e+05	7.88100e-02
3.54000e+05	7.56200e-02
3.70400e+05	7.25500e-02
3.87500e+05	6.96100e-02
4.05400e+05	6.67800e-02
4.24100e+05	6.40700e-02
4.43700e+05	6.14700e-02
4.64200e+05	5.89800e-02
4.85600e+05	5.65800e-02
5.08000e+05	5.42800e-02
5.31500e+05	5.20700e-02
5.56000e+05	4.99500e-02
5.81700e+05	4.79200e-02
6.08600e+05	4.59700e-02
6.36700e+05	4.41000e-02
6.66100e+05	4.23100e-02
6.96800e+05	4.05800e-02
7.29000e+05	3.89300e-02
7.62700e+05	3.73400e-02
7.97900e+05	3.58200e-02
8.34800e+05	3.43600e-02
8.73300e+05	3.29600e-02
9.13700e+05	3.16100e-02
9.55900e+05	3.03200e-02
1.00000e+06	2.90800e-02
