# C7H7 cross section
256
1.00000e+01	3.30658e+00
1.04618e+01	4.07467e+00
1.09450e+01	4.88593e+00
1.14505e+01	5.74038e+00
1.19793e+01	6.80668e+00
1.25325e+01	8.12507e+00
1.31113e+01	9.56625e+00
1.37169e+01	1.12733e+01
1.43504e+01	1.30171e+01
1.50131e+01	1.48724e+01
1.57065e+01	1.68991e+01
1.64318e+01	1.89383e+01
1.71907e+01	2.10284e+01
1.79846e+01	2.32853e+01
1.88152e+01	2.55321e+01
1.96842e+01	2.77790e+01
2.05933e+01	3.00264e+01
2.15444e+01	3.23265e+01
2.25393e+01	3.45978e+01
2.35803e+01	3.68126e+01
2.46693e+01	3.89959e+01
2.58086e+01	4.11724e+01
2.70006e+01	4.33001e+01
2.82475e+01	4.53667e+01
2.95521e+01	4.73470e+01
3.09169e+01	4.92347e+01
3.23448e+01	5.10245e+01
3.38385e+01	5.27121e+01
3.54013e+01	5.42942e+01
3.70363e+01	5.57682e+01
3.87467e+01	5.71324e+01
4.05362e+01	5.83857e+01
4.24083e+01	5.95276e+01
4.43669e+01	6.05580e+01
4.64159e+01	6.14775e+01
4.85595e+01	6.22872e+01
5.08022e+01	6.29883e+01
5.31484e+01	6.35826e+01
5.56030e+01	6.40722e+01
5.81709e+01	6.44594e+01
6.08575e+01	6.47470e+01
6.36681e+01	6.49377e+01
6.66085e+01	6.50346e+01
6.96847e+01	6.50410e+01
7.29030e+01	6.49604e+01
7.62699e+01	6.47962e+01
7.97923e+01	6.45522e+01
8.34773e+01	6.42320e+01
8.73326e+01	6.38396e+01
9.13659e+01	6.33787e+01
9.55855e+01	6.28533e+01
1.00000e+02	6.22673e+01
1.04618e+02	6.16246e+01
1.09450e+02	6.09291e+01
1.14505e+02	6.01845e+01
1.19793e+02	5.93948e+01
1.25325e+02	5.85636e+01
1.31113e+02	5.76947e+01
1.37169e+02	5.67915e+01
1.43504e+02	5.58576e+01
1.50131e+02	5.48963e+01
1.57065e+02	5.39109e+01
1.64318e+02	5.29047e+01
1.71907e+02	5.18805e+01
1.79846e+02	5.08414e+01
1.88152e+02	4.97901e+01
1.96842e+02	4.87293e+01
2.05933e+02	4.76614e+01
2.15444e+02	4.65889e+01
2.25393e+02	4.55140e+01
2.35803e+02	4.44388e+01
2.46693e+02	4.33654e+01
2.58086e+02	4.22956e+01
2.70005e+02	4.12310e+01
2.82475e+02	4.01734e+01
2.95521e+02	3.91254e+01
3.09169e+02	3.80887e+01
3.23448e+02	3.70632e+01
3.38385e+02	3.60500e+01
3.54013e+02	3.50501e+01
3.70363e+02	3.40643e+01
3.87467e+02	3.30936e+01
4.05362e+02	3.21385e+01
4.24083e+02	3.11998e+01
4.43669e+02	3.02779e+01
4.64159e+02	2.93733e+01
4.85595e+02	2.84866e+01
5.08022e+02	2.76178e+01
5.31484e+02	2.67675e+01
5.56030e+02	2.59356e+01
5.81709e+02	2.51225e+01
6.08574e+02	2.43281e+01
6.36681e+02	2.35526e+01
6.66085e+02	2.27960e+01
6.96847e+02	2.20582e+01
7.29029e+02	2.13391e+01
7.62699e+02	2.06387e+01
7.97923e+02	1.99568e+01
8.34773e+02	1.92932e+01
8.73326e+02	1.86478e+01
9.13659e+02	1.80203e+01
9.55855e+02	1.74105e+01
1.00000e+03	1.68181e+01
1.04618e+03	1.62429e+01
1.09450e+03	1.56846e+01
1.14505e+03	1.51428e+01
1.19793e+03	1.46174e+01
1.25325e+03	1.41079e+01
1.31113e+03	1.36140e+01
1.37169e+03	1.31354e+01
1.43504e+03	1.26718e+01
1.50131e+03	1.22228e+01
1.57065e+03	1.17881e+01
1.64318e+03	1.13674e+01
1.71907e+03	1.09602e+01
1.79846e+03	1.05663e+01
1.88152e+03	1.01853e+01
1.96842e+03	9.81693e+00
2.05933e+03	9.46077e+00
2.15443e+03	9.11653e+00
2.25393e+03	8.78386e+00
2.35803e+03	8.46245e+00
2.46693e+03	8.15197e+00
2.58086e+03	7.85211e+00
2.70005e+03	7.56256e+00
2.82475e+03	7.28301e+00
2.95521e+03	7.01316e+00
3.09169e+03	6.75271e+00
3.23448e+03	6.50138e+00
3.38386e+03	6.25888e+00
3.54013e+03	6.02495e+00
3.70363e+03	5.79930e+00
3.87468e+03	5.58167e+00
4.05362e+03	5.37182e+00
4.24083e+03	5.16948e+00
4.43669e+03	4.97441e+00
4.64159e+03	4.78637e+00
4.85595e+03	4.60514e+00
5.08022e+03	4.43048e+00
5.31484e+03	4.26217e+00
5.56030e+03	4.10000e+00
5.81709e+03	3.94377e+00
6.08574e+03	3.79326e+00
6.36681e+03	3.64829e+00
6.66085e+03	3.50867e+00
6.96847e+03	3.37420e+00
7.29030e+03	3.24472e+00
7.62699e+03	3.12004e+00
7.97923e+03	3.00000e+00
8.34773e+03	2.88443e+00
8.73326e+03	2.77319e+00
9.13659e+03	2.66610e+00
9.55855e+03	2.56304e+00
1.00000e+04	2.46385e+00
1.04618e+04	2.36839e+00
1.09450e+04	2.27653e+00
1.14505e+04	2.18814e+00
1.19793e+04	2.10310e+00
1.25325e+04	2.02127e+00
1.31113e+04	1.94256e+00
1.37169e+04	1.86684e+00
1.43504e+04	1.79400e+00
1.50131e+04	1.72394e+00
1.57065e+04	1.65655e+00
1.64318e+04	1.59175e+00
1.71907e+04	1.52942e+00
1.79847e+04	1.46948e+00
1.88152e+04	1.41185e+00
1.96842e+04	1.35643e+00
2.05933e+04	1.30314e+00
2.15443e+04	1.25191e+00
2.25393e+04	1.20265e+00
2.35803e+04	1.15529e+00
2.46693e+04	1.10977e+00
2.58086e+04	1.06601e+00
2.70005e+04	1.02395e+00
2.82475e+04	9.83511e-01
2.95521e+04	9.44647e-01
3.09169e+04	9.07293e-01
3.23448e+04	8.71393e-01
3.38386e+04	8.36891e-01
3.54013e+04	8.03733e-01
3.70363e+04	7.71869e-01
3.87468e+04	7.41250e-01
4.05362e+04	7.11827e-01
4.24083e+04	6.83555e-01
4.43669e+04	6.56389e-01
4.64159e+04	6.30289e-01
4.85595e+04	6.05211e-01
5.08022e+04	5.81118e-01
5.31484e+04	5.57971e-01
5.56030e+04	5.35733e-01
5.81709e+04	5.14371e-01
6.08574e+04	4.93849e-01
6.36681e+04	4.74136e-01
6.66085e+04	4.55199e-01
6.96847e+04	4.37010e-01
7.29029e+04	4.19539e-01
7.62699e+04	4.02758e-01
7.97923e+04	3.86640e-01
8.34773e+04	3.71159e-01
8.73326e+04	3.56292e-01
9.13659e+04	3.42013e-01
9.55855e+04	3.28300e-01
1.00000e+05	3.15130e-01
1.04618e+05	3.02484e-01
1.09450e+05	2.90339e-01
1.14505e+05	2.78676e-01
1.19793e+05	2.67478e-01
1.25325e+05	2.56724e-01
1.31113e+05	2.46398e-01
1.37169e+05	2.36484e-01
1.43504e+05	2.26964e-01
1.50131e+05	2.17824e-01
1.57065e+05	2.09049e-01
1.64318e+05	2.00623e-01
1.71907e+05	1.92534e-01
1.79846e+05	1.84768e-01
1.88152e+05	1.77312e-01
1.96842e+05	1.70154e-01
2.05933e+05	1.63282e-01
2.15444e+05	1.56686e-01
2.25393e+05	1.50354e-01
2.35803e+05	1.44275e-01
2.46693e+05	1.38440e-01
2.58086e+05	1.32838e-01
2.70006e+05	1.27462e-01
2.82475e+05	1.22301e-01
2.95521e+05	1.17348e-01
3.09169e+05	1.12593e-01
3.23448e+05	1.08029e-01
3.38386e+05	1.03649e-01
3.54013e+05	9.94452e-02
3.70363e+05	9.54104e-02
3.87468e+05	9.15380e-02
4.05362e+05	8.78214e-02
4.24083e+05	8.42546e-02
4.43669e+05	8.08316e-02
4.64159e+05	7.75465e-02
4.85595e+05	7.43939e-02
5.08022e+05	7.13686e-02
5.31484e+05	6.84653e-02
5.56030e+05	6.56793e-02
5.81709e+05	6.30058e-02
6.08574e+05	6.04403e-02
6.36680e+05	5.79786e-02
6.66085e+05	5.56164e-02
6.96847e+05	5.33497e-02
7.29030e+05	5.11748e-02
7.62699e+05	4.90879e-02
7.97923e+05	4.70855e-02
8.34773e+05	4.51643e-02
8.73326e+05	4.33209e-02
9.13659e+05	4.15523e-02
9.55855e+05	3.98553e-02
1.00000e+06	3.82272e-02
