# C8H cross section
256
1.00000e+01	4.61095e-03
1.04618e+01	1.66068e-01
1.09450e+01	5.20268e-01
1.14505e+01	1.10736e+00
1.19793e+01	1.85997e+00
1.25325e+01	2.80283e+00
1.31113e+01	3.82635e+00
1.37169e+01	5.09282e+00
1.43504e+01	6.53040e+00
1.50131e+01	8.21304e+00
1.57065e+01	9.93627e+00
1.64318e+01	1.16829e+01
1.71907e+01	1.34380e+01
1.79846e+01	1.51895e+01
1.88152e+01	1.69997e+01
1.96842e+01	1.87992e+01
2.05933e+01	2.05698e+01
2.15444e+01	2.23027e+01
2.25393e+01	2.40346e+01
2.35803e+01	2.57521e+01
2.46693e+01	2.74540e+01
2.58086e+01	2.91426e+01
2.70006e+01	3.07736e+01
2.82475e+01	3.23468e+01
2.95521e+01	3.38764e+01
3.09169e+01	3.53783e+01
3.23448e+01	3.68573e+01
3.38385e+01	3.82792e+01
3.54013e+01	3.96275e+01
3.70363e+01	4.08983e+01
3.87467e+01	4.20889e+01
4.05362e+01	4.31970e+01
4.24083e+01	4.42211e+01
4.43669e+01	4.51601e+01
4.64159e+01	4.60136e+01
4.85595e+01	4.67816e+01
5.08022e+01	4.74644e+01
5.31484e+01	4.80628e+01
5.56030e+01	4.85779e+01
5.81709e+01	4.90110e+01
6.08575e+01	4.93637e+01
6.36681e+01	4.96381e+01
6.66085e+01	4.98361e+01
6.96847e+01	4.99601e+01
7.29030e+01	5.00125e+01
7.62699e+01	4.99958e+01
7.97923e+01	4.99129e+01
8.34773e+01	4.97664e+01
8.73326e+01	4.95593e+01
9.13659e+01	4.92945e+01
9.55855e+01	4.89749e+01
1.00000e+02	4.86037e+01
1.04618e+02	4.81839e+01
1.09450e+02	4.77184e+01
1.14505e+02	4.72103e+01
1.19793e+02	4.66626e+01
1.25325e+02	4.60783e+01
1.31113e+02	4.54603e+01
1.37169e+02	4.48114e+01
1.43504e+02	4.41345e+01
1.50131e+02	4.34322e+01
1.57065e+02	4.27073e+01
1.64318e+02	4.19623e+01
1.71907e+02	4.11997e+01
1.79846e+02	4.04218e+01
1.88152e+02	3.96311e+01
1.96842e+02	3.88296e+01
2.05933e+02	3.80195e+01
2.15444e+02	3.72028e+01
2.25393e+02	3.63813e+01
2.35803e+02	3.55569e+01
2.46693e+02	3.47313e+01
2.58086e+02	3.39059e+01
2.70005e+02	3.30824e+01
2.82475e+02	3.22621e+01
2.95521e+02	3.14463e+01
3.09169e+02	3.06366e+01
3.23448e+02	2.98361e+01
3.38385e+02	2.90435e+01
3.54013e+02	2.82599e+01
3.70363e+02	2.74860e+01
3.87467e+02	2.67225e+01
4.05362e+02	2.59700e+01
4.24083e+02	2.52292e+01
4.43669e+02	2.45005e+01
4.64159e+02	2.37845e+01
4.85595e+02	2.30815e+01
5.08022e+02	2.23919e+01
5.31484e+02	2.17158e+01
5.56030e+02	2.10537e+01
5.81709e+02	2.04056e+01
6.08574e+02	1.97718e+01
6.36681e+02	1.91522e+01
6.66085e+02	1.85470e+01
6.96847e+02	1.79563e+01
7.29029e+02	1.73799e+01
7.62699e+02	1.68179e+01
7.97923e+02	1.62702e+01
8.34773e+02	1.57367e+01
8.73326e+02	1.52174e+01
9.13659e+02	1.47120e+01
9.55855e+02	1.42204e+01
1.00000e+03	1.37425e+01
1.04618e+03	1.32781e+01
1.09450e+03	1.28269e+01
1.14505e+03	1.23888e+01
1.19793e+03	1.19636e+01
1.25325e+03	1.15510e+01
1.31113e+03	1.11507e+01
1.37169e+03	1.07626e+01
1.43504e+03	1.03864e+01
1.50131e+03	1.00218e+01
1.57065e+03	9.66861e+00
1.64318e+03	9.32655e+00
1.71907e+03	8.99535e+00
1.79846e+03	8.67475e+00
1.88152e+03	8.36450e+00
1.96842e+03	8.06433e+00
2.05933e+03	7.77399e+00
2.15443e+03	7.49322e+00
2.25393e+03	7.22177e+00
2.35803e+03	6.95937e+00
2.46693e+03	6.70578e+00
2.58086e+03	6.46075e+00
2.70005e+03	6.22405e+00
2.82475e+03	5.99542e+00
2.95521e+03	5.77463e+00
3.09169e+03	5.56146e+00
3.23448e+03	5.35566e+00
3.38386e+03	5.15703e+00
3.54013e+03	4.96534e+00
3.70363e+03	4.78037e+00
3.87468e+03	4.60192e+00
4.05362e+03	4.42978e+00
4.24083e+03	4.26375e+00
4.43669e+03	4.10363e+00
4.64159e+03	3.94924e+00
4.85595e+03	3.80039e+00
5.08022e+03	3.65689e+00
5.31484e+03	3.51858e+00
5.56030e+03	3.38527e+00
5.81709e+03	3.25681e+00
6.08574e+03	3.13302e+00
6.36681e+03	3.01376e+00
6.66085e+03	2.89886e+00
6.96847e+03	2.78818e+00
7.29030e+03	2.68158e+00
7.62699e+03	2.57891e+00
7.97923e+03	2.48004e+00
8.34773e+03	2.38483e+00
8.73326e+03	2.29316e+00
9.13659e+03	2.20490e+00
9.55855e+03	2.11993e+00
1.00000e+04	2.03815e+00
1.04618e+04	1.95942e+00
1.09450e+04	1.88365e+00
1.14505e+04	1.81073e+00
1.19793e+04	1.74056e+00
1.25325e+04	1.67303e+00
1.31113e+04	1.60805e+00
1.37169e+04	1.54554e+00
1.43504e+04	1.48540e+00
1.50131e+04	1.42754e+00
1.57065e+04	1.37188e+00
1.64318e+04	1.31834e+00
1.71907e+04	1.26684e+00
1.79847e+04	1.21731e+00
1.88152e+04	1.16968e+00
1.96842e+04	1.12387e+00
2.05933e+04	1.07982e+00
2.15443e+04	1.03746e+00
2.25393e+04	9.96727e-01
2.35803e+04	9.57564e-01
2.46693e+04	9.19910e-01
2.58086e+04	8.83710e-01
2.70005e+04	8.48908e-01
2.82475e+04	8.15452e-01
2.95521e+04	7.83291e-01
3.09169e+04	7.52377e-01
3.23448e+04	7.22662e-01
3.38386e+04	6.94102e-01
3.54013e+04	6.66651e-01
3.70363e+04	6.40269e-01
3.87468e+04	6.14915e-01
4.05362e+04	5.90549e-01
4.24083e+04	5.67133e-01
4.43669e+04	5.44632e-01
4.64159e+04	5.23011e-01
4.85595e+04	5.02236e-01
5.08022e+04	4.82274e-01
5.31484e+04	4.63094e-01
5.56030e+04	4.44667e-01
5.81709e+04	4.26963e-01
6.08574e+04	4.09954e-01
6.36681e+04	3.93614e-01
6.66085e+04	3.77917e-01
6.96847e+04	3.62837e-01
7.29029e+04	3.48352e-01
7.62699e+04	3.34438e-01
7.97923e+04	3.21073e-01
8.34773e+04	3.08235e-01
8.73326e+04	2.95905e-01
9.13659e+04	2.84062e-01
9.55855e+04	2.72688e-01
1.00000e+05	2.61763e-01
1.04618e+05	2.51272e-01
1.09450e+05	2.41196e-01
1.14505e+05	2.31520e-01
1.19793e+05	2.22228e-01
1.25325e+05	2.13304e-01
1.31113e+05	2.04736e-01
1.37169e+05	1.96507e-01
1.43504e+05	1.88607e-01
1.50131e+05	1.81020e-01
1.57065e+05	1.73736e-01
1.64318e+05	1.66741e-01
1.71907e+05	1.60026e-01
1.79846e+05	1.53578e-01
1.88152e+05	1.47388e-01
1.96842e+05	1.41445e-01
2.05933e+05	1.35739e-01
2.15444e+05	1.30261e-01
2.25393e+05	1.25002e-01
2.35803e+05	1.19954e-01
2.46693e+05	1.15107e-01
2.58086e+05	1.10455e-01
2.70006e+05	1.05989e-01
2.82475e+05	1.01702e-01
2.95521e+05	9.75868e-02
3.09169e+05	9.36368e-02
3.23448e+05	8.98452e-02
3.38386e+05	8.62060e-02
3.54013e+05	8.27129e-02
3.70363e+05	7.93601e-02
3.87468e+05	7.61422e-02
4.05362e+05	7.30537e-02
4.24083e+05	7.00894e-02
4.43669e+05	6.72445e-02
4.64159e+05	6.45141e-02
4.85595e+05	6.18938e-02
5.08022e+05	5.93790e-02
5.31484e+05	5.69656e-02
5.56030e+05	5.46496e-02
5.81709e+05	5.24270e-02
6.08574e+05	5.02942e-02
6.36680e+05	4.82475e-02
6.66085e+05	4.62834e-02
6.96847e+05	4.43987e-02
7.29030e+05	4.25902e-02
7.62699e+05	4.08549e-02
7.97923e+05	3.91898e-02
8.34773e+05	3.75920e-02
8.73326e+05	3.60589e-02
9.13659e+05	3.45879e-02
9.55855e+05	3.31766e-02
1.00000e+06	3.18224e-02
