# CCO cross section
256
1.00000e+01	0.00000e+00
1.04618e+01	0.00000e+00
1.09450e+01	0.00000e+00
1.14505e+01	5.08496e-02
1.19793e+01	2.65081e-01
1.25325e+01	5.27808e-01
1.31113e+01	8.30269e-01
1.37169e+01	1.18774e+00
1.43504e+01	1.55971e+00
1.50131e+01	1.94196e+00
1.57065e+01	2.33079e+00
1.64318e+01	2.72296e+00
1.71907e+01	3.19891e+00
1.79846e+01	3.73291e+00
1.88152e+01	4.29145e+00
1.96842e+01	4.85367e+00
2.05933e+01	5.41545e+00
2.15444e+01	5.98274e+00
2.25393e+01	6.56396e+00
2.35803e+01	7.15286e+00
2.46693e+01	7.73277e+00
2.58086e+01	8.30087e+00
2.70006e+01	8.86732e+00
2.82475e+01	9.42655e+00
2.95521e+01	9.96906e+00
3.09169e+01	1.05036e+01
3.23448e+01	1.10253e+01
3.38385e+01	1.15265e+01
3.54013e+01	1.20057e+01
3.70363e+01	1.24616e+01
3.87467e+01	1.28932e+01
4.05362e+01	1.32997e+01
4.24083e+01	1.36869e+01
4.43669e+01	1.40584e+01
4.64159e+01	1.44047e+01
4.85595e+01	1.47252e+01
5.08022e+01	1.50196e+01
5.31484e+01	1.52876e+01
5.56030e+01	1.55292e+01
5.81709e+01	1.57444e+01
6.08575e+01	1.59335e+01
6.36681e+01	1.60966e+01
6.66085e+01	1.62341e+01
6.96847e+01	1.63466e+01
7.29030e+01	1.64345e+01
7.62699e+01	1.64984e+01
7.97923e+01	1.65389e+01
8.34773e+01	1.65568e+01
8.73326e+01	1.65528e+01
9.13659e+01	1.65276e+01
9.55855e+01	1.64822e+01
1.00000e+02	1.64174e+01
1.04618e+02	1.63340e+01
1.09450e+02	1.62329e+01
1.14505e+02	1.61151e+01
1.19793e+02	1.59815e+01
1.25325e+02	1.58330e+01
1.31113e+02	1.56705e+01
1.37169e+02	1.54950e+01
1.43504e+02	1.53074e+01
1.50131e+02	1.51086e+01
1.57065e+02	1.48995e+01
1.64318e+02	1.46810e+01
1.71907e+02	1.44539e+01
1.79846e+02	1.42191e+01
1.88152e+02	1.39774e+01
1.96842e+02	1.37296e+01
2.05933e+02	1.34766e+01
2.15444e+02	1.32189e+01
2.25393e+02	1.29574e+01
2.35803e+02	1.26928e+01
2.46693e+02	1.24256e+01
2.58086e+02	1.21565e+01
2.70005e+02	1.18862e+01
2.82475e+02	1.16151e+01
2.95521e+02	1.13438e+01
3.09169e+02	1.10728e+01
3.23448e+02	1.08032e+01
3.38385e+02	1.05349e+01
3.54013e+02	1.02682e+01
3.70363e+02	1.00036e+01
3.87467e+02	9.74123e+00
4.05362e+02	9.48156e+00
4.24083e+02	9.22485e+00
4.43669e+02	8.97133e+00
4.64159e+02	8.72125e+00
4.85595e+02	8.47481e+00
5.08022e+02	8.23222e+00
5.31484e+02	7.99363e+00
5.56030e+02	7.75920e+00
5.81709e+02	7.52913e+00
6.08574e+02	7.30348e+00
6.36681e+02	7.08233e+00
6.66085e+02	6.86575e+00
6.96847e+02	6.65379e+00
7.29029e+02	6.44650e+00
7.62699e+02	6.24392e+00
7.97923e+02	6.04605e+00
8.34773e+02	5.85292e+00
8.73326e+02	5.66452e+00
9.13659e+02	5.48083e+00
9.55855e+02	5.30184e+00
1.00000e+03	5.12751e+00
1.04618e+03	4.95781e+00
1.09450e+03	4.79269e+00
1.14505e+03	4.63210e+00
1.19793e+03	4.47599e+00
1.25325e+03	4.32429e+00
1.31113e+03	4.17695e+00
1.37169e+03	4.03389e+00
1.43504e+03	3.89503e+00
1.50131e+03	3.76031e+00
1.57065e+03	3.62965e+00
1.64318e+03	3.50297e+00
1.71907e+03	3.38018e+00
1.79846e+03	3.26120e+00
1.88152e+03	3.14595e+00
1.96842e+03	3.03434e+00
2.05933e+03	2.92629e+00
2.15443e+03	2.82171e+00
2.25393e+03	2.72052e+00
2.35803e+03	2.62263e+00
2.46693e+03	2.52795e+00
2.58086e+03	2.43641e+00
2.70005e+03	2.34791e+00
2.82475e+03	2.26237e+00
2.95521e+03	2.17972e+00
3.09169e+03	2.09987e+00
3.23448e+03	2.02274e+00
3.38386e+03	1.94825e+00
3.54013e+03	1.87632e+00
3.70363e+03	1.80689e+00
3.87468e+03	1.73986e+00
4.05362e+03	1.67517e+00
4.24083e+03	1.61276e+00
4.43669e+03	1.55253e+00
4.64159e+03	1.49444e+00
4.85595e+03	1.43841e+00
5.08022e+03	1.38437e+00
5.31484e+03	1.33227e+00
5.56030e+03	1.28203e+00
5.81709e+03	1.23360e+00
6.08574e+03	1.18692e+00
6.36681e+03	1.14193e+00
6.66085e+03	1.09858e+00
6.96847e+03	1.05680e+00
7.29030e+03	1.01655e+00
7.62699e+03	9.77775e-01
7.97923e+03	9.40423e-01
8.34773e+03	9.04447e-01
8.73326e+03	8.69798e-01
9.13659e+03	8.36431e-01
9.55855e+03	8.04302e-01
1.00000e+04	7.73366e-01
1.04618e+04	7.43583e-01
1.09450e+04	7.14912e-01
1.14505e+04	6.87314e-01
1.19793e+04	6.60749e-01
1.25325e+04	6.35182e-01
1.31113e+04	6.10577e-01
1.37169e+04	5.86900e-01
1.43504e+04	5.64116e-01
1.50131e+04	5.42194e-01
1.57065e+04	5.21102e-01
1.64318e+04	5.00811e-01
1.71907e+04	4.81291e-01
1.79847e+04	4.62514e-01
1.88152e+04	4.44452e-01
1.96842e+04	4.27081e-01
2.05933e+04	4.10373e-01
2.15443e+04	3.94305e-01
2.25393e+04	3.78853e-01
2.35803e+04	3.63994e-01
2.46693e+04	3.49706e-01
2.58086e+04	3.35967e-01
2.70005e+04	3.22758e-01
2.82475e+04	3.10059e-01
2.95521e+04	2.97850e-01
3.09169e+04	2.86113e-01
3.23448e+04	2.74830e-01
3.38386e+04	2.63985e-01
3.54013e+04	2.53560e-01
3.70363e+04	2.43539e-01
3.87468e+04	2.33909e-01
4.05362e+04	2.24653e-01
4.24083e+04	2.15757e-01
4.43669e+04	2.07208e-01
4.64159e+04	1.98993e-01
4.85595e+04	1.91098e-01
5.08022e+04	1.83512e-01
5.31484e+04	1.76223e-01
5.56030e+04	1.69218e-01
5.81709e+04	1.62489e-01
6.08574e+04	1.56023e-01
6.36681e+04	1.49811e-01
6.66085e+04	1.43843e-01
6.96847e+04	1.38110e-01
7.29029e+04	1.32602e-01
7.62699e+04	1.27311e-01
7.97923e+04	1.22229e-01
8.34773e+04	1.17346e-01
8.73326e+04	1.12657e-01
9.13659e+04	1.08152e-01
9.55855e+04	1.03826e-01
1.00000e+05	9.96703e-02
1.04618e+05	9.56791e-02
1.09450e+05	9.18460e-02
1.14505e+05	8.81646e-02
1.19793e+05	8.46292e-02
1.25325e+05	8.12339e-02
1.31113e+05	7.79734e-02
1.37169e+05	7.48424e-02
1.43504e+05	7.18357e-02
1.50131e+05	6.89485e-02
1.57065e+05	6.61762e-02
1.64318e+05	6.35142e-02
1.71907e+05	6.09582e-02
1.79846e+05	5.85040e-02
1.88152e+05	5.61477e-02
1.96842e+05	5.38853e-02
2.05933e+05	5.17132e-02
2.15444e+05	4.96278e-02
2.25393e+05	4.76257e-02
2.35803e+05	4.57036e-02
2.46693e+05	4.38584e-02
2.58086e+05	4.20870e-02
2.70006e+05	4.03865e-02
2.82475e+05	3.87540e-02
2.95521e+05	3.71870e-02
3.09169e+05	3.56828e-02
3.23448e+05	3.42389e-02
3.38386e+05	3.28529e-02
3.54013e+05	3.15226e-02
3.70363e+05	3.02456e-02
3.87468e+05	2.90200e-02
4.05362e+05	2.78436e-02
4.24083e+05	2.67145e-02
4.43669e+05	2.56308e-02
4.64159e+05	2.45908e-02
4.85595e+05	2.35926e-02
5.08022e+05	2.26346e-02
5.31484e+05	2.17152e-02
5.56030e+05	2.08328e-02
5.81709e+05	1.99860e-02
6.08574e+05	1.91734e-02
6.36680e+05	1.83936e-02
6.66085e+05	1.76453e-02
6.96847e+05	1.69271e-02
7.29030e+05	1.62380e-02
7.62699e+05	1.55768e-02
7.97923e+05	1.49422e-02
8.34773e+05	1.43334e-02
8.73326e+05	1.37491e-02
9.13659e+05	1.31886e-02
9.55855e+05	1.26507e-02
1.00000e+06	1.21346e-02
