# CH2CHCHCH2 cross section
256
1.00000e+01	5.86544e-01
1.04618e+01	8.95838e-01
1.09450e+01	1.21883e+00
1.14505e+01	1.55162e+00
1.19793e+01	1.96211e+00
1.25325e+01	2.53813e+00
1.31113e+01	3.25843e+00
1.37169e+01	4.02373e+00
1.43504e+01	5.02690e+00
1.50131e+01	6.07930e+00
1.57065e+01	7.15802e+00
1.64318e+01	8.43427e+00
1.71907e+01	9.75893e+00
1.79846e+01	1.10912e+01
1.88152e+01	1.24203e+01
1.96842e+01	1.37371e+01
2.05933e+01	1.50337e+01
2.15444e+01	1.63766e+01
2.25393e+01	1.76934e+01
2.35803e+01	1.90336e+01
2.46693e+01	2.03410e+01
2.58086e+01	2.16080e+01
2.70006e+01	2.28294e+01
2.82475e+01	2.40332e+01
2.95521e+01	2.51960e+01
3.09169e+01	2.63345e+01
3.23448e+01	2.74263e+01
3.38385e+01	2.84611e+01
3.54013e+01	2.94363e+01
3.70363e+01	3.03499e+01
3.87467e+01	3.12002e+01
4.05362e+01	3.19861e+01
4.24083e+01	3.27072e+01
4.43669e+01	3.33630e+01
4.64159e+01	3.39536e+01
4.85595e+01	3.44795e+01
5.08022e+01	3.49413e+01
5.31484e+01	3.53398e+01
5.56030e+01	3.56762e+01
5.81709e+01	3.59519e+01
6.08575e+01	3.61682e+01
6.36681e+01	3.63269e+01
6.66085e+01	3.64297e+01
6.96847e+01	3.64785e+01
7.29030e+01	3.64753e+01
7.62699e+01	3.64223e+01
7.97923e+01	3.63215e+01
8.34773e+01	3.61752e+01
8.73326e+01	3.59856e+01
9.13659e+01	3.57551e+01
9.55855e+01	3.54858e+01
1.00000e+02	3.51803e+01
1.04618e+02	3.48406e+01
1.09450e+02	3.44691e+01
1.14505e+02	3.40682e+01
1.19793e+02	3.36400e+01
1.25325e+02	3.31868e+01
1.31113e+02	3.27106e+01
1.37169e+02	3.22137e+01
1.43504e+02	3.16981e+01
1.50131e+02	3.11658e+01
1.57065e+02	3.06186e+01
1.64318e+02	3.00585e+01
1.71907e+02	2.94873e+01
1.79846e+02	2.89066e+01
1.88152e+02	2.83182e+01
1.96842e+02	2.77235e+01
2.05933e+02	2.71241e+01
2.15444e+02	2.65213e+01
2.25393e+02	2.59165e+01
2.35803e+02	2.53110e+01
2.46693e+02	2.47058e+01
2.58086e+02	2.41022e+01
2.70005e+02	2.35010e+01
2.82475e+02	2.29034e+01
2.95521e+02	2.23100e+01
3.09169e+02	2.17222e+01
3.23448e+02	2.11413e+01
3.38385e+02	2.05671e+01
3.54013e+02	2.00002e+01
3.70363e+02	1.94410e+01
3.87467e+02	1.88901e+01
4.05362e+02	1.83479e+01
4.24083e+02	1.78147e+01
4.43669e+02	1.72910e+01
4.64159e+02	1.67769e+01
4.85595e+02	1.62727e+01
5.08022e+02	1.57786e+01
5.31484e+02	1.52949e+01
5.56030e+02	1.48215e+01
5.81709e+02	1.43587e+01
6.08574e+02	1.39064e+01
6.36681e+02	1.34648e+01
6.66085e+02	1.30338e+01
6.96847e+02	1.26134e+01
7.29029e+02	1.22036e+01
7.62699e+02	1.18044e+01
7.97923e+02	1.14156e+01
8.34773e+02	1.10372e+01
8.73326e+02	1.06691e+01
9.13659e+02	1.03111e+01
9.55855e+02	9.96320e+00
1.00000e+03	9.62516e+00
1.04618e+03	9.29687e+00
1.09450e+03	8.97815e+00
1.14505e+03	8.66886e+00
1.19793e+03	8.36881e+00
1.25325e+03	8.07783e+00
1.31113e+03	7.79573e+00
1.37169e+03	7.52234e+00
1.43504e+03	7.25746e+00
1.50131e+03	7.00090e+00
1.57065e+03	6.75247e+00
1.64318e+03	6.51198e+00
1.71907e+03	6.27924e+00
1.79846e+03	6.05405e+00
1.88152e+03	5.83622e+00
1.96842e+03	5.62556e+00
2.05933e+03	5.42187e+00
2.15443e+03	5.22498e+00
2.25393e+03	5.03469e+00
2.35803e+03	4.85081e+00
2.46693e+03	4.67318e+00
2.58086e+03	4.50160e+00
2.70005e+03	4.33590e+00
2.82475e+03	4.17591e+00
2.95521e+03	4.02145e+00
3.09169e+03	3.87237e+00
3.23448e+03	3.72849e+00
3.38386e+03	3.58965e+00
3.54013e+03	3.45571e+00
3.70363e+03	3.32649e+00
3.87468e+03	3.20187e+00
4.05362e+03	3.08168e+00
4.24083e+03	2.96578e+00
4.43669e+03	2.85404e+00
4.64159e+03	2.74632e+00
4.85595e+03	2.64249e+00
5.08022e+03	2.54242e+00
5.31484e+03	2.44598e+00
5.56030e+03	2.35305e+00
5.81709e+03	2.26351e+00
6.08574e+03	2.17725e+00
6.36681e+03	2.09416e+00
6.66085e+03	2.01412e+00
6.96847e+03	1.93704e+00
7.29030e+03	1.86281e+00
7.62699e+03	1.79132e+00
7.97923e+03	1.72249e+00
8.34773e+03	1.65623e+00
8.73326e+03	1.59243e+00
9.13659e+03	1.53102e+00
9.55855e+03	1.47191e+00
1.00000e+04	1.41501e+00
1.04618e+04	1.36026e+00
1.09450e+04	1.30756e+00
1.14505e+04	1.25686e+00
1.19793e+04	1.20807e+00
1.25325e+04	1.16112e+00
1.31113e+04	1.11596e+00
1.37169e+04	1.07251e+00
1.43504e+04	1.03071e+00
1.50131e+04	9.90501e-01
1.57065e+04	9.51828e-01
1.64318e+04	9.14631e-01
1.71907e+04	8.78856e-01
1.79847e+04	8.44452e-01
1.88152e+04	8.11366e-01
1.96842e+04	7.79551e-01
2.05933e+04	7.48958e-01
2.15443e+04	7.19543e-01
2.25393e+04	6.91261e-01
2.35803e+04	6.64070e-01
2.46693e+04	6.37929e-01
2.58086e+04	6.12799e-01
2.70005e+04	5.88641e-01
2.82475e+04	5.65419e-01
2.95521e+04	5.43098e-01
3.09169e+04	5.21643e-01
3.23448e+04	5.01022e-01
3.38386e+04	4.81202e-01
3.54013e+04	4.62155e-01
3.70363e+04	4.43850e-01
3.87468e+04	4.26258e-01
4.05362e+04	4.09354e-01
4.24083e+04	3.93110e-01
4.43669e+04	3.77501e-01
4.64159e+04	3.62503e-01
4.85595e+04	3.48092e-01
5.08022e+04	3.34247e-01
5.31484e+04	3.20944e-01
5.56030e+04	3.08164e-01
5.81709e+04	2.95886e-01
6.08574e+04	2.84091e-01
6.36681e+04	2.72760e-01
6.66085e+04	2.61875e-01
6.96847e+04	2.51419e-01
7.29029e+04	2.41376e-01
7.62699e+04	2.31728e-01
7.97923e+04	2.22462e-01
8.34773e+04	2.13562e-01
8.73326e+04	2.05014e-01
9.13659e+04	1.96804e-01
9.55855e+04	1.88919e-01
1.00000e+05	1.81346e-01
1.04618e+05	1.74074e-01
1.09450e+05	1.67090e-01
1.14505e+05	1.60383e-01
1.19793e+05	1.53943e-01
1.25325e+05	1.47758e-01
1.31113e+05	1.41819e-01
1.37169e+05	1.36117e-01
1.43504e+05	1.30641e-01
1.50131e+05	1.25384e-01
1.57065e+05	1.20336e-01
1.64318e+05	1.15489e-01
1.71907e+05	1.10836e-01
1.79846e+05	1.06368e-01
1.88152e+05	1.02079e-01
1.96842e+05	9.79605e-02
2.05933e+05	9.40071e-02
2.15444e+05	9.02117e-02
2.25393e+05	8.65682e-02
2.35803e+05	8.30705e-02
2.46693e+05	7.97128e-02
2.58086e+05	7.64897e-02
2.70006e+05	7.33957e-02
2.82475e+05	7.04259e-02
2.95521e+05	6.75751e-02
3.09169e+05	6.48388e-02
3.23448e+05	6.22124e-02
3.38386e+05	5.96914e-02
3.54013e+05	5.72718e-02
3.70363e+05	5.49494e-02
3.87468e+05	5.27205e-02
4.05362e+05	5.05812e-02
4.24083e+05	4.85281e-02
4.43669e+05	4.65576e-02
4.64159e+05	4.46665e-02
4.85595e+05	4.28517e-02
5.08022e+05	4.11100e-02
5.31484e+05	3.94386e-02
5.56030e+05	3.78346e-02
5.81709e+05	3.62954e-02
6.08574e+05	3.48183e-02
6.36680e+05	3.34009e-02
6.66085e+05	3.20408e-02
6.96847e+05	3.07356e-02
7.29030e+05	2.94833e-02
7.62699e+05	2.82816e-02
7.97923e+05	2.71286e-02
8.34773e+05	2.60222e-02
8.73326e+05	2.49606e-02
9.13659e+05	2.39421e-02
9.55855e+05	2.29648e-02
1.00000e+06	2.20272e-02
