# CH2O cross section
256
1.00000e+01	0.00000e+00
1.04618e+01	0.00000e+00
1.09450e+01	3.11120e-02
1.14505e+01	1.68372e-01
1.19793e+01	3.17763e-01
1.25325e+01	4.76889e-01
1.31113e+01	6.43642e-01
1.37169e+01	8.16169e-01
1.43504e+01	9.92840e-01
1.50131e+01	1.25259e+00
1.57065e+01	1.54127e+00
1.64318e+01	1.87005e+00
1.71907e+01	2.24906e+00
1.79846e+01	2.71446e+00
1.88152e+01	3.20494e+00
1.96842e+01	3.70404e+00
2.05933e+01	4.20752e+00
2.15444e+01	4.71167e+00
2.25393e+01	5.21325e+00
2.35803e+01	5.70940e+00
2.46693e+01	6.23907e+00
2.58086e+01	6.77154e+00
2.70006e+01	7.29546e+00
2.82475e+01	7.80829e+00
2.95521e+01	8.30783e+00
3.09169e+01	8.79218e+00
3.23448e+01	9.25969e+00
3.38385e+01	9.70897e+00
3.54013e+01	1.01388e+01
3.70363e+01	1.05483e+01
3.87467e+01	1.09421e+01
4.05362e+01	1.13283e+01
4.24083e+01	1.16935e+01
4.43669e+01	1.20371e+01
4.64159e+01	1.23583e+01
4.85595e+01	1.26568e+01
5.08022e+01	1.29323e+01
5.31484e+01	1.31844e+01
5.56030e+01	1.34133e+01
5.81709e+01	1.36188e+01
6.08575e+01	1.38011e+01
6.36681e+01	1.39603e+01
6.66085e+01	1.40969e+01
6.96847e+01	1.42111e+01
7.29030e+01	1.43033e+01
7.62699e+01	1.43741e+01
7.97923e+01	1.44239e+01
8.34773e+01	1.44534e+01
8.73326e+01	1.44632e+01
9.13659e+01	1.44539e+01
9.55855e+01	1.44263e+01
1.00000e+02	1.43811e+01
1.04618e+02	1.43190e+01
1.09450e+02	1.42409e+01
1.14505e+02	1.41474e+01
1.19793e+02	1.40395e+01
1.25325e+02	1.39179e+01
1.31113e+02	1.37835e+01
1.37169e+02	1.36371e+01
1.43504e+02	1.34795e+01
1.50131e+02	1.33114e+01
1.57065e+02	1.31338e+01
1.64318e+02	1.29474e+01
1.71907e+02	1.27529e+01
1.79846e+02	1.25512e+01
1.88152e+02	1.23430e+01
1.96842e+02	1.21289e+01
2.05933e+02	1.19098e+01
2.15444e+02	1.16862e+01
2.25393e+02	1.14588e+01
2.35803e+02	1.12283e+01
2.46693e+02	1.09953e+01
2.58086e+02	1.07602e+01
2.70005e+02	1.05237e+01
2.82475e+02	1.02863e+01
2.95521e+02	1.00484e+01
3.09169e+02	9.81053e+00
3.23448e+02	9.57345e+00
3.38385e+02	9.33724e+00
3.54013e+02	9.10227e+00
3.70363e+02	8.86889e+00
3.87467e+02	8.63740e+00
4.05362e+02	8.40810e+00
4.24083e+02	8.18126e+00
4.43669e+02	7.95713e+00
4.64159e+02	7.73592e+00
4.85595e+02	7.51784e+00
5.08022e+02	7.30307e+00
5.31484e+02	7.09176e+00
5.56030e+02	6.88406e+00
5.81709e+02	6.68017e+00
6.08574e+02	6.48015e+00
6.36681e+02	6.28406e+00
6.66085e+02	6.09197e+00
6.96847e+02	5.90395e+00
7.29029e+02	5.72003e+00
7.62699e+02	5.54026e+00
7.97923e+02	5.36466e+00
8.34773e+02	5.19323e+00
8.73326e+02	5.02597e+00
9.13659e+02	4.86289e+00
9.55855e+02	4.70396e+00
1.00000e+03	4.54917e+00
1.04618e+03	4.39847e+00
1.09450e+03	4.25183e+00
1.14505e+03	4.10921e+00
1.19793e+03	3.97057e+00
1.25325e+03	3.83584e+00
1.31113e+03	3.70498e+00
1.37169e+03	3.57792e+00
1.43504e+03	3.45459e+00
1.50131e+03	3.33495e+00
1.57065e+03	3.21890e+00
1.64318e+03	3.10639e+00
1.71907e+03	2.99735e+00
1.79846e+03	2.89169e+00
1.88152e+03	2.78934e+00
1.96842e+03	2.69024e+00
2.05933e+03	2.59430e+00
2.15443e+03	2.50145e+00
2.25393e+03	2.41161e+00
2.35803e+03	2.32470e+00
2.46693e+03	2.24065e+00
2.58086e+03	2.15939e+00
2.70005e+03	2.08084e+00
2.82475e+03	2.00492e+00
2.95521e+03	1.93157e+00
3.09169e+03	1.86070e+00
3.23448e+03	1.79226e+00
3.38386e+03	1.72616e+00
3.54013e+03	1.66234e+00
3.70363e+03	1.60074e+00
3.87468e+03	1.54128e+00
4.05362e+03	1.48390e+00
4.24083e+03	1.42853e+00
4.43669e+03	1.37512e+00
4.64159e+03	1.32360e+00
4.85595e+03	1.27391e+00
5.08022e+03	1.22599e+00
5.31484e+03	1.17979e+00
5.56030e+03	1.13525e+00
5.81709e+03	1.09231e+00
6.08574e+03	1.05093e+00
6.36681e+03	1.01104e+00
6.66085e+03	9.72614e-01
6.96847e+03	9.35585e-01
7.29030e+03	8.99912e-01
7.62699e+03	8.65547e-01
7.97923e+03	8.32447e-01
8.34773e+03	8.00567e-01
8.73326e+03	7.69866e-01
9.13659e+03	7.40303e-01
9.55855e+03	7.11838e-01
1.00000e+04	6.84432e-01
1.04618e+04	6.58049e-01
1.09450e+04	6.32652e-01
1.14505e+04	6.08206e-01
1.19793e+04	5.84677e-01
1.25325e+04	5.62034e-01
1.31113e+04	5.40243e-01
1.37169e+04	5.19275e-01
1.43504e+04	4.99099e-01
1.50131e+04	4.79688e-01
1.57065e+04	4.61012e-01
1.64318e+04	4.43047e-01
1.71907e+04	4.25764e-01
1.79847e+04	4.09141e-01
1.88152e+04	3.93152e-01
1.96842e+04	3.77773e-01
2.05933e+04	3.62984e-01
2.15443e+04	3.48761e-01
2.25393e+04	3.35084e-01
2.35803e+04	3.21932e-01
2.46693e+04	3.09287e-01
2.58086e+04	2.97128e-01
2.70005e+04	2.85439e-01
2.82475e+04	2.74200e-01
2.95521e+04	2.63396e-01
3.09169e+04	2.53011e-01
3.23448e+04	2.43027e-01
3.38386e+04	2.33431e-01
3.54013e+04	2.24207e-01
3.70363e+04	2.15341e-01
3.87468e+04	2.06821e-01
4.05362e+04	1.98632e-01
4.24083e+04	1.90762e-01
4.43669e+04	1.83199e-01
4.64159e+04	1.75932e-01
4.85595e+04	1.68948e-01
5.08022e+04	1.62238e-01
5.31484e+04	1.55790e-01
5.56030e+04	1.49595e-01
5.81709e+04	1.43643e-01
6.08574e+04	1.37925e-01
6.36681e+04	1.32431e-01
6.66085e+04	1.27152e-01
6.96847e+04	1.22082e-01
7.29029e+04	1.17211e-01
7.62699e+04	1.12532e-01
7.97923e+04	1.08037e-01
8.34773e+04	1.03720e-01
8.73326e+04	9.95730e-02
9.13659e+04	9.55899e-02
9.55855e+04	9.17643e-02
1.00000e+05	8.80899e-02
1.04618e+05	8.45610e-02
1.09450e+05	8.11718e-02
1.14505e+05	7.79170e-02
1.19793e+05	7.47912e-02
1.25325e+05	7.17894e-02
1.31113e+05	6.89068e-02
1.37169e+05	6.61387e-02
1.43504e+05	6.34807e-02
1.50131e+05	6.09283e-02
1.57065e+05	5.84776e-02
1.64318e+05	5.61244e-02
1.71907e+05	5.38649e-02
1.79846e+05	5.16955e-02
1.88152e+05	4.96126e-02
1.96842e+05	4.76128e-02
2.05933e+05	4.56929e-02
2.15444e+05	4.38496e-02
2.25393e+05	4.20800e-02
2.35803e+05	4.03811e-02
2.46693e+05	3.87502e-02
2.58086e+05	3.71846e-02
2.70006e+05	3.56817e-02
2.82475e+05	3.42389e-02
2.95521e+05	3.28540e-02
3.09169e+05	3.15247e-02
3.23448e+05	3.02486e-02
3.38386e+05	2.90238e-02
3.54013e+05	2.78481e-02
3.70363e+05	2.67196e-02
3.87468e+05	2.56365e-02
4.05362e+05	2.45970e-02
4.24083e+05	2.35992e-02
4.43669e+05	2.26417e-02
4.64159e+05	2.17226e-02
4.85595e+05	2.08406e-02
5.08022e+05	1.99941e-02
5.31484e+05	1.91817e-02
5.56030e+05	1.84020e-02
5.81709e+05	1.76539e-02
6.08574e+05	1.69359e-02
6.36680e+05	1.62469e-02
6.66085e+05	1.55857e-02
6.96847e+05	1.49512e-02
7.29030e+05	1.43424e-02
7.62699e+05	1.37581e-02
7.97923e+05	1.31975e-02
8.34773e+05	1.26596e-02
8.73326e+05	1.21435e-02
9.13659e+05	1.16482e-02
9.55855e+05	1.11731e-02
1.00000e+06	1.07171e-02
