# CH2OH cross section
256
1.00000e+01	6.10462e-01
1.04618e+01	7.57771e-01
1.09450e+01	9.08129e-01
1.14505e+01	1.06041e+00
1.19793e+01	1.21363e+00
1.25325e+01	1.36692e+00
1.31113e+01	1.54155e+00
1.37169e+01	1.81140e+00
1.43504e+01	2.14393e+00
1.50131e+01	2.53086e+00
1.57065e+01	2.92896e+00
1.64318e+01	3.40583e+00
1.71907e+01	3.91278e+00
1.79846e+01	4.42769e+00
1.88152e+01	5.00569e+00
1.96842e+01	5.60597e+00
2.05933e+01	6.20841e+00
2.15444e+01	6.80885e+00
2.25393e+01	7.40364e+00
2.35803e+01	7.99317e+00
2.46693e+01	8.59383e+00
2.58086e+01	9.19416e+00
2.70006e+01	9.79239e+00
2.82475e+01	1.03755e+01
2.95521e+01	1.09411e+01
3.09169e+01	1.14871e+01
3.23448e+01	1.20119e+01
3.38385e+01	1.25139e+01
3.54013e+01	1.29918e+01
3.70363e+01	1.34447e+01
3.87467e+01	1.38814e+01
4.05362e+01	1.43027e+01
4.24083e+01	1.46984e+01
4.43669e+01	1.50679e+01
4.64159e+01	1.54104e+01
4.85595e+01	1.57257e+01
5.08022e+01	1.60135e+01
5.31484e+01	1.62737e+01
5.56030e+01	1.65063e+01
5.81709e+01	1.67116e+01
6.08575e+01	1.68896e+01
6.36681e+01	1.70408e+01
6.66085e+01	1.71656e+01
6.96847e+01	1.72645e+01
7.29030e+01	1.73381e+01
7.62699e+01	1.73870e+01
7.97923e+01	1.74119e+01
8.34773e+01	1.74136e+01
8.73326e+01	1.73929e+01
9.13659e+01	1.73506e+01
9.55855e+01	1.72876e+01
1.00000e+02	1.72048e+01
1.04618e+02	1.71032e+01
1.09450e+02	1.69836e+01
1.14505e+02	1.68471e+01
1.19793e+02	1.66946e+01
1.25325e+02	1.65271e+01
1.31113e+02	1.63456e+01
1.37169e+02	1.61510e+01
1.43504e+02	1.59444e+01
1.50131e+02	1.57265e+01
1.57065e+02	1.54985e+01
1.64318e+02	1.52612e+01
1.71907e+02	1.50155e+01
1.79846e+02	1.47623e+01
1.88152e+02	1.45025e+01
1.96842e+02	1.42368e+01
2.05933e+02	1.39661e+01
2.15444e+02	1.36912e+01
2.25393e+02	1.34127e+01
2.35803e+02	1.31314e+01
2.46693e+02	1.28479e+01
2.58086e+02	1.25630e+01
2.70005e+02	1.22771e+01
2.82475e+02	1.19909e+01
2.95521e+02	1.17049e+01
3.09169e+02	1.14197e+01
3.23448e+02	1.11360e+01
3.38385e+02	1.08538e+01
3.54013e+02	1.05738e+01
3.70363e+02	1.02961e+01
3.87467e+02	1.00212e+01
4.05362e+02	9.74939e+00
4.24083e+02	9.48091e+00
4.43669e+02	9.21604e+00
4.64159e+02	8.95500e+00
4.85595e+02	8.69802e+00
5.08022e+02	8.44526e+00
5.31484e+02	8.19690e+00
5.56030e+02	7.95308e+00
5.81709e+02	7.71400e+00
6.08574e+02	7.47969e+00
6.36681e+02	7.25024e+00
6.66085e+02	7.02569e+00
6.96847e+02	6.80611e+00
7.29029e+02	6.59152e+00
7.62699e+02	6.38196e+00
7.97923e+02	6.17742e+00
8.34773e+02	5.97790e+00
8.73326e+02	5.78340e+00
9.13659e+02	5.59389e+00
9.55855e+02	5.40934e+00
1.00000e+03	5.22970e+00
1.04618e+03	5.05494e+00
1.09450e+03	4.88500e+00
1.14505e+03	4.71981e+00
1.19793e+03	4.55932e+00
1.25325e+03	4.40346e+00
1.31113e+03	4.25214e+00
1.37169e+03	4.10530e+00
1.43504e+03	3.96285e+00
1.50131e+03	3.82471e+00
1.57065e+03	3.69080e+00
1.64318e+03	3.56101e+00
1.71907e+03	3.43528e+00
1.79846e+03	3.31351e+00
1.88152e+03	3.19560e+00
1.96842e+03	3.08147e+00
2.05933e+03	2.97102e+00
2.15443e+03	2.86417e+00
2.25393e+03	2.76082e+00
2.35803e+03	2.66087e+00
2.46693e+03	2.56425e+00
2.58086e+03	2.47085e+00
2.70005e+03	2.38060e+00
2.82475e+03	2.29340e+00
2.95521e+03	2.20917e+00
3.09169e+03	2.12782e+00
3.23448e+03	2.04927e+00
3.38386e+03	1.97343e+00
3.54013e+03	1.90022e+00
3.70363e+03	1.82957e+00
3.87468e+03	1.76139e+00
4.05362e+03	1.69561e+00
4.24083e+03	1.63216e+00
4.43669e+03	1.57095e+00
4.64159e+03	1.51193e+00
4.85595e+03	1.45501e+00
5.08022e+03	1.40014e+00
5.31484e+03	1.34724e+00
5.56030e+03	1.29625e+00
5.81709e+03	1.24710e+00
6.08574e+03	1.19974e+00
6.36681e+03	1.15411e+00
6.66085e+03	1.11014e+00
6.96847e+03	1.06779e+00
7.29030e+03	1.02699e+00
7.62699e+03	9.87688e-01
7.97923e+03	9.49842e-01
8.34773e+03	9.13395e-01
8.73326e+03	8.78301e-01
9.13659e+03	8.44511e-01
9.55855e+03	8.11980e-01
1.00000e+04	7.80664e-01
1.04618e+04	7.50520e-01
1.09450e+04	7.21505e-01
1.14505e+04	6.93581e-01
1.19793e+04	6.66707e-01
1.25325e+04	6.40846e-01
1.31113e+04	6.15962e-01
1.37169e+04	5.92020e-01
1.43504e+04	5.68985e-01
1.50131e+04	5.46824e-01
1.57065e+04	5.25505e-01
1.64318e+04	5.04998e-01
1.71907e+04	4.85274e-01
1.79847e+04	4.66302e-01
1.88152e+04	4.48056e-01
1.96842e+04	4.30508e-01
2.05933e+04	4.13634e-01
2.15443e+04	3.97407e-01
2.25393e+04	3.81804e-01
2.35803e+04	3.66802e-01
2.46693e+04	3.52378e-01
2.58086e+04	3.38510e-01
2.70005e+04	3.25178e-01
2.82475e+04	3.12362e-01
2.95521e+04	3.00041e-01
3.09169e+04	2.88199e-01
3.23448e+04	2.76815e-01
3.38386e+04	2.65874e-01
3.54013e+04	2.55358e-01
3.70363e+04	2.45251e-01
3.87468e+04	2.35538e-01
4.05362e+04	2.26204e-01
4.24083e+04	2.17234e-01
4.43669e+04	2.08614e-01
4.64159e+04	2.00331e-01
4.85595e+04	1.92372e-01
5.08022e+04	1.84725e-01
5.31484e+04	1.77378e-01
5.56030e+04	1.70319e-01
5.81709e+04	1.63536e-01
6.08574e+04	1.57021e-01
6.36681e+04	1.50761e-01
6.66085e+04	1.44748e-01
6.96847e+04	1.38971e-01
7.29029e+04	1.33422e-01
7.62699e+04	1.28092e-01
7.97923e+04	1.22972e-01
8.34773e+04	1.18055e-01
8.73326e+04	1.13331e-01
9.13659e+04	1.08795e-01
9.55855e+04	1.04438e-01
1.00000e+05	1.00253e-01
1.04618e+05	9.62342e-02
1.09450e+05	9.23746e-02
1.14505e+05	8.86682e-02
1.19793e+05	8.51088e-02
1.25325e+05	8.16908e-02
1.31113e+05	7.84085e-02
1.37169e+05	7.52568e-02
1.43504e+05	7.22305e-02
1.50131e+05	6.93246e-02
1.57065e+05	6.65344e-02
1.64318e+05	6.38554e-02
1.71907e+05	6.12832e-02
1.79846e+05	5.88136e-02
1.88152e+05	5.64425e-02
1.96842e+05	5.41662e-02
2.05933e+05	5.19807e-02
2.15444e+05	4.98827e-02
2.25393e+05	4.78685e-02
2.35803e+05	4.59349e-02
2.46693e+05	4.40787e-02
2.58086e+05	4.22969e-02
2.70006e+05	4.05864e-02
2.82475e+05	3.89445e-02
2.95521e+05	3.73684e-02
3.09169e+05	3.58556e-02
3.23448e+05	3.44035e-02
3.38386e+05	3.30097e-02
3.54013e+05	3.16720e-02
3.70363e+05	3.03879e-02
3.87468e+05	2.91555e-02
4.05362e+05	2.79727e-02
4.24083e+05	2.68375e-02
4.43669e+05	2.57480e-02
4.64159e+05	2.47024e-02
4.85595e+05	2.36989e-02
5.08022e+05	2.27359e-02
5.31484e+05	2.18116e-02
5.56030e+05	2.09247e-02
5.81709e+05	2.00736e-02
6.08574e+05	1.92568e-02
6.36680e+05	1.84731e-02
6.66085e+05	1.77209e-02
6.96847e+05	1.69992e-02
7.29030e+05	1.63067e-02
7.62699e+05	1.56422e-02
7.97923e+05	1.50045e-02
8.34773e+05	1.43927e-02
8.73326e+05	1.38057e-02
9.13659e+05	1.32424e-02
9.55855e+05	1.27020e-02
1.00000e+06	1.21834e-02
