# CH2PH cross section
256
1.00000e+01	0.00000e+00
1.04618e+01	1.35988e-01
1.09450e+01	5.51601e-01
1.14505e+01	1.00061e+00
1.19793e+01	1.47561e+00
1.25325e+01	1.97009e+00
1.31113e+01	2.47834e+00
1.37169e+01	3.07346e+00
1.43504e+01	3.73528e+00
1.50131e+01	4.40780e+00
1.57065e+01	5.16641e+00
1.64318e+01	5.97635e+00
1.71907e+01	6.79058e+00
1.79846e+01	7.60294e+00
1.88152e+01	8.40808e+00
1.96842e+01	9.20137e+00
2.05933e+01	9.98158e+00
2.15444e+01	1.08064e+01
2.25393e+01	1.16144e+01
2.35803e+01	1.24017e+01
2.46693e+01	1.31650e+01
2.58086e+01	1.39013e+01
2.70006e+01	1.46175e+01
2.82475e+01	1.53378e+01
2.95521e+01	1.60285e+01
3.09169e+01	1.66872e+01
3.23448e+01	1.73121e+01
3.38385e+01	1.79018e+01
3.54013e+01	1.84550e+01
3.70363e+01	1.89709e+01
3.87467e+01	1.94488e+01
4.05362e+01	1.98884e+01
4.24083e+01	2.02893e+01
4.43669e+01	2.06517e+01
4.64159e+01	2.09757e+01
4.85595e+01	2.12616e+01
5.08022e+01	2.15098e+01
5.31484e+01	2.17211e+01
5.56030e+01	2.18960e+01
5.81709e+01	2.20355e+01
6.08575e+01	2.21404e+01
6.36681e+01	2.22116e+01
6.66085e+01	2.22504e+01
6.96847e+01	2.22577e+01
7.29030e+01	2.22349e+01
7.62699e+01	2.21830e+01
7.97923e+01	2.21034e+01
8.34773e+01	2.19974e+01
8.73326e+01	2.18663e+01
9.13659e+01	2.17115e+01
9.55855e+01	2.15343e+01
1.00000e+02	2.13360e+01
1.04618e+02	2.11180e+01
1.09450e+02	2.08817e+01
1.14505e+02	2.06283e+01
1.19793e+02	2.03593e+01
1.25325e+02	2.00759e+01
1.31113e+02	1.97793e+01
1.37169e+02	1.94709e+01
1.43504e+02	1.91517e+01
1.50131e+02	1.88249e+01
1.57065e+02	1.84913e+01
1.64318e+02	1.81507e+01
1.71907e+02	1.78040e+01
1.79846e+02	1.74523e+01
1.88152e+02	1.70964e+01
1.96842e+02	1.67372e+01
2.05933e+02	1.63757e+01
2.15444e+02	1.60130e+01
2.25393e+02	1.56495e+01
2.35803e+02	1.52858e+01
2.46693e+02	1.49227e+01
2.58086e+02	1.45607e+01
2.70005e+02	1.42003e+01
2.82475e+02	1.38422e+01
2.95521e+02	1.34868e+01
3.09169e+02	1.31346e+01
3.23448e+02	1.27863e+01
3.38385e+02	1.24420e+01
3.54013e+02	1.21021e+01
3.70363e+02	1.17668e+01
3.87467e+02	1.14365e+01
4.05362e+02	1.11113e+01
4.24083e+02	1.07916e+01
4.43669e+02	1.04774e+01
4.64159e+02	1.01690e+01
4.85595e+02	9.86643e+00
5.08022e+02	9.56992e+00
5.31484e+02	9.27951e+00
5.56030e+02	8.99529e+00
5.81709e+02	8.71730e+00
6.08574e+02	8.44560e+00
6.36681e+02	8.18019e+00
6.66085e+02	7.92109e+00
6.96847e+02	7.66830e+00
7.29029e+02	7.42178e+00
7.62699e+02	7.18152e+00
7.97923e+02	6.94747e+00
8.34773e+02	6.71957e+00
8.73326e+02	6.49778e+00
9.13659e+02	6.28201e+00
9.55855e+02	6.07220e+00
1.00000e+03	5.86827e+00
1.04618e+03	5.67012e+00
1.09450e+03	5.47766e+00
1.14505e+03	5.29081e+00
1.19793e+03	5.10945e+00
1.25325e+03	4.93350e+00
1.31113e+03	4.76283e+00
1.37169e+03	4.59735e+00
1.43504e+03	4.43694e+00
1.50131e+03	4.28150e+00
1.57065e+03	4.13091e+00
1.64318e+03	3.98506e+00
1.71907e+03	3.84383e+00
1.79846e+03	3.70713e+00
1.88152e+03	3.57483e+00
1.96842e+03	3.44682e+00
2.05933e+03	3.32299e+00
2.15443e+03	3.20323e+00
2.25393e+03	3.08744e+00
2.35803e+03	2.97551e+00
2.46693e+03	2.86732e+00
2.58086e+03	2.76278e+00
2.70005e+03	2.66178e+00
2.82475e+03	2.56421e+00
2.95521e+03	2.46998e+00
3.09169e+03	2.37899e+00
3.23448e+03	2.29114e+00
3.38386e+03	2.20633e+00
3.54013e+03	2.12448e+00
3.70363e+03	2.04549e+00
3.87468e+03	1.96928e+00
4.05362e+03	1.89575e+00
4.24083e+03	1.82482e+00
4.43669e+03	1.75642e+00
4.64159e+03	1.69045e+00
4.85595e+03	1.62684e+00
5.08022e+03	1.56551e+00
5.31484e+03	1.50639e+00
5.56030e+03	1.44941e+00
5.81709e+03	1.39448e+00
6.08574e+03	1.34156e+00
6.36681e+03	1.29056e+00
6.66085e+03	1.24143e+00
6.96847e+03	1.19409e+00
7.29030e+03	1.14849e+00
7.62699e+03	1.10457e+00
7.97923e+03	1.06228e+00
8.34773e+03	1.02154e+00
8.73326e+03	9.82318e-01
9.13659e+03	9.44551e-01
9.55855e+03	9.08190e-01
1.00000e+04	8.73186e-01
1.04618e+04	8.39491e-01
1.09450e+04	8.07058e-01
1.14505e+04	7.75842e-01
1.19793e+04	7.45800e-01
1.25325e+04	7.16890e-01
1.31113e+04	6.89070e-01
1.37169e+04	6.62302e-01
1.43504e+04	6.36548e-01
1.50131e+04	6.11770e-01
1.57065e+04	5.87933e-01
1.64318e+04	5.65004e-01
1.71907e+04	5.42947e-01
1.79847e+04	5.21733e-01
1.88152e+04	5.01329e-01
1.96842e+04	4.81705e-01
2.05933e+04	4.62834e-01
2.15443e+04	4.44686e-01
2.25393e+04	4.27236e-01
2.35803e+04	4.10457e-01
2.46693e+04	3.94323e-01
2.58086e+04	3.78812e-01
2.70005e+04	3.63900e-01
2.82475e+04	3.49564e-01
2.95521e+04	3.35782e-01
3.09169e+04	3.22535e-01
3.23448e+04	3.09800e-01
3.38386e+04	2.97560e-01
3.54013e+04	2.85796e-01
3.70363e+04	2.74489e-01
3.87468e+04	2.63622e-01
4.05362e+04	2.53178e-01
4.24083e+04	2.43142e-01
4.43669e+04	2.33498e-01
4.64159e+04	2.24230e-01
4.85595e+04	2.15325e-01
5.08022e+04	2.06768e-01
5.31484e+04	1.98547e-01
5.56030e+04	1.90647e-01
5.81709e+04	1.83058e-01
6.08574e+04	1.75767e-01
6.36681e+04	1.68762e-01
6.66085e+04	1.62032e-01
6.96847e+04	1.55568e-01
7.29029e+04	1.49358e-01
7.62699e+04	1.43393e-01
7.97923e+04	1.37663e-01
8.34773e+04	1.32159e-01
8.73326e+04	1.26873e-01
9.13659e+04	1.21796e-01
9.55855e+04	1.16919e-01
1.00000e+05	1.12235e-01
1.04618e+05	1.07737e-01
1.09450e+05	1.03417e-01
1.14505e+05	9.92684e-02
1.19793e+05	9.52844e-02
1.25325e+05	9.14585e-02
1.31113e+05	8.77845e-02
1.37169e+05	8.42566e-02
1.43504e+05	8.08690e-02
1.50131e+05	7.76162e-02
1.57065e+05	7.44928e-02
1.64318e+05	7.14939e-02
1.71907e+05	6.86145e-02
1.79846e+05	6.58500e-02
1.88152e+05	6.31957e-02
1.96842e+05	6.06474e-02
2.05933e+05	5.82009e-02
2.15444e+05	5.58521e-02
2.25393e+05	5.35972e-02
2.35803e+05	5.14326e-02
2.46693e+05	4.93545e-02
2.58086e+05	4.73597e-02
2.70006e+05	4.54448e-02
2.82475e+05	4.36066e-02
2.95521e+05	4.18421e-02
3.09169e+05	4.01484e-02
3.23448e+05	3.85227e-02
3.38386e+05	3.69622e-02
3.54013e+05	3.54645e-02
3.70363e+05	3.40269e-02
3.87468e+05	3.26471e-02
4.05362e+05	3.13228e-02
4.24083e+05	3.00518e-02
4.43669e+05	2.88319e-02
4.64159e+05	2.76612e-02
4.85595e+05	2.65376e-02
5.08022e+05	2.54593e-02
5.31484e+05	2.44245e-02
5.56030e+05	2.34315e-02
5.81709e+05	2.24785e-02
6.08574e+05	2.15640e-02
6.36680e+05	2.06864e-02
6.66085e+05	1.98442e-02
6.96847e+05	1.90361e-02
7.29030e+05	1.82607e-02
7.62699e+05	1.75166e-02
7.97923e+05	1.68026e-02
8.34773e+05	1.61176e-02
8.73326e+05	1.54602e-02
9.13659e+05	1.48295e-02
9.55855e+05	1.42244e-02
1.00000e+06	1.36437e-02
