# CH3C3N cross section
256
1.00000e+01	0.00000e+00
1.04618e+01	0.00000e+00
1.09450e+01	0.00000e+00
1.14505e+01	2.32250e-01
1.19793e+01	6.04220e-01
1.25325e+01	1.00303e+00
1.31113e+01	1.42248e+00
1.37169e+01	1.92720e+00
1.43504e+01	2.70290e+00
1.50131e+01	3.55731e+00
1.57065e+01	4.43935e+00
1.64318e+01	5.45802e+00
1.71907e+01	6.67182e+00
1.79846e+01	7.94530e+00
1.88152e+01	9.23428e+00
1.96842e+01	1.05277e+01
2.05933e+01	1.18158e+01
2.15444e+01	1.30904e+01
2.25393e+01	1.43441e+01
2.35803e+01	1.55707e+01
2.46693e+01	1.68015e+01
2.58086e+01	1.80103e+01
2.70006e+01	1.91813e+01
2.82475e+01	2.03255e+01
2.95521e+01	2.14511e+01
3.09169e+01	2.25485e+01
3.23448e+01	2.36160e+01
3.38385e+01	2.46422e+01
3.54013e+01	2.56360e+01
3.70363e+01	2.65777e+01
3.87467e+01	2.74651e+01
4.05362e+01	2.82963e+01
4.24083e+01	2.90699e+01
4.43669e+01	2.97851e+01
4.64159e+01	3.04413e+01
4.85595e+01	3.10383e+01
5.08022e+01	3.15760e+01
5.31484e+01	3.20549e+01
5.56030e+01	3.24755e+01
5.81709e+01	3.28385e+01
6.08575e+01	3.31451e+01
6.36681e+01	3.33962e+01
6.66085e+01	3.35934e+01
6.96847e+01	3.37379e+01
7.29030e+01	3.38315e+01
7.62699e+01	3.38758e+01
7.97923e+01	3.38725e+01
8.34773e+01	3.38236e+01
8.73326e+01	3.37310e+01
9.13659e+01	3.35966e+01
9.55855e+01	3.34226e+01
1.00000e+02	3.32108e+01
1.04618e+02	3.29635e+01
1.09450e+02	3.26827e+01
1.14505e+02	3.23705e+01
1.19793e+02	3.20290e+01
1.25325e+02	3.16602e+01
1.31113e+02	3.12662e+01
1.37169e+02	3.08489e+01
1.43504e+02	3.04104e+01
1.50131e+02	2.99526e+01
1.57065e+02	2.94774e+01
1.64318e+02	2.89865e+01
1.71907e+02	2.84817e+01
1.79846e+02	2.79648e+01
1.88152e+02	2.74374e+01
1.96842e+02	2.69011e+01
2.05933e+02	2.63574e+01
2.15444e+02	2.58076e+01
2.25393e+02	2.52533e+01
2.35803e+02	2.46957e+01
2.46693e+02	2.41360e+01
2.58086e+02	2.35754e+01
2.70005e+02	2.30149e+01
2.82475e+02	2.24557e+01
2.95521e+02	2.18985e+01
3.09169e+02	2.13446e+01
3.23448e+02	2.07958e+01
3.38385e+02	2.02516e+01
3.54013e+02	1.97128e+01
3.70363e+02	1.91800e+01
3.87467e+02	1.86537e+01
4.05362e+02	1.81345e+01
4.24083e+02	1.76228e+01
4.43669e+02	1.71191e+01
4.64159e+02	1.66238e+01
4.85595e+02	1.61370e+01
5.08022e+02	1.56591e+01
5.31484e+02	1.51903e+01
5.56030e+02	1.47308e+01
5.81709e+02	1.42808e+01
6.08574e+02	1.38403e+01
6.36681e+02	1.34095e+01
6.66085e+02	1.29885e+01
6.96847e+02	1.25773e+01
7.29029e+02	1.21759e+01
7.62699e+02	1.17843e+01
7.97923e+02	1.14025e+01
8.34773e+02	1.10304e+01
8.73326e+02	1.06680e+01
9.13659e+02	1.03153e+01
9.55855e+02	9.97206e+00
1.00000e+03	9.63824e+00
1.04618e+03	9.31372e+00
1.09450e+03	8.99837e+00
1.14505e+03	8.69207e+00
1.19793e+03	8.39466e+00
1.25325e+03	8.10600e+00
1.31113e+03	7.82593e+00
1.37169e+03	7.55429e+00
1.43504e+03	7.29090e+00
1.50131e+03	7.03561e+00
1.57065e+03	6.78824e+00
1.64318e+03	6.54862e+00
1.71907e+03	6.31656e+00
1.79846e+03	6.09189e+00
1.88152e+03	5.87444e+00
1.96842e+03	5.66402e+00
2.05933e+03	5.46046e+00
2.15443e+03	5.26357e+00
2.25393e+03	5.07320e+00
2.35803e+03	4.88915e+00
2.46693e+03	4.71126e+00
2.58086e+03	4.53935e+00
2.70005e+03	4.37327e+00
2.82475e+03	4.21283e+00
2.95521e+03	4.05789e+00
3.09169e+03	3.90827e+00
3.23448e+03	3.76381e+00
3.38386e+03	3.62437e+00
3.54013e+03	3.48979e+00
3.70363e+03	3.35993e+00
3.87468e+03	3.23462e+00
4.05362e+03	3.11375e+00
4.24083e+03	2.99715e+00
4.43669e+03	2.88470e+00
4.64159e+03	2.77626e+00
4.85595e+03	2.67171e+00
5.08022e+03	2.57091e+00
5.31484e+03	2.47375e+00
5.56030e+03	2.38010e+00
5.81709e+03	2.28985e+00
6.08574e+03	2.20288e+00
6.36681e+03	2.11908e+00
6.66085e+03	2.03835e+00
6.96847e+03	1.96057e+00
7.29030e+03	1.88566e+00
7.62699e+03	1.81351e+00
7.97923e+03	1.74402e+00
8.34773e+03	1.67711e+00
8.73326e+03	1.61268e+00
9.13659e+03	1.55065e+00
9.55855e+03	1.49093e+00
1.00000e+04	1.43344e+00
1.04618e+04	1.37810e+00
1.09450e+04	1.32484e+00
1.14505e+04	1.27358e+00
1.19793e+04	1.22425e+00
1.25325e+04	1.17677e+00
1.31113e+04	1.13109e+00
1.37169e+04	1.08714e+00
1.43504e+04	1.04486e+00
1.50131e+04	1.00418e+00
1.57065e+04	9.65043e-01
1.64318e+04	9.27398e-01
1.71907e+04	8.91189e-01
1.79847e+04	8.56362e-01
1.88152e+04	8.22866e-01
1.96842e+04	7.90653e-01
2.05933e+04	7.59675e-01
2.15443e+04	7.29886e-01
2.25393e+04	7.01241e-01
2.35803e+04	6.73699e-01
2.46693e+04	6.47218e-01
2.58086e+04	6.21758e-01
2.70005e+04	5.97282e-01
2.82475e+04	5.73751e-01
2.95521e+04	5.51131e-01
3.09169e+04	5.29388e-01
3.23448e+04	5.08487e-01
3.38386e+04	4.88398e-01
3.54013e+04	4.69090e-01
3.70363e+04	4.50532e-01
3.87468e+04	4.32698e-01
4.05362e+04	4.15558e-01
4.24083e+04	3.99086e-01
4.43669e+04	3.83258e-01
4.64159e+04	3.68048e-01
4.85595e+04	3.53433e-01
5.08022e+04	3.39390e-01
5.31484e+04	3.25896e-01
5.56030e+04	3.12933e-01
5.81709e+04	3.00477e-01
6.08574e+04	2.88511e-01
6.36681e+04	2.77015e-01
6.66085e+04	2.65971e-01
6.96847e+04	2.55361e-01
7.29029e+04	2.45170e-01
7.62699e+04	2.35380e-01
7.97923e+04	2.25976e-01
8.34773e+04	2.16943e-01
8.73326e+04	2.08267e-01
9.13659e+04	1.99934e-01
9.55855e+04	1.91931e-01
1.00000e+05	1.84244e-01
1.04618e+05	1.76861e-01
1.09450e+05	1.69771e-01
1.14505e+05	1.62962e-01
1.19793e+05	1.56423e-01
1.25325e+05	1.50144e-01
1.31113e+05	1.44114e-01
1.37169e+05	1.38323e-01
1.43504e+05	1.32763e-01
1.50131e+05	1.27424e-01
1.57065e+05	1.22298e-01
1.64318e+05	1.17376e-01
1.71907e+05	1.12649e-01
1.79846e+05	1.08112e-01
1.88152e+05	1.03755e-01
1.96842e+05	9.95723e-02
2.05933e+05	9.55565e-02
2.15444e+05	9.17011e-02
2.25393e+05	8.79999e-02
2.35803e+05	8.44466e-02
2.46693e+05	8.10356e-02
2.58086e+05	7.77610e-02
2.70006e+05	7.46176e-02
2.82475e+05	7.16002e-02
2.95521e+05	6.87037e-02
3.09169e+05	6.59234e-02
3.23448e+05	6.32546e-02
3.38386e+05	6.06930e-02
3.54013e+05	5.82342e-02
3.70363e+05	5.58742e-02
3.87468e+05	5.36090e-02
4.05362e+05	5.14350e-02
4.24083e+05	4.93483e-02
4.43669e+05	4.73457e-02
4.64159e+05	4.54237e-02
4.85595e+05	4.35791e-02
5.08022e+05	4.18088e-02
5.31484e+05	4.01099e-02
5.56030e+05	3.84795e-02
5.81709e+05	3.69148e-02
6.08574e+05	3.54134e-02
6.36680e+05	3.39725e-02
6.66085e+05	3.25898e-02
6.96847e+05	3.12630e-02
7.29030e+05	2.99898e-02
7.62699e+05	2.87681e-02
7.97923e+05	2.75958e-02
8.34773e+05	2.64709e-02
8.73326e+05	2.53916e-02
9.13659e+05	2.43559e-02
9.55855e+05	2.33623e-02
1.00000e+06	2.24088e-02
