# CH3CN cross section
256
1.00000e+01	0.00000e+00
1.04600e+01	0.00000e+00
1.09400e+01	0.00000e+00
1.14500e+01	0.00000e+00
1.19800e+01	0.00000e+00
1.25300e+01	0.00000e+00
1.31100e+01	1.13900e-01
1.37200e+01	4.59100e-01
1.43500e+01	8.81600e-01
1.50100e+01	1.33000e+00
1.57100e+01	1.79800e+00
1.64300e+01	2.28000e+00
1.71900e+01	2.99400e+00
1.79800e+01	3.77800e+00
1.88200e+01	4.62700e+00
1.96800e+01	5.49100e+00
2.05900e+01	6.36100e+00
2.15400e+01	7.23100e+00
2.25400e+01	8.09400e+00
2.35800e+01	8.94400e+00
2.46700e+01	9.77800e+00
2.58100e+01	1.05900e+01
2.70000e+01	1.13800e+01
2.82500e+01	1.21400e+01
2.95500e+01	1.29200e+01
3.09200e+01	1.36600e+01
3.23400e+01	1.43800e+01
3.38400e+01	1.50700e+01
3.54000e+01	1.57500e+01
3.70400e+01	1.63900e+01
3.87500e+01	1.69900e+01
4.05400e+01	1.75600e+01
4.24100e+01	1.81000e+01
4.43700e+01	1.85900e+01
4.64200e+01	1.90500e+01
4.85600e+01	1.94600e+01
5.08000e+01	1.98400e+01
5.31500e+01	2.01800e+01
5.56000e+01	2.04800e+01
5.81700e+01	2.07500e+01
6.08600e+01	2.09700e+01
6.36700e+01	2.11600e+01
6.66100e+01	2.13100e+01
6.96800e+01	2.14300e+01
7.29000e+01	2.15200e+01
7.62700e+01	2.15700e+01
7.97900e+01	2.15900e+01
8.34800e+01	2.15800e+01
8.73300e+01	2.15400e+01
9.13700e+01	2.14700e+01
9.55900e+01	2.13800e+01
1.00000e+02	2.12600e+01
1.04600e+02	2.11200e+01
1.09400e+02	2.09500e+01
1.14500e+02	2.07700e+01
1.19800e+02	2.05600e+01
1.25300e+02	2.03300e+01
1.31100e+02	2.00900e+01
1.37200e+02	1.98400e+01
1.43500e+02	1.95600e+01
1.50100e+02	1.92800e+01
1.57100e+02	1.89800e+01
1.64300e+02	1.86700e+01
1.71900e+02	1.83600e+01
1.79800e+02	1.80300e+01
1.88200e+02	1.77000e+01
1.96800e+02	1.73600e+01
2.05900e+02	1.70100e+01
2.15400e+02	1.66600e+01
2.25400e+02	1.63100e+01
2.35800e+02	1.59500e+01
2.46700e+02	1.56000e+01
2.58100e+02	1.52400e+01
2.70000e+02	1.48800e+01
2.82500e+02	1.45200e+01
2.95500e+02	1.41700e+01
3.09200e+02	1.38100e+01
3.23400e+02	1.34600e+01
3.38400e+02	1.31100e+01
3.54000e+02	1.27600e+01
3.70400e+02	1.24200e+01
3.87500e+02	1.20800e+01
4.05400e+02	1.17500e+01
4.24100e+02	1.14200e+01
4.43700e+02	1.10900e+01
4.64200e+02	1.07700e+01
4.85600e+02	1.04600e+01
5.08000e+02	1.01500e+01
5.31500e+02	9.84600e+00
5.56000e+02	9.54900e+00
5.81700e+02	9.25900e+00
6.08600e+02	8.97400e+00
6.36700e+02	8.69500e+00
6.66100e+02	8.42300e+00
6.96800e+02	8.15700e+00
7.29000e+02	7.89700e+00
7.62700e+02	7.64400e+00
7.97900e+02	7.39700e+00
8.34800e+02	7.15600e+00
8.73300e+02	6.92100e+00
9.13700e+02	6.69300e+00
9.55900e+02	6.47100e+00
1.00000e+03	6.25400e+00
1.04600e+03	6.04400e+00
1.09400e+03	5.84000e+00
1.14500e+03	5.64100e+00
1.19800e+03	5.44900e+00
1.25300e+03	5.26100e+00
1.31100e+03	5.08000e+00
1.37200e+03	4.90400e+00
1.43500e+03	4.73300e+00
1.50100e+03	4.56700e+00
1.57100e+03	4.40700e+00
1.64300e+03	4.25200e+00
1.71900e+03	4.10100e+00
1.79800e+03	3.95500e+00
1.88200e+03	3.81400e+00
1.96800e+03	3.67800e+00
2.05900e+03	3.54600e+00
2.15400e+03	3.41800e+00
2.25400e+03	3.29400e+00
2.35800e+03	3.17500e+00
2.46700e+03	3.06000e+00
2.58100e+03	2.94800e+00
2.70000e+03	2.84000e+00
2.82500e+03	2.73600e+00
2.95500e+03	2.63600e+00
3.09200e+03	2.53800e+00
3.23400e+03	2.44500e+00
3.38400e+03	2.35400e+00
3.54000e+03	2.26700e+00
3.70400e+03	2.18200e+00
3.87500e+03	2.10100e+00
4.05400e+03	2.02300e+00
4.24100e+03	1.94700e+00
4.43700e+03	1.87400e+00
4.64200e+03	1.80400e+00
4.85600e+03	1.73600e+00
5.08000e+03	1.67000e+00
5.31500e+03	1.60700e+00
5.56000e+03	1.54600e+00
5.81700e+03	1.48800e+00
6.08600e+03	1.43100e+00
6.36700e+03	1.37700e+00
6.66100e+03	1.32400e+00
6.96800e+03	1.27400e+00
7.29000e+03	1.22500e+00
7.62700e+03	1.17800e+00
7.97900e+03	1.13300e+00
8.34800e+03	1.09000e+00
8.73300e+03	1.04800e+00
9.13700e+03	1.00800e+00
9.55900e+03	9.68800e-01
1.00000e+04	9.31400e-01
1.04600e+04	8.95500e-01
1.09400e+04	8.60900e-01
1.14500e+04	8.27600e-01
1.19800e+04	7.95600e-01
1.25300e+04	7.64700e-01
1.31100e+04	7.35000e-01
1.37200e+04	7.06500e-01
1.43500e+04	6.79000e-01
1.50100e+04	6.52600e-01
1.57100e+04	6.27200e-01
1.64300e+04	6.02700e-01
1.71900e+04	5.79200e-01
1.79800e+04	5.56600e-01
1.88200e+04	5.34800e-01
1.96800e+04	5.13900e-01
2.05900e+04	4.93700e-01
2.15400e+04	4.74400e-01
2.25400e+04	4.55800e-01
2.35800e+04	4.37900e-01
2.46700e+04	4.20700e-01
2.58100e+04	4.04100e-01
2.70000e+04	3.88200e-01
2.82500e+04	3.72900e-01
2.95500e+04	3.58200e-01
3.09200e+04	3.44100e-01
3.23400e+04	3.30500e-01
3.38400e+04	3.17500e-01
3.54000e+04	3.04900e-01
3.70400e+04	2.92900e-01
3.87500e+04	2.81300e-01
4.05400e+04	2.70100e-01
4.24100e+04	2.59400e-01
4.43700e+04	2.49100e-01
4.64200e+04	2.39300e-01
4.85600e+04	2.29800e-01
5.08000e+04	2.20600e-01
5.31500e+04	2.11900e-01
5.56000e+04	2.03400e-01
5.81700e+04	1.95300e-01
6.08600e+04	1.87600e-01
6.36700e+04	1.80100e-01
6.66100e+04	1.72900e-01
6.96800e+04	1.66000e-01
7.29000e+04	1.59400e-01
7.62700e+04	1.53000e-01
7.97900e+04	1.46900e-01
8.34800e+04	1.41100e-01
8.73300e+04	1.35400e-01
9.13700e+04	1.30000e-01
9.55900e+04	1.24800e-01
1.00000e+05	1.19800e-01
1.04600e+05	1.15000e-01
1.09400e+05	1.10400e-01
1.14500e+05	1.06000e-01
1.19800e+05	1.01700e-01
1.25300e+05	9.76300e-02
1.31100e+05	9.37100e-02
1.37200e+05	8.99400e-02
1.43500e+05	8.63300e-02
1.50100e+05	8.28600e-02
1.57100e+05	7.95300e-02
1.64300e+05	7.63300e-02
1.71900e+05	7.32500e-02
1.79800e+05	7.03000e-02
1.88200e+05	6.74700e-02
1.96800e+05	6.47500e-02
2.05900e+05	6.21400e-02
2.15400e+05	5.96300e-02
2.25400e+05	5.72300e-02
2.35800e+05	5.49200e-02
2.46700e+05	5.27000e-02
2.58100e+05	5.05700e-02
2.70000e+05	4.85300e-02
2.82500e+05	4.65600e-02
2.95500e+05	4.46800e-02
3.09200e+05	4.28700e-02
3.23400e+05	4.11400e-02
3.38400e+05	3.94700e-02
3.54000e+05	3.78700e-02
3.70400e+05	3.63400e-02
3.87500e+05	3.48700e-02
4.05400e+05	3.34500e-02
4.24100e+05	3.21000e-02
4.43700e+05	3.07900e-02
4.64200e+05	2.95400e-02
4.85600e+05	2.83400e-02
5.08000e+05	2.71900e-02
5.31500e+05	2.60900e-02
5.56000e+05	2.50300e-02
5.81700e+05	2.40100e-02
6.08600e+05	2.30300e-02
6.36700e+05	2.21000e-02
6.66100e+05	2.12000e-02
6.96800e+05	2.03300e-02
7.29000e+05	1.95100e-02
7.62700e+05	1.87100e-02
7.97900e+05	1.79500e-02
8.34800e+05	1.72200e-02
8.73300e+05	1.65200e-02
9.13700e+05	1.58400e-02
9.55900e+05	1.52000e-02
1.00000e+06	1.45800e-02
