# CH3NHCHO cross section
256
1.00000e+01	0.00000e+00
1.04600e+01	1.61300e-01
1.09400e+01	4.91700e-01
1.14500e+01	8.48600e-01
1.19800e+01	1.22700e+00
1.25300e+01	1.62100e+00
1.31100e+01	2.02800e+00
1.37200e+01	2.44300e+00
1.43500e+01	2.96900e+00
1.50100e+01	3.64100e+00
1.57100e+01	4.44100e+00
1.64300e+01	5.39100e+00
1.71900e+01	6.43700e+00
1.79800e+01	7.50400e+00
1.88200e+01	8.58300e+00
1.96800e+01	9.74400e+00
2.05900e+01	1.09400e+01
2.15400e+01	1.21700e+01
2.25400e+01	1.33900e+01
2.35800e+01	1.46000e+01
2.46700e+01	1.58200e+01
2.58100e+01	1.70300e+01
2.70000e+01	1.82200e+01
2.82500e+01	1.93700e+01
2.95500e+01	2.04800e+01
3.09200e+01	2.15600e+01
3.23400e+01	2.25800e+01
3.38400e+01	2.35600e+01
3.54000e+01	2.45200e+01
3.70400e+01	2.54300e+01
3.87500e+01	2.62900e+01
4.05400e+01	2.71100e+01
4.24100e+01	2.78800e+01
4.43700e+01	2.85900e+01
4.64200e+01	2.92500e+01
4.85600e+01	2.98600e+01
5.08000e+01	3.04100e+01
5.31500e+01	3.09000e+01
5.56000e+01	3.13400e+01
5.81700e+01	3.17300e+01
6.08600e+01	3.20600e+01
6.36700e+01	3.23300e+01
6.66100e+01	3.25600e+01
6.96800e+01	3.27300e+01
7.29000e+01	3.28600e+01
7.62700e+01	3.29400e+01
7.97900e+01	3.29700e+01
8.34800e+01	3.29500e+01
8.73300e+01	3.28900e+01
9.13700e+01	3.27900e+01
9.55900e+01	3.26600e+01
1.00000e+02	3.24800e+01
1.04600e+02	3.22700e+01
1.09400e+02	3.20200e+01
1.14500e+02	3.17400e+01
1.19800e+02	3.14400e+01
1.25300e+02	3.11000e+01
1.31100e+02	3.07400e+01
1.37200e+02	3.03500e+01
1.43500e+02	2.99500e+01
1.50100e+02	2.95200e+01
1.57100e+02	2.90700e+01
1.64300e+02	2.86100e+01
1.71900e+02	2.81300e+01
1.79800e+02	2.76400e+01
1.88200e+02	2.71400e+01
1.96800e+02	2.66200e+01
2.05900e+02	2.61000e+01
2.15400e+02	2.55700e+01
2.25400e+02	2.50400e+01
2.35800e+02	2.45000e+01
2.46700e+02	2.39600e+01
2.58100e+02	2.34200e+01
2.70000e+02	2.28700e+01
2.82500e+02	2.23300e+01
2.95500e+02	2.17900e+01
3.09200e+02	2.12400e+01
3.23400e+02	2.07100e+01
3.38400e+02	2.01700e+01
3.54000e+02	1.96400e+01
3.70400e+02	1.91200e+01
3.87500e+02	1.86000e+01
4.05400e+02	1.80900e+01
4.24100e+02	1.75900e+01
4.43700e+02	1.70900e+01
4.64200e+02	1.66000e+01
4.85600e+02	1.61200e+01
5.08000e+02	1.56400e+01
5.31500e+02	1.51800e+01
5.56000e+02	1.47200e+01
5.81700e+02	1.42800e+01
6.08600e+02	1.38400e+01
6.36700e+02	1.34100e+01
6.66100e+02	1.29900e+01
6.96800e+02	1.25800e+01
7.29000e+02	1.21800e+01
7.62700e+02	1.17900e+01
7.97900e+02	1.14100e+01
8.34800e+02	1.10400e+01
8.73300e+02	1.06800e+01
9.13700e+02	1.03300e+01
9.55900e+02	9.98700e+00
1.00000e+03	9.65400e+00
1.04600e+03	9.33000e+00
1.09400e+03	9.01500e+00
1.14500e+03	8.70900e+00
1.19800e+03	8.41100e+00
1.25300e+03	8.12300e+00
1.31100e+03	7.84300e+00
1.37200e+03	7.57100e+00
1.43500e+03	7.30700e+00
1.50100e+03	7.05200e+00
1.57100e+03	6.80400e+00
1.64300e+03	6.56400e+00
1.71900e+03	6.33200e+00
1.79800e+03	6.10700e+00
1.88200e+03	5.88900e+00
1.96800e+03	5.67800e+00
2.05900e+03	5.47500e+00
2.15400e+03	5.27700e+00
2.25400e+03	5.08600e+00
2.35800e+03	4.90200e+00
2.46700e+03	4.72400e+00
2.58100e+03	4.55100e+00
2.70000e+03	4.38500e+00
2.82500e+03	4.22400e+00
2.95500e+03	4.06900e+00
3.09200e+03	3.91900e+00
3.23400e+03	3.77400e+00
3.38400e+03	3.63400e+00
3.54000e+03	3.49900e+00
3.70400e+03	3.36900e+00
3.87500e+03	3.24300e+00
4.05400e+03	3.12200e+00
4.24100e+03	3.00500e+00
4.43700e+03	2.89200e+00
4.64200e+03	2.78400e+00
4.85600e+03	2.67900e+00
5.08000e+03	2.57800e+00
5.31500e+03	2.48000e+00
5.56000e+03	2.38600e+00
5.81700e+03	2.29600e+00
6.08600e+03	2.20900e+00
6.36700e+03	2.12500e+00
6.66100e+03	2.04400e+00
6.96800e+03	1.96600e+00
7.29000e+03	1.89100e+00
7.62700e+03	1.81800e+00
7.97900e+03	1.74800e+00
8.34800e+03	1.68100e+00
8.73300e+03	1.61700e+00
9.13700e+03	1.55500e+00
9.55900e+03	1.49500e+00
1.00000e+04	1.43700e+00
1.04600e+04	1.38100e+00
1.09400e+04	1.32800e+00
1.14500e+04	1.27700e+00
1.19800e+04	1.22700e+00
1.25300e+04	1.18000e+00
1.31100e+04	1.13400e+00
1.37200e+04	1.09000e+00
1.43500e+04	1.04700e+00
1.50100e+04	1.00700e+00
1.57100e+04	9.67300e-01
1.64300e+04	9.29500e-01
1.71900e+04	8.93200e-01
1.79800e+04	8.58300e-01
1.88200e+04	8.24700e-01
1.96800e+04	7.92400e-01
2.05900e+04	7.61400e-01
2.15400e+04	7.31500e-01
2.25400e+04	7.02800e-01
2.35800e+04	6.75200e-01
2.46700e+04	6.48600e-01
2.58100e+04	6.23100e-01
2.70000e+04	5.98600e-01
2.82500e+04	5.75000e-01
2.95500e+04	5.52300e-01
3.09200e+04	5.30500e-01
3.23400e+04	5.09600e-01
3.38400e+04	4.89400e-01
3.54000e+04	4.70100e-01
3.70400e+04	4.51500e-01
3.87500e+04	4.33600e-01
4.05400e+04	4.16400e-01
4.24100e+04	3.99900e-01
4.43700e+04	3.84000e-01
4.64200e+04	3.68800e-01
4.85600e+04	3.54100e-01
5.08000e+04	3.40100e-01
5.31500e+04	3.26500e-01
5.56000e+04	3.13500e-01
5.81700e+04	3.01100e-01
6.08600e+04	2.89100e-01
6.36700e+04	2.77500e-01
6.66100e+04	2.66500e-01
6.96800e+04	2.55800e-01
7.29000e+04	2.45600e-01
7.62700e+04	2.35800e-01
7.97900e+04	2.26400e-01
8.34800e+04	2.17300e-01
8.73300e+04	2.08600e-01
9.13700e+04	2.00300e-01
9.55900e+04	1.92300e-01
1.00000e+05	1.84600e-01
1.04600e+05	1.77200e-01
1.09400e+05	1.70100e-01
1.14500e+05	1.63200e-01
1.19800e+05	1.56700e-01
1.25300e+05	1.50400e-01
1.31100e+05	1.44400e-01
1.37200e+05	1.38600e-01
1.43500e+05	1.33000e-01
1.50100e+05	1.27600e-01
1.57100e+05	1.22500e-01
1.64300e+05	1.17600e-01
1.71900e+05	1.12800e-01
1.79800e+05	1.08300e-01
1.88200e+05	1.03900e-01
1.96800e+05	9.97300e-02
2.05900e+05	9.57100e-02
2.15400e+05	9.18500e-02
2.25400e+05	8.81400e-02
2.35800e+05	8.45800e-02
2.46700e+05	8.11600e-02
2.58100e+05	7.78800e-02
2.70000e+05	7.47300e-02
2.82500e+05	7.17100e-02
2.95500e+05	6.88100e-02
3.09200e+05	6.60200e-02
3.23400e+05	6.33500e-02
3.38400e+05	6.07800e-02
3.54000e+05	5.83200e-02
3.70400e+05	5.59600e-02
3.87500e+05	5.36900e-02
4.05400e+05	5.15100e-02
4.24100e+05	4.94200e-02
4.43700e+05	4.74100e-02
4.64200e+05	4.54900e-02
4.85600e+05	4.36400e-02
5.08000e+05	4.18700e-02
5.31500e+05	4.01700e-02
5.56000e+05	3.85300e-02
5.81700e+05	3.69700e-02
6.08600e+05	3.54600e-02
6.36700e+05	3.40200e-02
6.66100e+05	3.26300e-02
6.96800e+05	3.13100e-02
7.29000e+05	3.00300e-02
7.62700e+05	2.88100e-02
7.97900e+05	2.76300e-02
8.34800e+05	2.65100e-02
8.73300e+05	2.54200e-02
9.13700e+05	2.43900e-02
9.55900e+05	2.33900e-02
1.00000e+06	2.24400e-02
