# CH3OH cross section
256
1.00000e+01	0.00000e+00
1.04618e+01	0.00000e+00
1.09450e+01	0.00000e+00
1.14505e+01	1.20387e-01
1.19793e+01	2.65015e-01
1.25325e+01	4.20022e-01
1.31113e+01	6.52859e-01
1.37169e+01	9.50885e-01
1.43504e+01	1.26323e+00
1.50131e+01	1.58625e+00
1.57065e+01	2.00846e+00
1.64318e+01	2.55662e+00
1.71907e+01	3.12304e+00
1.79846e+01	3.73979e+00
1.88152e+01	4.40856e+00
1.96842e+01	5.08598e+00
2.05933e+01	5.76659e+00
2.15444e+01	6.44561e+00
2.25393e+01	7.11886e+00
2.35803e+01	7.78270e+00
2.46693e+01	8.43398e+00
2.58086e+01	9.09342e+00
2.70006e+01	9.76163e+00
2.82475e+01	1.04135e+01
2.95521e+01	1.10464e+01
3.09169e+01	1.16579e+01
3.23448e+01	1.22462e+01
3.38385e+01	1.28095e+01
3.54013e+01	1.33465e+01
3.70363e+01	1.38569e+01
3.87467e+01	1.43589e+01
4.05362e+01	1.48335e+01
4.24083e+01	1.52797e+01
4.43669e+01	1.56967e+01
4.64159e+01	1.60840e+01
4.85595e+01	1.64411e+01
5.08022e+01	1.67679e+01
5.31484e+01	1.70642e+01
5.56030e+01	1.73300e+01
5.81709e+01	1.75657e+01
6.08575e+01	1.77714e+01
6.36681e+01	1.79476e+01
6.66085e+01	1.80948e+01
6.96847e+01	1.82134e+01
7.29030e+01	1.83043e+01
7.62699e+01	1.83680e+01
7.97923e+01	1.84054e+01
8.34773e+01	1.84174e+01
8.73326e+01	1.84047e+01
9.13659e+01	1.83684e+01
9.55855e+01	1.83094e+01
1.00000e+02	1.82288e+01
1.04618e+02	1.81274e+01
1.09450e+02	1.80065e+01
1.14505e+02	1.78669e+01
1.19793e+02	1.77099e+01
1.25325e+02	1.75365e+01
1.31113e+02	1.73477e+01
1.37169e+02	1.71446e+01
1.43504e+02	1.69283e+01
1.50131e+02	1.66999e+01
1.57065e+02	1.64602e+01
1.64318e+02	1.62104e+01
1.71907e+02	1.59513e+01
1.79846e+02	1.56841e+01
1.88152e+02	1.54096e+01
1.96842e+02	1.51287e+01
2.05933e+02	1.48422e+01
2.15444e+02	1.45511e+01
2.25393e+02	1.42561e+01
2.35803e+02	1.39579e+01
2.46693e+02	1.36573e+01
2.58086e+02	1.33550e+01
2.70005e+02	1.30517e+01
2.82475e+02	1.27479e+01
2.95521e+02	1.24443e+01
3.09169e+02	1.21414e+01
3.23448e+02	1.18400e+01
3.38385e+02	1.15402e+01
3.54013e+02	1.12427e+01
3.70363e+02	1.09476e+01
3.87467e+02	1.06554e+01
4.05362e+02	1.03665e+01
4.24083e+02	1.00811e+01
4.43669e+02	9.79955e+00
4.64159e+02	9.52204e+00
4.85595e+02	9.24883e+00
5.08022e+02	8.98010e+00
5.31484e+02	8.71603e+00
5.56030e+02	8.45678e+00
5.81709e+02	8.20257e+00
6.08574e+02	7.95342e+00
6.36681e+02	7.70943e+00
6.66085e+02	7.47066e+00
6.96847e+02	7.23716e+00
7.29029e+02	7.00898e+00
7.62699e+02	6.78613e+00
7.97923e+02	6.56862e+00
8.34773e+02	6.35646e+00
8.73326e+02	6.14963e+00
9.13659e+02	5.94811e+00
9.55855e+02	5.75187e+00
1.00000e+03	5.56085e+00
1.04618e+03	5.37502e+00
1.09450e+03	5.19431e+00
1.14505e+03	5.01866e+00
1.19793e+03	4.84801e+00
1.25325e+03	4.68227e+00
1.31113e+03	4.52138e+00
1.37169e+03	4.36524e+00
1.43504e+03	4.21378e+00
1.50131e+03	4.06689e+00
1.57065e+03	3.92450e+00
1.64318e+03	3.78651e+00
1.71907e+03	3.65282e+00
1.79846e+03	3.52335e+00
1.88152e+03	3.39798e+00
1.96842e+03	3.27663e+00
2.05933e+03	3.15920e+00
2.15443e+03	3.04559e+00
2.25393e+03	2.93570e+00
2.35803e+03	2.82943e+00
2.46693e+03	2.72670e+00
2.58086e+03	2.62740e+00
2.70005e+03	2.53144e+00
2.82475e+03	2.43873e+00
2.95521e+03	2.34917e+00
3.09169e+03	2.26268e+00
3.23448e+03	2.17916e+00
3.38386e+03	2.09853e+00
3.54013e+03	2.02069e+00
3.70363e+03	1.94558e+00
3.87468e+03	1.87309e+00
4.05362e+03	1.80315e+00
4.24083e+03	1.73568e+00
4.43669e+03	1.67061e+00
4.64159e+03	1.60785e+00
4.85595e+03	1.54734e+00
5.08022e+03	1.48899e+00
5.31484e+03	1.43275e+00
5.56030e+03	1.37853e+00
5.81709e+03	1.32628e+00
6.08574e+03	1.27592e+00
6.36681e+03	1.22740e+00
6.66085e+03	1.18066e+00
6.96847e+03	1.13562e+00
7.29030e+03	1.09224e+00
7.62699e+03	1.05045e+00
7.97923e+03	1.01021e+00
8.34773e+03	9.71457e-01
8.73326e+03	9.34141e-01
9.13659e+03	8.98211e-01
9.55855e+03	8.63621e-01
1.00000e+04	8.30321e-01
1.04618e+04	7.98267e-01
1.09450e+04	7.67414e-01
1.14505e+04	7.37721e-01
1.19793e+04	7.09144e-01
1.25325e+04	6.81644e-01
1.31113e+04	6.55183e-01
1.37169e+04	6.29722e-01
1.43504e+04	6.05226e-01
1.50131e+04	5.81660e-01
1.57065e+04	5.58989e-01
1.64318e+04	5.37181e-01
1.71907e+04	5.16205e-01
1.79847e+04	4.96029e-01
1.88152e+04	4.76625e-01
1.96842e+04	4.57963e-01
2.05933e+04	4.40017e-01
2.15443e+04	4.22760e-01
2.25393e+04	4.06166e-01
2.35803e+04	3.90211e-01
2.46693e+04	3.74870e-01
2.58086e+04	3.60121e-01
2.70005e+04	3.45941e-01
2.82475e+04	3.32310e-01
2.95521e+04	3.19206e-01
3.09169e+04	3.06610e-01
3.23448e+04	2.94503e-01
3.38386e+04	2.82865e-01
3.54013e+04	2.71680e-01
3.70363e+04	2.60930e-01
3.87468e+04	2.50599e-01
4.05362e+04	2.40670e-01
4.24083e+04	2.31128e-01
4.43669e+04	2.21960e-01
4.64159e+04	2.13149e-01
4.85595e+04	2.04683e-01
5.08022e+04	1.96549e-01
5.31484e+04	1.88733e-01
5.56030e+04	1.81224e-01
5.81709e+04	1.74009e-01
6.08574e+04	1.67077e-01
6.36681e+04	1.60419e-01
6.66085e+04	1.54022e-01
6.96847e+04	1.47876e-01
7.29029e+04	1.41973e-01
7.62699e+04	1.36303e-01
7.97923e+04	1.30856e-01
8.34773e+04	1.25625e-01
8.73326e+04	1.20599e-01
9.13659e+04	1.15773e-01
9.55855e+04	1.11138e-01
1.00000e+05	1.06685e-01
1.04618e+05	1.02410e-01
1.09450e+05	9.83034e-02
1.14505e+05	9.43599e-02
1.19793e+05	9.05729e-02
1.25325e+05	8.69362e-02
1.31113e+05	8.34440e-02
1.37169e+05	8.00906e-02
1.43504e+05	7.68705e-02
1.50131e+05	7.37786e-02
1.57065e+05	7.08098e-02
1.64318e+05	6.79593e-02
1.71907e+05	6.52223e-02
1.79846e+05	6.25945e-02
1.88152e+05	6.00716e-02
1.96842e+05	5.76494e-02
2.05933e+05	5.53239e-02
2.15444e+05	5.30913e-02
2.25393e+05	5.09480e-02
2.35803e+05	4.88905e-02
2.46693e+05	4.69152e-02
2.58086e+05	4.50191e-02
2.70006e+05	4.31989e-02
2.82475e+05	4.14516e-02
2.95521e+05	3.97745e-02
3.09169e+05	3.81645e-02
3.23448e+05	3.66192e-02
3.38386e+05	3.51360e-02
3.54013e+05	3.37123e-02
3.70363e+05	3.23458e-02
3.87468e+05	3.10342e-02
4.05362e+05	2.97754e-02
4.24083e+05	2.85673e-02
4.43669e+05	2.74078e-02
4.64159e+05	2.62950e-02
4.85595e+05	2.52270e-02
5.08022e+05	2.42020e-02
5.31484e+05	2.32184e-02
5.56030e+05	2.22744e-02
5.81709e+05	2.13685e-02
6.08574e+05	2.04992e-02
6.36680e+05	1.96650e-02
6.66085e+05	1.88645e-02
6.96847e+05	1.80964e-02
7.29030e+05	1.73593e-02
7.62699e+05	1.66520e-02
7.97923e+05	1.59733e-02
8.34773e+05	1.53221e-02
8.73326e+05	1.46972e-02
9.13659e+05	1.40977e-02
9.55855e+05	1.35224e-02
1.00000e+06	1.29705e-02
