# CH3OCH3 cross section
256
1.00000e+01	0.00000e+00
1.04618e+01	1.15293e-01
1.09450e+01	2.75424e-01
1.14505e+01	4.47624e-01
1.19793e+01	6.33668e-01
1.25325e+01	9.48766e-01
1.31113e+01	1.28098e+00
1.37169e+01	1.66620e+00
1.43504e+01	2.19163e+00
1.50131e+01	2.84232e+00
1.57065e+01	3.51593e+00
1.64318e+01	4.25620e+00
1.71907e+01	5.25036e+00
1.79846e+01	6.27211e+00
1.88152e+01	7.31095e+00
1.96842e+01	8.35767e+00
2.05933e+01	9.40425e+00
2.15444e+01	1.04437e+01
2.25393e+01	1.14699e+01
2.35803e+01	1.24776e+01
2.46693e+01	1.35006e+01
2.58086e+01	1.45133e+01
2.70006e+01	1.55220e+01
2.82475e+01	1.65240e+01
2.95521e+01	1.74951e+01
3.09169e+01	1.84316e+01
3.23448e+01	1.93304e+01
3.38385e+01	2.01890e+01
3.54013e+01	2.10051e+01
3.70363e+01	2.17771e+01
3.87467e+01	2.25189e+01
4.05362e+01	2.32207e+01
4.24083e+01	2.38765e+01
4.43669e+01	2.44854e+01
4.64159e+01	2.50468e+01
4.85595e+01	2.55604e+01
5.08022e+01	2.60260e+01
5.31484e+01	2.64438e+01
5.56030e+01	2.68142e+01
5.81709e+01	2.71375e+01
6.08575e+01	2.74146e+01
6.36681e+01	2.76461e+01
6.66085e+01	2.78331e+01
6.96847e+01	2.79766e+01
7.29030e+01	2.80778e+01
7.62699e+01	2.81379e+01
7.97923e+01	2.81583e+01
8.34773e+01	2.81405e+01
8.73326e+01	2.80860e+01
9.13659e+01	2.79962e+01
9.55855e+01	2.78727e+01
1.00000e+02	2.77173e+01
1.04618e+02	2.75315e+01
1.09450e+02	2.73171e+01
1.14505e+02	2.70757e+01
1.19793e+02	2.68089e+01
1.25325e+02	2.65186e+01
1.31113e+02	2.62062e+01
1.37169e+02	2.58736e+01
1.43504e+02	2.55222e+01
1.50131e+02	2.51537e+01
1.57065e+02	2.47697e+01
1.64318e+02	2.43717e+01
1.71907e+02	2.39612e+01
1.79846e+02	2.35396e+01
1.88152e+02	2.31083e+01
1.96842e+02	2.26686e+01
2.05933e+02	2.22218e+01
2.15444e+02	2.17691e+01
2.25393e+02	2.13118e+01
2.35803e+02	2.08510e+01
2.46693e+02	2.03876e+01
2.58086e+02	1.99227e+01
2.70005e+02	1.94573e+01
2.82475e+02	1.89922e+01
2.95521e+02	1.85283e+01
3.09169e+02	1.80665e+01
3.23448e+02	1.76078e+01
3.38385e+02	1.71526e+01
3.54013e+02	1.67014e+01
3.70363e+02	1.62546e+01
3.87467e+02	1.58130e+01
4.05362e+02	1.53768e+01
4.24083e+02	1.49466e+01
4.43669e+02	1.45226e+01
4.64159e+02	1.41053e+01
4.85595e+02	1.36949e+01
5.08022e+02	1.32917e+01
5.31484e+02	1.28959e+01
5.56030e+02	1.25077e+01
5.81709e+02	1.21274e+01
6.08574e+02	1.17550e+01
6.36681e+02	1.13906e+01
6.66085e+02	1.10343e+01
6.96847e+02	1.06861e+01
7.29029e+02	1.03461e+01
7.62699e+02	1.00143e+01
7.97923e+02	9.69067e+00
8.34773e+02	9.37520e+00
8.73326e+02	9.06785e+00
9.13659e+02	8.76856e+00
9.55855e+02	8.47727e+00
1.00000e+03	8.19391e+00
1.04618e+03	7.91837e+00
1.09450e+03	7.65056e+00
1.14505e+03	7.39039e+00
1.19793e+03	7.13772e+00
1.25325e+03	6.89243e+00
1.31113e+03	6.65442e+00
1.37169e+03	6.42353e+00
1.43504e+03	6.19963e+00
1.50131e+03	5.98259e+00
1.57065e+03	5.77226e+00
1.64318e+03	5.56849e+00
1.71907e+03	5.37114e+00
1.79846e+03	5.18007e+00
1.88152e+03	4.99511e+00
1.96842e+03	4.81613e+00
2.05933e+03	4.64298e+00
2.15443e+03	4.47550e+00
2.25393e+03	4.31354e+00
2.35803e+03	4.15697e+00
2.46693e+03	4.00563e+00
2.58086e+03	3.85938e+00
2.70005e+03	3.71808e+00
2.82475e+03	3.58159e+00
2.95521e+03	3.44977e+00
3.09169e+03	3.32247e+00
3.23448e+03	3.19958e+00
3.38386e+03	3.08095e+00
3.54013e+03	2.96646e+00
3.70363e+03	2.85598e+00
3.87468e+03	2.74938e+00
4.05362e+03	2.64655e+00
4.24083e+03	2.54737e+00
4.43669e+03	2.45171e+00
4.64159e+03	2.35948e+00
4.85595e+03	2.27054e+00
5.08022e+03	2.18481e+00
5.31484e+03	2.10217e+00
5.56030e+03	2.02252e+00
5.81709e+03	1.94576e+00
6.08574e+03	1.87179e+00
6.36681e+03	1.80053e+00
6.66085e+03	1.73188e+00
6.96847e+03	1.66574e+00
7.29030e+03	1.60204e+00
7.62699e+03	1.54069e+00
7.97923e+03	1.48161e+00
8.34773e+03	1.42472e+00
8.73326e+03	1.36995e+00
9.13659e+03	1.31721e+00
9.55855e+03	1.26644e+00
1.00000e+04	1.21757e+00
1.04618e+04	1.17053e+00
1.09450e+04	1.12525e+00
1.14505e+04	1.08168e+00
1.19793e+04	1.03975e+00
1.25325e+04	9.99403e-01
1.31113e+04	9.60580e-01
1.37169e+04	9.23228e-01
1.43504e+04	8.87292e-01
1.50131e+04	8.52722e-01
1.57065e+04	8.19467e-01
1.64318e+04	7.87479e-01
1.71907e+04	7.56711e-01
1.79847e+04	7.27120e-01
1.88152e+04	6.98661e-01
1.96842e+04	6.71292e-01
2.05933e+04	6.44973e-01
2.15443e+04	6.19666e-01
2.25393e+04	5.95332e-01
2.35803e+04	5.71935e-01
2.46693e+04	5.49440e-01
2.58086e+04	5.27813e-01
2.70005e+04	5.07022e-01
2.82475e+04	4.87036e-01
2.95521e+04	4.67823e-01
3.09169e+04	4.49356e-01
3.23448e+04	4.31605e-01
3.38386e+04	4.14544e-01
3.54013e+04	3.98146e-01
3.70363e+04	3.82386e-01
3.87468e+04	3.67241e-01
4.05362e+04	3.52686e-01
4.24083e+04	3.38699e-01
4.43669e+04	3.25259e-01
4.64159e+04	3.12344e-01
4.85595e+04	2.99934e-01
5.08022e+04	2.88011e-01
5.31484e+04	2.76555e-01
5.56030e+04	2.65548e-01
5.81709e+04	2.54973e-01
6.08574e+04	2.44814e-01
6.36681e+04	2.35055e-01
6.66085e+04	2.25679e-01
6.96847e+04	2.16673e-01
7.29029e+04	2.08021e-01
7.62699e+04	1.99711e-01
7.97923e+04	1.91728e-01
8.34773e+04	1.84061e-01
8.73326e+04	1.76697e-01
9.13659e+04	1.69624e-01
9.55855e+04	1.62831e-01
1.00000e+05	1.56306e-01
1.04618e+05	1.50041e-01
1.09450e+05	1.44023e-01
1.14505e+05	1.38244e-01
1.19793e+05	1.32695e-01
1.25325e+05	1.27366e-01
1.31113e+05	1.22249e-01
1.37169e+05	1.17335e-01
1.43504e+05	1.12617e-01
1.50131e+05	1.08086e-01
1.57065e+05	1.03736e-01
1.64318e+05	9.95591e-02
1.71907e+05	9.55489e-02
1.79846e+05	9.16986e-02
1.88152e+05	8.80019e-02
1.96842e+05	8.44529e-02
2.05933e+05	8.10456e-02
2.15444e+05	7.77745e-02
2.25393e+05	7.46342e-02
2.35803e+05	7.16196e-02
2.46693e+05	6.87256e-02
2.58086e+05	6.59475e-02
2.70006e+05	6.32808e-02
2.82475e+05	6.07209e-02
2.95521e+05	5.82637e-02
3.09169e+05	5.59050e-02
3.23448e+05	5.36411e-02
3.38386e+05	5.14680e-02
3.54013e+05	4.93823e-02
3.70363e+05	4.73804e-02
3.87468e+05	4.54589e-02
4.05362e+05	4.36148e-02
4.24083e+05	4.18449e-02
4.43669e+05	4.01462e-02
4.64159e+05	3.85159e-02
4.85595e+05	3.69514e-02
5.08022e+05	3.54498e-02
5.31484e+05	3.40089e-02
5.56030e+05	3.26260e-02
5.81709e+05	3.12990e-02
6.08574e+05	3.00256e-02
6.36680e+05	2.88036e-02
6.66085e+05	2.76309e-02
6.96847e+05	2.65056e-02
7.29030e+05	2.54259e-02
7.62699e+05	2.43898e-02
7.97923e+05	2.33956e-02
8.34773e+05	2.24417e-02
8.73326e+05	2.15264e-02
9.13659e+05	2.06482e-02
9.55855e+05	1.98055e-02
1.00000e+06	1.89970e-02
