# CHNO cross section
256
1.00000e+01	0.00000e+00
1.04600e+01	0.00000e+00
1.09400e+01	0.00000e+00
1.14500e+01	0.00000e+00
1.19800e+01	0.00000e+00
1.25300e+01	0.00000e+00
1.31100e+01	1.17200e-01
1.37200e+01	3.41900e-01
1.43500e+01	6.94900e-01
1.50100e+01	1.09400e+00
1.57100e+01	1.51300e+00
1.64300e+01	1.94700e+00
1.71900e+01	2.41400e+00
1.79800e+01	2.94500e+00
1.88200e+01	3.53800e+00
1.96800e+01	4.15500e+00
2.05900e+01	4.77800e+00
2.15400e+01	5.40100e+00
2.25400e+01	6.02200e+00
2.35800e+01	6.66500e+00
2.46700e+01	7.32100e+00
2.58100e+01	7.96800e+00
2.70000e+01	8.60400e+00
2.82500e+01	9.22400e+00
2.95500e+01	9.82800e+00
3.09200e+01	1.04100e+01
3.23400e+01	1.09700e+01
3.38400e+01	1.15200e+01
3.54000e+01	1.20600e+01
3.70400e+01	1.25800e+01
3.87500e+01	1.30700e+01
4.05400e+01	1.35400e+01
4.24100e+01	1.39900e+01
4.43700e+01	1.44300e+01
4.64200e+01	1.48400e+01
4.85600e+01	1.52200e+01
5.08000e+01	1.55700e+01
5.31500e+01	1.58900e+01
5.56000e+01	1.61900e+01
5.81700e+01	1.64500e+01
6.08600e+01	1.66900e+01
6.36700e+01	1.69000e+01
6.66100e+01	1.70800e+01
6.96800e+01	1.72400e+01
7.29000e+01	1.73700e+01
7.62700e+01	1.74700e+01
7.97900e+01	1.75400e+01
8.34800e+01	1.75900e+01
8.73300e+01	1.76200e+01
9.13700e+01	1.76200e+01
9.55900e+01	1.76000e+01
1.00000e+02	1.75500e+01
1.04600e+02	1.74900e+01
1.09400e+02	1.74100e+01
1.14500e+02	1.73000e+01
1.19800e+02	1.71800e+01
1.25300e+02	1.70400e+01
1.31100e+02	1.68800e+01
1.37200e+02	1.67100e+01
1.43500e+02	1.65300e+01
1.50100e+02	1.63300e+01
1.57100e+02	1.61200e+01
1.64300e+02	1.59000e+01
1.71900e+02	1.56700e+01
1.79800e+02	1.54300e+01
1.88200e+02	1.51800e+01
1.96800e+02	1.49200e+01
2.05900e+02	1.46600e+01
2.15400e+02	1.43900e+01
2.25400e+02	1.41100e+01
2.35800e+02	1.38300e+01
2.46700e+02	1.35500e+01
2.58100e+02	1.32600e+01
2.70000e+02	1.29800e+01
2.82500e+02	1.26900e+01
2.95500e+02	1.24000e+01
3.09200e+02	1.21100e+01
3.23400e+02	1.18200e+01
3.38400e+02	1.15300e+01
3.54000e+02	1.12400e+01
3.70400e+02	1.09600e+01
3.87500e+02	1.06800e+01
4.05400e+02	1.04000e+01
4.24100e+02	1.01200e+01
4.43700e+02	9.84200e+00
4.64200e+02	9.57100e+00
4.85600e+02	9.30400e+00
5.08000e+02	9.04000e+00
5.31500e+02	8.78000e+00
5.56000e+02	8.52500e+00
5.81700e+02	8.27500e+00
6.08600e+02	8.02900e+00
6.36700e+02	7.78700e+00
6.66100e+02	7.55100e+00
6.96800e+02	7.31900e+00
7.29000e+02	7.09300e+00
7.62700e+02	6.87100e+00
7.97900e+02	6.65500e+00
8.34800e+02	6.44300e+00
8.73300e+02	6.23700e+00
9.13700e+02	6.03500e+00
9.55900e+02	5.83900e+00
1.00000e+03	5.64800e+00
1.04600e+03	5.46200e+00
1.09400e+03	5.28100e+00
1.14500e+03	5.10400e+00
1.19800e+03	4.93300e+00
1.25300e+03	4.76600e+00
1.31100e+03	4.60400e+00
1.37200e+03	4.44700e+00
1.43500e+03	4.29400e+00
1.50100e+03	4.14600e+00
1.57100e+03	4.00300e+00
1.64300e+03	3.86300e+00
1.71900e+03	3.72800e+00
1.79800e+03	3.59700e+00
1.88200e+03	3.47000e+00
1.96800e+03	3.34700e+00
2.05900e+03	3.22800e+00
2.15400e+03	3.11300e+00
2.25400e+03	3.00200e+00
2.35800e+03	2.89400e+00
2.46700e+03	2.79000e+00
2.58100e+03	2.68900e+00
2.70000e+03	2.59100e+00
2.82500e+03	2.49700e+00
2.95500e+03	2.40600e+00
3.09200e+03	2.31800e+00
3.23400e+03	2.23300e+00
3.38400e+03	2.15100e+00
3.54000e+03	2.07100e+00
3.70400e+03	1.99500e+00
3.87500e+03	1.92100e+00
4.05400e+03	1.85000e+00
4.24100e+03	1.78100e+00
4.43700e+03	1.71400e+00
4.64200e+03	1.65000e+00
4.85600e+03	1.58800e+00
5.08000e+03	1.52900e+00
5.31500e+03	1.47100e+00
5.56000e+03	1.41600e+00
5.81700e+03	1.36200e+00
6.08600e+03	1.31100e+00
6.36700e+03	1.26100e+00
6.66100e+03	1.21300e+00
6.96800e+03	1.16700e+00
7.29000e+03	1.12300e+00
7.62700e+03	1.08000e+00
7.97900e+03	1.03900e+00
8.34800e+03	9.99000e-01
8.73300e+03	9.60800e-01
9.13700e+03	9.24000e-01
9.55900e+03	8.88500e-01
1.00000e+04	8.54300e-01
1.04600e+04	8.21500e-01
1.09400e+04	7.89800e-01
1.14500e+04	7.59300e-01
1.19800e+04	7.30000e-01
1.25300e+04	7.01800e-01
1.31100e+04	6.74600e-01
1.37200e+04	6.48400e-01
1.43500e+04	6.23300e-01
1.50100e+04	5.99100e-01
1.57100e+04	5.75800e-01
1.64300e+04	5.53400e-01
1.71900e+04	5.31800e-01
1.79800e+04	5.11100e-01
1.88200e+04	4.91100e-01
1.96800e+04	4.71900e-01
2.05900e+04	4.53500e-01
2.15400e+04	4.35700e-01
2.25400e+04	4.18700e-01
2.35800e+04	4.02200e-01
2.46700e+04	3.86500e-01
2.58100e+04	3.71300e-01
2.70000e+04	3.56700e-01
2.82500e+04	3.42700e-01
2.95500e+04	3.29200e-01
3.09200e+04	3.16200e-01
3.23400e+04	3.03700e-01
3.38400e+04	2.91800e-01
3.54000e+04	2.80200e-01
3.70400e+04	2.69200e-01
3.87500e+04	2.58500e-01
4.05400e+04	2.48300e-01
4.24100e+04	2.38500e-01
4.43700e+04	2.29000e-01
4.64200e+04	2.19900e-01
4.85600e+04	2.11200e-01
5.08000e+04	2.02800e-01
5.31500e+04	1.94800e-01
5.56000e+04	1.87000e-01
5.81700e+04	1.79600e-01
6.08600e+04	1.72500e-01
6.36700e+04	1.65600e-01
6.66100e+04	1.59000e-01
6.96800e+04	1.52700e-01
7.29000e+04	1.46600e-01
7.62700e+04	1.40700e-01
7.97900e+04	1.35100e-01
8.34800e+04	1.29700e-01
8.73300e+04	1.24500e-01
9.13700e+04	1.19600e-01
9.55900e+04	1.14800e-01
1.00000e+05	1.10200e-01
1.04600e+05	1.05800e-01
1.09400e+05	1.01500e-01
1.14500e+05	9.74700e-02
1.19800e+05	9.35600e-02
1.25300e+05	8.98100e-02
1.31100e+05	8.62100e-02
1.37200e+05	8.27500e-02
1.43500e+05	7.94200e-02
1.50100e+05	7.62300e-02
1.57100e+05	7.31700e-02
1.64300e+05	7.02200e-02
1.71900e+05	6.74000e-02
1.79800e+05	6.46900e-02
1.88200e+05	6.20800e-02
1.96800e+05	5.95800e-02
2.05900e+05	5.71800e-02
2.15400e+05	5.48700e-02
2.25400e+05	5.26600e-02
2.35800e+05	5.05400e-02
2.46700e+05	4.85000e-02
2.58100e+05	4.65400e-02
2.70000e+05	4.46600e-02
2.82500e+05	4.28500e-02
2.95500e+05	4.11200e-02
3.09200e+05	3.94600e-02
3.23400e+05	3.78600e-02
3.38400e+05	3.63300e-02
3.54000e+05	3.48600e-02
3.70400e+05	3.34500e-02
3.87500e+05	3.20900e-02
4.05400e+05	3.07900e-02
4.24100e+05	2.95400e-02
4.43700e+05	2.83400e-02
4.64200e+05	2.71900e-02
4.85600e+05	2.60900e-02
5.08000e+05	2.50300e-02
5.31500e+05	2.40100e-02
5.56000e+05	2.30400e-02
5.81700e+05	2.21000e-02
6.08600e+05	2.12000e-02
6.36700e+05	2.03400e-02
6.66100e+05	1.95100e-02
6.96800e+05	1.87200e-02
7.29000e+05	1.79600e-02
7.62700e+05	1.72300e-02
7.97900e+05	1.65300e-02
8.34800e+05	1.58500e-02
8.73300e+05	1.52100e-02
9.13700e+05	1.45900e-02
9.55900e+05	1.39900e-02
1.00000e+06	1.34200e-02
