# CO cross section
256
1.00000e+01	0.00000e+00
1.04618e+01	0.00000e+00
1.09450e+01	0.00000e+00
1.14505e+01	0.00000e+00
1.19793e+01	0.00000e+00
1.25325e+01	0.00000e+00
1.31113e+01	0.00000e+00
1.37169e+01	0.00000e+00
1.43504e+01	1.35807e-02
1.50131e+01	1.23841e-01
1.57065e+01	2.43551e-01
1.64318e+01	3.70635e-01
1.71907e+01	5.35627e-01
1.79846e+01	8.23562e-01
1.88152e+01	1.12672e+00
1.96842e+01	1.44111e+00
2.05933e+01	1.76323e+00
2.15444e+01	2.09001e+00
2.25393e+01	2.44667e+00
2.35803e+01	2.82153e+00
2.46693e+01	3.19739e+00
2.58086e+01	3.57169e+00
2.70006e+01	3.94221e+00
2.82475e+01	4.30699e+00
2.95521e+01	4.66436e+00
3.09169e+01	5.01286e+00
3.23448e+01	5.35120e+00
3.38385e+01	5.67832e+00
3.54013e+01	5.99328e+00
3.70363e+01	6.29529e+00
3.87467e+01	6.58369e+00
4.05362e+01	6.85792e+00
4.24083e+01	7.12679e+00
4.43669e+01	7.38888e+00
4.64159e+01	7.63692e+00
4.85595e+01	7.87041e+00
5.08022e+01	8.08894e+00
5.31484e+01	8.29222e+00
5.56030e+01	8.48005e+00
5.81709e+01	8.65228e+00
6.08575e+01	8.80888e+00
6.36681e+01	8.94986e+00
6.66085e+01	9.07530e+00
6.96847e+01	9.18535e+00
7.29030e+01	9.28019e+00
7.62699e+01	9.36007e+00
7.97923e+01	9.42525e+00
8.34773e+01	9.47609e+00
8.73326e+01	9.51292e+00
9.13659e+01	9.53614e+00
9.55855e+01	9.54617e+00
1.00000e+02	9.54346e+00
1.04618e+02	9.52848e+00
1.09450e+02	9.50172e+00
1.14505e+02	9.46367e+00
1.19793e+02	9.41486e+00
1.25325e+02	9.35582e+00
1.31113e+02	9.28707e+00
1.37169e+02	9.20916e+00
1.43504e+02	9.12264e+00
1.50131e+02	9.02805e+00
1.57065e+02	8.92593e+00
1.64318e+02	8.81682e+00
1.71907e+02	8.70124e+00
1.79846e+02	8.57974e+00
1.88152e+02	8.45281e+00
1.96842e+02	8.32098e+00
2.05933e+02	8.18472e+00
2.15444e+02	8.04452e+00
2.25393e+02	7.90084e+00
2.35803e+02	7.75413e+00
2.46693e+02	7.60482e+00
2.58086e+02	7.45333e+00
2.70005e+02	7.30006e+00
2.82475e+02	7.14538e+00
2.95521e+02	6.98965e+00
3.09169e+02	6.83323e+00
3.23448e+02	6.67677e+00
3.38385e+02	6.52027e+00
3.54013e+02	6.36400e+00
3.70363e+02	6.20823e+00
3.87467e+02	6.05322e+00
4.05362e+02	5.89917e+00
4.24083e+02	5.74632e+00
4.43669e+02	5.59485e+00
4.64159e+02	5.44494e+00
4.85595e+02	5.29676e+00
5.08022e+02	5.15046e+00
5.31484e+02	5.00618e+00
5.56030e+02	4.86403e+00
5.81709e+02	4.72421e+00
6.08574e+02	4.58675e+00
6.36681e+02	4.45173e+00
6.66085e+02	4.31922e+00
6.96847e+02	4.18927e+00
7.29029e+02	4.06193e+00
7.62699e+02	3.93725e+00
7.97923e+02	3.81526e+00
8.34773e+02	3.69598e+00
8.73326e+02	3.57943e+00
9.13659e+02	3.46562e+00
9.55855e+02	3.35455e+00
1.00000e+03	3.24623e+00
1.04618e+03	3.14063e+00
1.09450e+03	3.03775e+00
1.14505e+03	2.93757e+00
1.19793e+03	2.84007e+00
1.25325e+03	2.74521e+00
1.31113e+03	2.65298e+00
1.37169e+03	2.56333e+00
1.43504e+03	2.47623e+00
1.50131e+03	2.39164e+00
1.57065e+03	2.30952e+00
1.64318e+03	2.22983e+00
1.71907e+03	2.15253e+00
1.79846e+03	2.07756e+00
1.88152e+03	2.00488e+00
1.96842e+03	1.93445e+00
2.05933e+03	1.86622e+00
2.15443e+03	1.80013e+00
2.25393e+03	1.73614e+00
2.35803e+03	1.67420e+00
2.46693e+03	1.61425e+00
2.58086e+03	1.55625e+00
2.70005e+03	1.50015e+00
2.82475e+03	1.44590e+00
2.95521e+03	1.39345e+00
3.09169e+03	1.34275e+00
3.23448e+03	1.29376e+00
3.38386e+03	1.24642e+00
3.54013e+03	1.20068e+00
3.70363e+03	1.15651e+00
3.87468e+03	1.11386e+00
4.05362e+03	1.07268e+00
4.24083e+03	1.03293e+00
4.43669e+03	9.94560e-01
4.64159e+03	9.57535e-01
4.85595e+03	9.21810e-01
5.08022e+03	8.87346e-01
5.31484e+03	8.54103e-01
5.56030e+03	8.22042e-01
5.81709e+03	7.91125e-01
6.08574e+03	7.61315e-01
6.36681e+03	7.32576e-01
6.66085e+03	7.04873e-01
6.96847e+03	6.78172e-01
7.29030e+03	6.52440e-01
7.62699e+03	6.27644e-01
7.97923e+03	6.03753e-01
8.34773e+03	5.80736e-01
8.73326e+03	5.58564e-01
9.13659e+03	5.37207e-01
9.55855e+03	5.16638e-01
1.00000e+04	4.96829e-01
1.04618e+04	4.77754e-01
1.09450e+04	4.59387e-01
1.14505e+04	4.41704e-01
1.19793e+04	4.24681e-01
1.25325e+04	4.08294e-01
1.31113e+04	3.92520e-01
1.37169e+04	3.77339e-01
1.43504e+04	3.62728e-01
1.50131e+04	3.48667e-01
1.57065e+04	3.35137e-01
1.64318e+04	3.22118e-01
1.71907e+04	3.09593e-01
1.79847e+04	2.97542e-01
1.88152e+04	2.85949e-01
1.96842e+04	2.74797e-01
2.05933e+04	2.64070e-01
2.15443e+04	2.53752e-01
2.25393e+04	2.43828e-01
2.35803e+04	2.34284e-01
2.46693e+04	2.25106e-01
2.58086e+04	2.16280e-01
2.70005e+04	2.07793e-01
2.82475e+04	1.99632e-01
2.95521e+04	1.91786e-01
3.09169e+04	1.84242e-01
3.23448e+04	1.76989e-01
3.38386e+04	1.70017e-01
3.54013e+04	1.63314e-01
3.70363e+04	1.56871e-01
3.87468e+04	1.50678e-01
4.05362e+04	1.44725e-01
4.24083e+04	1.39004e-01
4.43669e+04	1.33504e-01
4.64159e+04	1.28219e-01
4.85595e+04	1.23140e-01
5.08022e+04	1.18259e-01
5.31484e+04	1.13569e-01
5.56030e+04	1.09061e-01
5.81709e+04	1.04730e-01
6.08574e+04	1.00569e-01
6.36681e+04	9.65703e-02
6.66085e+04	9.27285e-02
6.96847e+04	8.90375e-02
7.29029e+04	8.54914e-02
7.62699e+04	8.20846e-02
7.97923e+04	7.88118e-02
8.34773e+04	7.56678e-02
8.73326e+04	7.26476e-02
9.13659e+04	6.97464e-02
9.55855e+04	6.69597e-02
1.00000e+05	6.42829e-02
1.04618e+05	6.17118e-02
1.09450e+05	5.92424e-02
1.14505e+05	5.68706e-02
1.19793e+05	5.45927e-02
1.25325e+05	5.24049e-02
1.31113e+05	5.03039e-02
1.37169e+05	4.82861e-02
1.43504e+05	4.63484e-02
1.50131e+05	4.44876e-02
1.57065e+05	4.27008e-02
1.64318e+05	4.09849e-02
1.71907e+05	3.93372e-02
1.79846e+05	3.77552e-02
1.88152e+05	3.62360e-02
1.96842e+05	3.47774e-02
2.05933e+05	3.33770e-02
2.15444e+05	3.20323e-02
2.25393e+05	3.07413e-02
2.35803e+05	2.95019e-02
2.46693e+05	2.83119e-02
2.58086e+05	2.71695e-02
2.70006e+05	2.60727e-02
2.82475e+05	2.50199e-02
2.95521e+05	2.40091e-02
3.09169e+05	2.30388e-02
3.23448e+05	2.21074e-02
3.38386e+05	2.12133e-02
3.54013e+05	2.03550e-02
3.70363e+05	1.95312e-02
3.87468e+05	1.87404e-02
4.05362e+05	1.79814e-02
4.24083e+05	1.72528e-02
4.43669e+05	1.65536e-02
4.64159e+05	1.58824e-02
4.85595e+05	1.52382e-02
5.08022e+05	1.46200e-02
5.31484e+05	1.40266e-02
5.56030e+05	1.34571e-02
5.81709e+05	1.29106e-02
6.08574e+05	1.23861e-02
6.36680e+05	1.18827e-02
6.66085e+05	1.13996e-02
6.96847e+05	1.09360e-02
7.29030e+05	1.04912e-02
7.62699e+05	1.00643e-02
7.97923e+05	9.65459e-03
8.34773e+05	9.26148e-03
8.73326e+05	8.88426e-03
9.13659e+05	8.52230e-03
9.55855e+05	8.17497e-03
1.00000e+06	7.84171e-03
