# CS cross section
256
1.00000e+01	0.00000e+00
1.04618e+01	0.00000e+00
1.09450e+01	0.00000e+00
1.14505e+01	0.00000e+00
1.19793e+01	7.77655e-02
1.25325e+01	2.26402e-01
1.31113e+01	4.36405e-01
1.37169e+01	8.65462e-01
1.43504e+01	1.32318e+00
1.50131e+01	1.80285e+00
1.57065e+01	2.29859e+00
1.64318e+01	2.80524e+00
1.71907e+01	3.31827e+00
1.79846e+01	3.90299e+00
1.88152e+01	4.49318e+00
1.96842e+01	5.08430e+00
2.05933e+01	5.67253e+00
2.15444e+01	6.25453e+00
2.25393e+01	6.82741e+00
2.35803e+01	7.38863e+00
2.46693e+01	7.93600e+00
2.58086e+01	8.46760e+00
2.70006e+01	8.98179e+00
2.82475e+01	9.47716e+00
2.95521e+01	9.95251e+00
3.09169e+01	1.04278e+01
3.23448e+01	1.08930e+01
3.38385e+01	1.13377e+01
3.54013e+01	1.17609e+01
3.70363e+01	1.21616e+01
3.87467e+01	1.25390e+01
4.05362e+01	1.28926e+01
4.24083e+01	1.32218e+01
4.43669e+01	1.35265e+01
4.64159e+01	1.38063e+01
4.85595e+01	1.40612e+01
5.08022e+01	1.42913e+01
5.31484e+01	1.44966e+01
5.56030e+01	1.46774e+01
5.81709e+01	1.48340e+01
6.08575e+01	1.49666e+01
6.36681e+01	1.50758e+01
6.66085e+01	1.51620e+01
6.96847e+01	1.52258e+01
7.29030e+01	1.52678e+01
7.62699e+01	1.52887e+01
7.97923e+01	1.52891e+01
8.34773e+01	1.52697e+01
8.73326e+01	1.52314e+01
9.13659e+01	1.51748e+01
9.55855e+01	1.51009e+01
1.00000e+02	1.50104e+01
1.04618e+02	1.49042e+01
1.09450e+02	1.47832e+01
1.14505e+02	1.46482e+01
1.19793e+02	1.45000e+01
1.25325e+02	1.43396e+01
1.31113e+02	1.41677e+01
1.37169e+02	1.39853e+01
1.43504e+02	1.37932e+01
1.50131e+02	1.35921e+01
1.57065e+02	1.33830e+01
1.64318e+02	1.31666e+01
1.71907e+02	1.29436e+01
1.79846e+02	1.27149e+01
1.88152e+02	1.24827e+01
1.96842e+02	1.22469e+01
2.05933e+02	1.20075e+01
2.15444e+02	1.17652e+01
2.25393e+02	1.15206e+01
2.35803e+02	1.12743e+01
2.46693e+02	1.10267e+01
2.58086e+02	1.07788e+01
2.70005e+02	1.05306e+01
2.82475e+02	1.02828e+01
2.95521e+02	1.00355e+01
3.09169e+02	9.78924e+00
3.23448e+02	9.54474e+00
3.38385e+02	9.30200e+00
3.54013e+02	9.06134e+00
3.70363e+02	8.82303e+00
3.87467e+02	8.58734e+00
4.05362e+02	8.35451e+00
4.24083e+02	8.12475e+00
4.43669e+02	7.89826e+00
4.64159e+02	7.67521e+00
4.85595e+02	7.45577e+00
5.08022e+02	7.24006e+00
5.31484e+02	7.02821e+00
5.56030e+02	6.82032e+00
5.81709e+02	6.61648e+00
6.08574e+02	6.41676e+00
6.36681e+02	6.22121e+00
6.66085e+02	6.02989e+00
6.96847e+02	5.84282e+00
7.29029e+02	5.66002e+00
7.62699e+02	5.48151e+00
7.97923e+02	5.30728e+00
8.34773e+02	5.13733e+00
8.73326e+02	4.97164e+00
9.13659e+02	4.81019e+00
9.55855e+02	4.65294e+00
1.00000e+03	4.49986e+00
1.04618e+03	4.35090e+00
1.09450e+03	4.20601e+00
1.14505e+03	4.06515e+00
1.19793e+03	3.92826e+00
1.25325e+03	3.79527e+00
1.31113e+03	3.66612e+00
1.37169e+03	3.54075e+00
1.43504e+03	3.41909e+00
1.50131e+03	3.30106e+00
1.57065e+03	3.18660e+00
1.64318e+03	3.07563e+00
1.71907e+03	2.96807e+00
1.79846e+03	2.86386e+00
1.88152e+03	2.76291e+00
1.96842e+03	2.66515e+00
2.05933e+03	2.57050e+00
2.15443e+03	2.47889e+00
2.25393e+03	2.39024e+00
2.35803e+03	2.30448e+00
2.46693e+03	2.22152e+00
2.58086e+03	2.14131e+00
2.70005e+03	2.06375e+00
2.82475e+03	1.98879e+00
2.95521e+03	1.91634e+00
3.09169e+03	1.84634e+00
3.23448e+03	1.77872e+00
3.38386e+03	1.71340e+00
3.54013e+03	1.65033e+00
3.70363e+03	1.58942e+00
3.87468e+03	1.53062e+00
4.05362e+03	1.47387e+00
4.24083e+03	1.41910e+00
4.43669e+03	1.36624e+00
4.64159e+03	1.31525e+00
4.85595e+03	1.26606e+00
5.08022e+03	1.21862e+00
5.31484e+03	1.17286e+00
5.56030e+03	1.12874e+00
5.81709e+03	1.08620e+00
6.08574e+03	1.04518e+00
6.36681e+03	1.00565e+00
6.66085e+03	9.67550e-01
6.96847e+03	9.30832e-01
7.29030e+03	8.95449e-01
7.62699e+03	8.61358e-01
7.97923e+03	8.28515e-01
8.34773e+03	7.96876e-01
8.73326e+03	7.66402e-01
9.13659e+03	7.37052e-01
9.55855e+03	7.08786e-01
1.00000e+04	6.81568e-01
1.04618e+04	6.55361e-01
1.09450e+04	6.30129e-01
1.14505e+04	6.05838e-01
1.19793e+04	5.82456e-01
1.25325e+04	5.59948e-01
1.31113e+04	5.38286e-01
1.37169e+04	5.17438e-01
1.43504e+04	4.97375e-01
1.50131e+04	4.78069e-01
1.57065e+04	4.59493e-01
1.64318e+04	4.41620e-01
1.71907e+04	4.24425e-01
1.79847e+04	4.07883e-01
1.88152e+04	3.91970e-01
1.96842e+04	3.76664e-01
2.05933e+04	3.61942e-01
2.15443e+04	3.47782e-01
2.25393e+04	3.34165e-01
2.35803e+04	3.21069e-01
2.46693e+04	3.08475e-01
2.58086e+04	2.96366e-01
2.70005e+04	2.84722e-01
2.82475e+04	2.73527e-01
2.95521e+04	2.62763e-01
3.09169e+04	2.52415e-01
3.23448e+04	2.42467e-01
3.38386e+04	2.32904e-01
3.54013e+04	2.23712e-01
3.70363e+04	2.14876e-01
3.87468e+04	2.06383e-01
4.05362e+04	1.98220e-01
4.24083e+04	1.90375e-01
4.43669e+04	1.82835e-01
4.64159e+04	1.75589e-01
4.85595e+04	1.68625e-01
5.08022e+04	1.61934e-01
5.31484e+04	1.55504e-01
5.56030e+04	1.49326e-01
5.81709e+04	1.43389e-01
6.08574e+04	1.37685e-01
6.36681e+04	1.32205e-01
6.66085e+04	1.26940e-01
6.96847e+04	1.21882e-01
7.29029e+04	1.17023e-01
7.62699e+04	1.12354e-01
7.97923e+04	1.07870e-01
8.34773e+04	1.03562e-01
8.73326e+04	9.94243e-02
9.13659e+04	9.54497e-02
9.55855e+04	9.16321e-02
1.00000e+05	8.79653e-02
1.04618e+05	8.44435e-02
1.09450e+05	8.10610e-02
1.14505e+05	7.78124e-02
1.19793e+05	7.46926e-02
1.25325e+05	7.16964e-02
1.31113e+05	6.88191e-02
1.37169e+05	6.60559e-02
1.43504e+05	6.34026e-02
1.50131e+05	6.08546e-02
1.57065e+05	5.84080e-02
1.64318e+05	5.60587e-02
1.71907e+05	5.38029e-02
1.79846e+05	5.16370e-02
1.88152e+05	4.95574e-02
1.96842e+05	4.75607e-02
2.05933e+05	4.56437e-02
2.15444e+05	4.38031e-02
2.25393e+05	4.20361e-02
2.35803e+05	4.03397e-02
2.46693e+05	3.87111e-02
2.58086e+05	3.71477e-02
2.70006e+05	3.56468e-02
2.82475e+05	3.42060e-02
2.95521e+05	3.28229e-02
3.09169e+05	3.14953e-02
3.23448e+05	3.02209e-02
3.38386e+05	2.89976e-02
3.54013e+05	2.78234e-02
3.70363e+05	2.66963e-02
3.87468e+05	2.56145e-02
4.05362e+05	2.45762e-02
4.24083e+05	2.35796e-02
4.43669e+05	2.26231e-02
4.64159e+05	2.17051e-02
4.85595e+05	2.08240e-02
5.08022e+05	1.99784e-02
5.31484e+05	1.91669e-02
5.56030e+05	1.83881e-02
5.81709e+05	1.76407e-02
6.08574e+05	1.69235e-02
6.36680e+05	1.62351e-02
6.66085e+05	1.55746e-02
6.96847e+05	1.49407e-02
7.29030e+05	1.43325e-02
7.62699e+05	1.37488e-02
7.97923e+05	1.31888e-02
8.34773e+05	1.26513e-02
8.73326e+05	1.21357e-02
9.13659e+05	1.16408e-02
9.55855e+05	1.11661e-02
1.00000e+06	1.07105e-02
