# H2 cross section
256
1.00000e+01	0.00000e+00
1.04600e+01	0.00000e+00
1.09400e+01	0.00000e+00
1.14500e+01	0.00000e+00
1.19800e+01	0.00000e+00
1.25300e+01	0.00000e+00
1.31100e+01	0.00000e+00
1.37200e+01	0.00000e+00
1.43500e+01	0.00000e+00
1.50100e+01	0.00000e+00
1.57100e+01	0.00000e+00
1.64300e+01	6.19500e-03
1.71900e+01	1.45800e-01
1.79800e+01	2.95800e-01
1.88200e+01	4.53300e-01
1.96800e+01	6.15700e-01
2.05900e+01	7.81000e-01
2.15400e+01	9.47100e-01
2.25400e+01	1.11300e+00
2.35800e+01	1.27600e+00
2.46700e+01	1.43600e+00
2.58100e+01	1.59200e+00
2.70000e+01	1.74300e+00
2.82500e+01	1.88800e+00
2.95500e+01	2.02600e+00
3.09200e+01	2.15800e+00
3.23400e+01	2.28300e+00
3.38400e+01	2.40100e+00
3.54000e+01	2.51100e+00
3.70400e+01	2.61300e+00
3.87500e+01	2.70800e+00
4.05400e+01	2.79500e+00
4.24100e+01	2.87400e+00
4.43700e+01	2.94500e+00
4.64200e+01	3.00900e+00
4.85600e+01	3.06600e+00
5.08000e+01	3.11500e+00
5.31500e+01	3.15700e+00
5.56000e+01	3.19300e+00
5.81700e+01	3.22100e+00
6.08600e+01	3.24400e+00
6.36700e+01	3.26000e+00
6.66100e+01	3.27000e+00
6.96800e+01	3.27500e+00
7.29000e+01	3.27400e+00
7.62700e+01	3.26900e+00
7.97900e+01	3.25800e+00
8.34800e+01	3.24300e+00
8.73300e+01	3.22400e+00
9.13700e+01	3.20100e+00
9.55900e+01	3.17400e+00
1.00000e+02	3.14300e+00
1.04600e+02	3.10900e+00
1.09400e+02	3.07300e+00
1.14500e+02	3.03300e+00
1.19800e+02	2.99200e+00
1.25300e+02	2.94800e+00
1.31100e+02	2.90200e+00
1.37200e+02	2.85400e+00
1.43500e+02	2.80500e+00
1.50100e+02	2.75400e+00
1.57100e+02	2.70200e+00
1.64300e+02	2.64900e+00
1.71900e+02	2.59500e+00
1.79800e+02	2.54100e+00
1.88200e+02	2.48600e+00
1.96800e+02	2.43100e+00
2.05900e+02	2.37500e+00
2.15400e+02	2.31900e+00
2.25400e+02	2.26400e+00
2.35800e+02	2.20800e+00
2.46700e+02	2.15300e+00
2.58100e+02	2.09800e+00
2.70000e+02	2.04300e+00
2.82500e+02	1.98900e+00
2.95500e+02	1.93600e+00
3.09200e+02	1.88300e+00
3.23400e+02	1.83000e+00
3.38400e+02	1.77900e+00
3.54000e+02	1.72800e+00
3.70400e+02	1.67800e+00
3.87500e+02	1.62900e+00
4.05400e+02	1.58100e+00
4.24100e+02	1.53300e+00
4.43700e+02	1.48700e+00
4.64200e+02	1.44100e+00
4.85600e+02	1.39700e+00
5.08000e+02	1.35300e+00
5.31500e+02	1.31100e+00
5.56000e+02	1.26900e+00
5.81700e+02	1.22800e+00
6.08600e+02	1.18900e+00
6.36700e+02	1.15000e+00
6.66100e+02	1.11300e+00
6.96800e+02	1.07600e+00
7.29000e+02	1.04000e+00
7.62700e+02	1.00600e+00
7.97900e+02	9.71900e-01
8.34800e+02	9.39200e-01
8.73300e+02	9.07300e-01
9.13700e+02	8.76300e-01
9.55900e+02	8.46300e-01
1.00000e+03	8.17100e-01
1.04600e+03	7.88800e-01
1.09400e+03	7.61400e-01
1.14500e+03	7.34800e-01
1.19800e+03	7.09000e-01
1.25300e+03	6.84100e-01
1.31100e+03	6.59900e-01
1.37200e+03	6.36500e-01
1.43500e+03	6.13800e-01
1.50100e+03	5.91900e-01
1.57100e+03	5.70600e-01
1.64300e+03	5.50100e-01
1.71900e+03	5.30200e-01
1.79800e+03	5.11000e-01
1.88200e+03	4.92500e-01
1.96800e+03	4.74500e-01
2.05900e+03	4.57200e-01
2.15400e+03	4.40500e-01
2.25400e+03	4.24300e-01
2.35800e+03	4.08700e-01
2.46700e+03	3.93600e-01
2.58100e+03	3.79100e-01
2.70000e+03	3.65000e-01
2.82500e+03	3.51500e-01
2.95500e+03	3.38400e-01
3.09200e+03	3.25800e-01
3.23400e+03	3.13600e-01
3.38400e+03	3.01800e-01
3.54000e+03	2.90500e-01
3.70400e+03	2.79600e-01
3.87500e+03	2.69100e-01
4.05400e+03	2.58900e-01
4.24100e+03	2.49200e-01
4.43700e+03	2.39700e-01
4.64200e+03	2.30600e-01
4.85600e+03	2.21900e-01
5.08000e+03	2.13500e-01
5.31500e+03	2.05300e-01
5.56000e+03	1.97500e-01
5.81700e+03	1.90000e-01
6.08600e+03	1.82700e-01
6.36700e+03	1.75700e-01
6.66100e+03	1.69000e-01
6.96800e+03	1.62500e-01
7.29000e+03	1.56200e-01
7.62700e+03	1.50200e-01
7.97900e+03	1.44500e-01
8.34800e+03	1.38900e-01
8.73300e+03	1.33500e-01
9.13700e+03	1.28400e-01
9.55900e+03	1.23400e-01
1.00000e+04	1.18600e-01
1.04600e+04	1.14000e-01
1.09400e+04	1.09600e-01
1.14500e+04	1.05300e-01
1.19800e+04	1.01200e-01
1.25300e+04	9.73100e-02
1.31100e+04	9.35200e-02
1.37200e+04	8.98700e-02
1.43500e+04	8.63700e-02
1.50100e+04	8.29900e-02
1.57100e+04	7.97500e-02
1.64300e+04	7.66300e-02
1.71900e+04	7.36300e-02
1.79800e+04	7.07500e-02
1.88200e+04	6.79700e-02
1.96800e+04	6.53100e-02
2.05900e+04	6.27400e-02
2.15400e+04	6.02800e-02
2.25400e+04	5.79100e-02
2.35800e+04	5.56300e-02
2.46700e+04	5.34400e-02
2.58100e+04	5.13300e-02
2.70000e+04	4.93100e-02
2.82500e+04	4.73600e-02
2.95500e+04	4.54900e-02
3.09200e+04	4.36900e-02
3.23400e+04	4.19700e-02
3.38400e+04	4.03100e-02
3.54000e+04	3.87100e-02
3.70400e+04	3.71800e-02
3.87500e+04	3.57000e-02
4.05400e+04	3.42900e-02
4.24100e+04	3.29300e-02
4.43700e+04	3.16200e-02
4.64200e+04	3.03600e-02
4.85600e+04	2.91600e-02
5.08000e+04	2.80000e-02
5.31500e+04	2.68800e-02
5.56000e+04	2.58100e-02
5.81700e+04	2.47800e-02
6.08600e+04	2.38000e-02
6.36700e+04	2.28500e-02
6.66100e+04	2.19400e-02
6.96800e+04	2.10600e-02
7.29000e+04	2.02200e-02
7.62700e+04	1.94100e-02
7.97900e+04	1.86300e-02
8.34800e+04	1.78900e-02
8.73300e+04	1.71700e-02
9.13700e+04	1.64900e-02
9.55900e+04	1.58300e-02
1.00000e+05	1.51900e-02
1.04600e+05	1.45800e-02
1.09400e+05	1.40000e-02
1.14500e+05	1.34400e-02
1.19800e+05	1.29000e-02
1.25300e+05	1.23800e-02
1.31100e+05	1.18800e-02
1.37200e+05	1.14000e-02
1.43500e+05	1.09400e-02
1.50100e+05	1.05000e-02
1.57100e+05	1.00800e-02
1.64300e+05	9.67600e-03
1.71900e+05	9.28600e-03
1.79800e+05	8.91200e-03
1.88200e+05	8.55300e-03
1.96800e+05	8.20800e-03
2.05900e+05	7.87700e-03
2.15400e+05	7.55900e-03
2.25400e+05	7.25300e-03
2.35800e+05	6.96100e-03
2.46700e+05	6.67900e-03
2.58100e+05	6.40900e-03
2.70000e+05	6.15000e-03
2.82500e+05	5.90100e-03
2.95500e+05	5.66300e-03
3.09200e+05	5.43300e-03
3.23400e+05	5.21300e-03
3.38400e+05	5.00200e-03
3.54000e+05	4.79900e-03
3.70400e+05	4.60500e-03
3.87500e+05	4.41800e-03
4.05400e+05	4.23900e-03
4.24100e+05	4.06700e-03
4.43700e+05	3.90200e-03
4.64200e+05	3.74300e-03
4.85600e+05	3.59100e-03
5.08000e+05	3.44600e-03
5.31500e+05	3.30500e-03
5.56000e+05	3.17100e-03
5.81700e+05	3.04200e-03
6.08600e+05	2.91800e-03
6.36700e+05	2.80000e-03
6.66100e+05	2.68600e-03
6.96800e+05	2.57600e-03
7.29000e+05	2.47100e-03
7.62700e+05	2.37100e-03
7.97900e+05	2.27400e-03
8.34800e+05	2.18100e-03
8.73300e+05	2.09200e-03
9.13700e+05	2.00700e-03
9.55900e+05	1.92500e-03
1.00000e+06	1.84700e-03
