# H2S cross section
256
1.00000e+01	0.00000e+00
1.04618e+01	7.67448e-02
1.09450e+01	2.49234e-01
1.14505e+01	4.35658e-01
1.19793e+01	6.33120e-01
1.25325e+01	8.39077e-01
1.31113e+01	1.05129e+00
1.37169e+01	1.35506e+00
1.43504e+01	1.69827e+00
1.50131e+01	2.05139e+00
1.57065e+01	2.43384e+00
1.64318e+01	2.90554e+00
1.71907e+01	3.38696e+00
1.79846e+01	3.87381e+00
1.88152e+01	4.36233e+00
1.96842e+01	4.84920e+00
2.05933e+01	5.33156e+00
2.15444e+01	5.80689e+00
2.25393e+01	6.27299e+00
2.35803e+01	6.72796e+00
2.46693e+01	7.17015e+00
2.58086e+01	7.59812e+00
2.70006e+01	8.01751e+00
2.82475e+01	8.45214e+00
2.95521e+01	8.87245e+00
3.09169e+01	9.27697e+00
3.23448e+01	9.66441e+00
3.38385e+01	1.00337e+01
3.54013e+01	1.03840e+01
3.70363e+01	1.07146e+01
3.87467e+01	1.10248e+01
4.05362e+01	1.13143e+01
4.24083e+01	1.15827e+01
4.43669e+01	1.18298e+01
4.64159e+01	1.20555e+01
4.85595e+01	1.22597e+01
5.08022e+01	1.24427e+01
5.31484e+01	1.26044e+01
5.56030e+01	1.27451e+01
5.81709e+01	1.28652e+01
6.08575e+01	1.29649e+01
6.36681e+01	1.30447e+01
6.66085e+01	1.31050e+01
6.96847e+01	1.31463e+01
7.29030e+01	1.31693e+01
7.62699e+01	1.31744e+01
7.97923e+01	1.31622e+01
8.34773e+01	1.31335e+01
8.73326e+01	1.30889e+01
9.13659e+01	1.30291e+01
9.55855e+01	1.29548e+01
1.00000e+02	1.28667e+01
1.04618e+02	1.27656e+01
1.09450e+02	1.26523e+01
1.14505e+02	1.25273e+01
1.19793e+02	1.23916e+01
1.25325e+02	1.22458e+01
1.31113e+02	1.20907e+01
1.37169e+02	1.19270e+01
1.43504e+02	1.17555e+01
1.50131e+02	1.15768e+01
1.57065e+02	1.13916e+01
1.64318e+02	1.12006e+01
1.71907e+02	1.10044e+01
1.79846e+02	1.08037e+01
1.88152e+02	1.06010e+01
1.96842e+02	1.03955e+01
2.05933e+02	1.01873e+01
2.15444e+02	9.97708e+00
2.25393e+02	9.76521e+00
2.35803e+02	9.55219e+00
2.46693e+02	9.33854e+00
2.58086e+02	9.12496e+00
2.70005e+02	8.91149e+00
2.82475e+02	8.69852e+00
2.95521e+02	8.48636e+00
3.09169e+02	8.27535e+00
3.23448e+02	8.06578e+00
3.38385e+02	7.85792e+00
3.54013e+02	7.65203e+00
3.70363e+02	7.44834e+00
3.87467e+02	7.24705e+00
4.05362e+02	7.04837e+00
4.24083e+02	6.85247e+00
4.43669e+02	6.65950e+00
4.64159e+02	6.46961e+00
4.85595e+02	6.28292e+00
5.08022e+02	6.09952e+00
5.31484e+02	5.91953e+00
5.56030e+02	5.74301e+00
5.81709e+02	5.57003e+00
6.08574e+02	5.40064e+00
6.36681e+02	5.23489e+00
6.66085e+02	5.07280e+00
6.96847e+02	4.91439e+00
7.29029e+02	4.75968e+00
7.62699e+02	4.60867e+00
7.97923e+02	4.46134e+00
8.34773e+02	4.31770e+00
8.73326e+02	4.17771e+00
9.13659e+02	4.04136e+00
9.55855e+02	3.90860e+00
1.00000e+03	3.77941e+00
1.04618e+03	3.65375e+00
1.09450e+03	3.53156e+00
1.14505e+03	3.41280e+00
1.19793e+03	3.29742e+00
1.25325e+03	3.18537e+00
1.31113e+03	3.07658e+00
1.37169e+03	2.97100e+00
1.43504e+03	2.86857e+00
1.50131e+03	2.76923e+00
1.57065e+03	2.67291e+00
1.64318e+03	2.57955e+00
1.71907e+03	2.48908e+00
1.79846e+03	2.40144e+00
1.88152e+03	2.31656e+00
1.96842e+03	2.23439e+00
2.05933e+03	2.15484e+00
2.15443e+03	2.07786e+00
2.25393e+03	2.00338e+00
2.35803e+03	1.93133e+00
2.46693e+03	1.86166e+00
2.58086e+03	1.79429e+00
2.70005e+03	1.72918e+00
2.82475e+03	1.66624e+00
2.95521e+03	1.60543e+00
3.09169e+03	1.54668e+00
3.23448e+03	1.48993e+00
3.38386e+03	1.43513e+00
3.54013e+03	1.38221e+00
3.70363e+03	1.33111e+00
3.87468e+03	1.28180e+00
4.05362e+03	1.23420e+00
4.24083e+03	1.18826e+00
4.43669e+03	1.14394e+00
4.64159e+03	1.10119e+00
4.85595e+03	1.05995e+00
5.08022e+03	1.02018e+00
5.31484e+03	9.81823e-01
5.56030e+03	9.44841e-01
5.81709e+03	9.09188e-01
6.08574e+03	8.74820e-01
6.36681e+03	8.41694e-01
6.66085e+03	8.09769e-01
6.96847e+03	7.79004e-01
7.29030e+03	7.49362e-01
7.62699e+03	7.20804e-01
7.97923e+03	6.93292e-01
8.34773e+03	6.66792e-01
8.73326e+03	6.41268e-01
9.13659e+03	6.16687e-01
9.55855e+03	5.93016e-01
1.00000e+04	5.70224e-01
1.04618e+04	5.48279e-01
1.09450e+04	5.27152e-01
1.14505e+04	5.06814e-01
1.19793e+04	4.87238e-01
1.25325e+04	4.68395e-01
1.31113e+04	4.50260e-01
1.37169e+04	4.32808e-01
1.43504e+04	4.16015e-01
1.50131e+04	3.99855e-01
1.57065e+04	3.84307e-01
1.64318e+04	3.69348e-01
1.71907e+04	3.54957e-01
1.79847e+04	3.41114e-01
1.88152e+04	3.27797e-01
1.96842e+04	3.14989e-01
2.05933e+04	3.02670e-01
2.15443e+04	2.90822e-01
2.25393e+04	2.79427e-01
2.35803e+04	2.68470e-01
2.46693e+04	2.57933e-01
2.58086e+04	2.47802e-01
2.70005e+04	2.38061e-01
2.82475e+04	2.28695e-01
2.95521e+04	2.19691e-01
3.09169e+04	2.11035e-01
3.23448e+04	2.02713e-01
3.38386e+04	1.94714e-01
3.54013e+04	1.87025e-01
3.70363e+04	1.79634e-01
3.87468e+04	1.72530e-01
4.05362e+04	1.65703e-01
4.24083e+04	1.59141e-01
4.43669e+04	1.52836e-01
4.64159e+04	1.46776e-01
4.85595e+04	1.40952e-01
5.08022e+04	1.35356e-01
5.31484e+04	1.29979e-01
5.56030e+04	1.24813e-01
5.81709e+04	1.19849e-01
6.08574e+04	1.15079e-01
6.36681e+04	1.10497e-01
6.66085e+04	1.06095e-01
6.96847e+04	1.01865e-01
7.29029e+04	9.78022e-02
7.62699e+04	9.38992e-02
7.97923e+04	9.01499e-02
8.34773e+04	8.65483e-02
8.73326e+04	8.30889e-02
9.13659e+04	7.97661e-02
9.55855e+04	7.65745e-02
1.00000e+05	7.35091e-02
1.04618e+05	7.05649e-02
1.09450e+05	6.77373e-02
1.14505e+05	6.50217e-02
1.19793e+05	6.24138e-02
1.25325e+05	5.99092e-02
1.31113e+05	5.75041e-02
1.37169e+05	5.51944e-02
1.43504e+05	5.29766e-02
1.50131e+05	5.08469e-02
1.57065e+05	4.88019e-02
1.64318e+05	4.68383e-02
1.71907e+05	4.49530e-02
1.79846e+05	4.31427e-02
1.88152e+05	4.14046e-02
1.96842e+05	3.97359e-02
2.05933e+05	3.81337e-02
2.15444e+05	3.65955e-02
2.25393e+05	3.51188e-02
2.35803e+05	3.37011e-02
2.46693e+05	3.23401e-02
2.58086e+05	3.10336e-02
2.70006e+05	2.97794e-02
2.82475e+05	2.85754e-02
2.95521e+05	2.74196e-02
3.09169e+05	2.63102e-02
3.23448e+05	2.52453e-02
3.38386e+05	2.42231e-02
3.54013e+05	2.32419e-02
3.70363e+05	2.23002e-02
3.87468e+05	2.13963e-02
4.05362e+05	2.05287e-02
4.24083e+05	1.96960e-02
4.43669e+05	1.88968e-02
4.64159e+05	1.81298e-02
4.85595e+05	1.73937e-02
5.08022e+05	1.66872e-02
5.31484e+05	1.60092e-02
5.56030e+05	1.53585e-02
5.81709e+05	1.47341e-02
6.08574e+05	1.41348e-02
6.36680e+05	1.35598e-02
6.66085e+05	1.30080e-02
6.96847e+05	1.24785e-02
7.29030e+05	1.19703e-02
7.62699e+05	1.14827e-02
7.97923e+05	1.10148e-02
8.34773e+05	1.05659e-02
8.73326e+05	1.01351e-02
9.13659e+05	9.72178e-03
9.55855e+05	9.32518e-03
1.00000e+06	8.94465e-03
