# HC11N cross section
256
1.00000e+01	7.71300e-02
1.04600e+01	4.96400e-01
1.09400e+01	9.51600e-01
1.14500e+01	1.54100e+00
1.19800e+01	2.41200e+00
1.25300e+01	3.33400e+00
1.31100e+01	4.60100e+00
1.37200e+01	6.02500e+00
1.43500e+01	7.84600e+00
1.50100e+01	1.00800e+01
1.57100e+01	1.25100e+01
1.64300e+01	1.50000e+01
1.71900e+01	1.75200e+01
1.79800e+01	2.00400e+01
1.88200e+01	2.25500e+01
1.96800e+01	2.50800e+01
2.05900e+01	2.76400e+01
2.15400e+01	3.02300e+01
2.25400e+01	3.28300e+01
2.35800e+01	3.54900e+01
2.46700e+01	3.81000e+01
2.58100e+01	4.06400e+01
2.70000e+01	4.31000e+01
2.82500e+01	4.54700e+01
2.95500e+01	4.77800e+01
3.09200e+01	5.00300e+01
3.23400e+01	5.22400e+01
3.38400e+01	5.43700e+01
3.54000e+01	5.64000e+01
3.70400e+01	5.83200e+01
3.87500e+01	6.01300e+01
4.05400e+01	6.18200e+01
4.24100e+01	6.33800e+01
4.43700e+01	6.48300e+01
4.64200e+01	6.61400e+01
4.85600e+01	6.73300e+01
5.08000e+01	6.83900e+01
5.31500e+01	6.93300e+01
5.56000e+01	7.01400e+01
5.81700e+01	7.08400e+01
6.08600e+01	7.14100e+01
6.36700e+01	7.18700e+01
6.66100e+01	7.22100e+01
6.96800e+01	7.24500e+01
7.29000e+01	7.25800e+01
7.62700e+01	7.26000e+01
7.97900e+01	7.25300e+01
8.34800e+01	7.23600e+01
8.73300e+01	7.21000e+01
9.13700e+01	7.17500e+01
9.55900e+01	7.13200e+01
1.00000e+02	7.08200e+01
1.04600e+02	7.02400e+01
1.09400e+02	6.95900e+01
1.14500e+02	6.88800e+01
1.19800e+02	6.81100e+01
1.25300e+02	6.72900e+01
1.31100e+02	6.64100e+01
1.37200e+02	6.54900e+01
1.43500e+02	6.45200e+01
1.50100e+02	6.35100e+01
1.57100e+02	6.24700e+01
1.64300e+02	6.14000e+01
1.71900e+02	6.03100e+01
1.79800e+02	5.91800e+01
1.88200e+02	5.80400e+01
1.96800e+02	5.68800e+01
2.05900e+02	5.57100e+01
2.15400e+02	5.45300e+01
2.25400e+02	5.33400e+01
2.35800e+02	5.21400e+01
2.46700e+02	5.09400e+01
2.58100e+02	4.97400e+01
2.70000e+02	4.85400e+01
2.82500e+02	4.73500e+01
2.95500e+02	4.61600e+01
3.09200e+02	4.49800e+01
3.23400e+02	4.38100e+01
3.38400e+02	4.26500e+01
3.54000e+02	4.15100e+01
3.70400e+02	4.03800e+01
3.87500e+02	3.92600e+01
4.05400e+02	3.81600e+01
4.24100e+02	3.70800e+01
4.43700e+02	3.60100e+01
4.64200e+02	3.49600e+01
4.85600e+02	3.39400e+01
5.08000e+02	3.29300e+01
5.31500e+02	3.19400e+01
5.56000e+02	3.09600e+01
5.81700e+02	3.00200e+01
6.08600e+02	2.90900e+01
6.36700e+02	2.81800e+01
6.66100e+02	2.72900e+01
6.96800e+02	2.64200e+01
7.29000e+02	2.55800e+01
7.62700e+02	2.47500e+01
7.97900e+02	2.39500e+01
8.34800e+02	2.31600e+01
8.73300e+02	2.24000e+01
9.13700e+02	2.16600e+01
9.55900e+02	2.09400e+01
1.00000e+03	2.02400e+01
1.04600e+03	1.95500e+01
1.09400e+03	1.88900e+01
1.14500e+03	1.82500e+01
1.19800e+03	1.76200e+01
1.25300e+03	1.70100e+01
1.31100e+03	1.64300e+01
1.37200e+03	1.58500e+01
1.43500e+03	1.53000e+01
1.50100e+03	1.47700e+01
1.57100e+03	1.42500e+01
1.64300e+03	1.37400e+01
1.71900e+03	1.32500e+01
1.79800e+03	1.27800e+01
1.88200e+03	1.23300e+01
1.96800e+03	1.18800e+01
2.05900e+03	1.14600e+01
2.15400e+03	1.10400e+01
2.25400e+03	1.06400e+01
2.35800e+03	1.02600e+01
2.46700e+03	9.88500e+00
2.58100e+03	9.52400e+00
2.70000e+03	9.17500e+00
2.82500e+03	8.83900e+00
2.95500e+03	8.51400e+00
3.09200e+03	8.20000e+00
3.23400e+03	7.89600e+00
3.38400e+03	7.60400e+00
3.54000e+03	7.32200e+00
3.70400e+03	7.04900e+00
3.87500e+03	6.78600e+00
4.05400e+03	6.53200e+00
4.24100e+03	6.28800e+00
4.43700e+03	6.05200e+00
4.64200e+03	5.82400e+00
4.85600e+03	5.60500e+00
5.08000e+03	5.39400e+00
5.31500e+03	5.19000e+00
5.56000e+03	4.99300e+00
5.81700e+03	4.80400e+00
6.08600e+03	4.62100e+00
6.36700e+03	4.44600e+00
6.66100e+03	4.27600e+00
6.96800e+03	4.11300e+00
7.29000e+03	3.95600e+00
7.62700e+03	3.80500e+00
7.97900e+03	3.65900e+00
8.34800e+03	3.51800e+00
8.73300e+03	3.38300e+00
9.13700e+03	3.25300e+00
9.55900e+03	3.12800e+00
1.00000e+04	3.00700e+00
1.04600e+04	2.89100e+00
1.09400e+04	2.77900e+00
1.14500e+04	2.67200e+00
1.19800e+04	2.56800e+00
1.25300e+04	2.46900e+00
1.31100e+04	2.37300e+00
1.37200e+04	2.28100e+00
1.43500e+04	2.19200e+00
1.50100e+04	2.10700e+00
1.57100e+04	2.02500e+00
1.64300e+04	1.94600e+00
1.71900e+04	1.87000e+00
1.79800e+04	1.79700e+00
1.88200e+04	1.72600e+00
1.96800e+04	1.65900e+00
2.05900e+04	1.59400e+00
2.15400e+04	1.53100e+00
2.25400e+04	1.47100e+00
2.35800e+04	1.41300e+00
2.46700e+04	1.35800e+00
2.58100e+04	1.30400e+00
2.70000e+04	1.25300e+00
2.82500e+04	1.20400e+00
2.95500e+04	1.15600e+00
3.09200e+04	1.11100e+00
3.23400e+04	1.06700e+00
3.38400e+04	1.02500e+00
3.54000e+04	9.84100e-01
3.70400e+04	9.45200e-01
3.87500e+04	9.07800e-01
4.05400e+04	8.71800e-01
4.24100e+04	8.37200e-01
4.43700e+04	8.04000e-01
4.64200e+04	7.72100e-01
4.85600e+04	7.41500e-01
5.08000e+04	7.12000e-01
5.31500e+04	6.83700e-01
5.56000e+04	6.56500e-01
5.81700e+04	6.30400e-01
6.08600e+04	6.05300e-01
6.36700e+04	5.81200e-01
6.66100e+04	5.58000e-01
6.96800e+04	5.35700e-01
7.29000e+04	5.14300e-01
7.62700e+04	4.93800e-01
7.97900e+04	4.74100e-01
8.34800e+04	4.55100e-01
8.73300e+04	4.36900e-01
9.13700e+04	4.19400e-01
9.55900e+04	4.02700e-01
1.00000e+05	3.86500e-01
1.04600e+05	3.71000e-01
1.09400e+05	3.56200e-01
1.14500e+05	3.41900e-01
1.19800e+05	3.28200e-01
1.25300e+05	3.15000e-01
1.31100e+05	3.02300e-01
1.37200e+05	2.90200e-01
1.43500e+05	2.78500e-01
1.50100e+05	2.67300e-01
1.57100e+05	2.56600e-01
1.64300e+05	2.46200e-01
1.71900e+05	2.36300e-01
1.79800e+05	2.26800e-01
1.88200e+05	2.17700e-01
1.96800e+05	2.08900e-01
2.05900e+05	2.00500e-01
2.15400e+05	1.92400e-01
2.25400e+05	1.84600e-01
2.35800e+05	1.77200e-01
2.46700e+05	1.70000e-01
2.58100e+05	1.63100e-01
2.70000e+05	1.56500e-01
2.82500e+05	1.50200e-01
2.95500e+05	1.44100e-01
3.09200e+05	1.38300e-01
3.23400e+05	1.32700e-01
3.38400e+05	1.27300e-01
3.54000e+05	1.22200e-01
3.70400e+05	1.17200e-01
3.87500e+05	1.12500e-01
4.05400e+05	1.07900e-01
4.24100e+05	1.03500e-01
4.43700e+05	9.93300e-02
4.64200e+05	9.52900e-02
4.85600e+05	9.14200e-02
5.08000e+05	8.77100e-02
5.31500e+05	8.41500e-02
5.56000e+05	8.07300e-02
5.81700e+05	7.74400e-02
6.08600e+05	7.42900e-02
6.36700e+05	7.12700e-02
6.66100e+05	6.83700e-02
6.96800e+05	6.55900e-02
7.29000e+05	6.29200e-02
7.62700e+05	6.03500e-02
7.97900e+05	5.78900e-02
8.34800e+05	5.55300e-02
8.73300e+05	5.32700e-02
9.13700e+05	5.11000e-02
9.55900e+05	4.90100e-02
1.00000e+06	4.70100e-02
