# HC2NC cross section
256
1.00000e+01	0.00000e+00
1.04618e+01	0.00000e+00
1.09450e+01	0.00000e+00
1.14505e+01	2.13979e-02
1.19793e+01	3.70266e-01
1.25325e+01	7.97234e-01
1.31113e+01	1.34163e+00
1.37169e+01	1.91532e+00
1.43504e+01	2.51064e+00
1.50131e+01	3.12092e+00
1.57065e+01	3.80219e+00
1.64318e+01	4.64207e+00
1.71907e+01	5.49837e+00
1.79846e+01	6.36318e+00
1.88152e+01	7.27231e+00
1.96842e+01	8.22231e+00
2.05933e+01	9.16880e+00
2.15444e+01	1.01056e+01
2.25393e+01	1.10275e+01
2.35803e+01	1.19298e+01
2.46693e+01	1.28085e+01
2.58086e+01	1.36605e+01
2.70006e+01	1.45236e+01
2.82475e+01	1.53579e+01
2.95521e+01	1.61641e+01
3.09169e+01	1.69666e+01
3.23448e+01	1.77355e+01
3.38385e+01	1.84686e+01
3.54013e+01	1.91637e+01
3.70363e+01	1.98335e+01
3.87467e+01	2.04732e+01
4.05362e+01	2.10729e+01
4.24083e+01	2.16316e+01
4.43669e+01	2.21484e+01
4.64159e+01	2.26229e+01
4.85595e+01	2.30547e+01
5.08022e+01	2.34440e+01
5.31484e+01	2.37907e+01
5.56030e+01	2.40953e+01
5.81709e+01	2.43583e+01
6.08575e+01	2.45803e+01
6.36681e+01	2.47621e+01
6.66085e+01	2.49047e+01
6.96847e+01	2.50089e+01
7.29030e+01	2.50761e+01
7.62699e+01	2.51073e+01
7.97923e+01	2.51038e+01
8.34773e+01	2.50669e+01
8.73326e+01	2.49981e+01
9.13659e+01	2.48987e+01
9.55855e+01	2.47702e+01
1.00000e+02	2.46140e+01
1.04618e+02	2.44318e+01
1.09450e+02	2.42249e+01
1.14505e+02	2.39950e+01
1.19793e+02	2.37434e+01
1.25325e+02	2.34717e+01
1.31113e+02	2.31815e+01
1.37169e+02	2.28740e+01
1.43504e+02	2.25509e+01
1.50131e+02	2.22134e+01
1.57065e+02	2.18630e+01
1.64318e+02	2.15010e+01
1.71907e+02	2.11287e+01
1.79846e+02	2.07473e+01
1.88152e+02	2.03581e+01
1.96842e+02	1.99622e+01
2.05933e+02	1.95607e+01
2.15444e+02	1.91547e+01
2.25393e+02	1.87452e+01
2.35803e+02	1.83331e+01
2.46693e+02	1.79194e+01
2.58086e+02	1.75050e+01
2.70005e+02	1.70906e+01
2.82475e+02	1.66769e+01
2.95521e+02	1.62647e+01
3.09169e+02	1.58548e+01
3.23448e+02	1.54486e+01
3.38385e+02	1.50457e+01
3.54013e+02	1.46468e+01
3.70363e+02	1.42522e+01
3.87467e+02	1.38624e+01
4.05362e+02	1.34777e+01
4.24083e+02	1.30985e+01
4.43669e+02	1.27252e+01
4.64159e+02	1.23581e+01
4.85595e+02	1.19972e+01
5.08022e+02	1.16428e+01
5.31484e+02	1.12952e+01
5.56030e+02	1.09544e+01
5.81709e+02	1.06205e+01
6.08574e+02	1.02937e+01
6.36681e+02	9.97406e+00
6.66085e+02	9.66160e+00
6.96847e+02	9.35636e+00
7.29029e+02	9.05837e+00
7.62699e+02	8.76762e+00
7.97923e+02	8.48411e+00
8.34773e+02	8.20780e+00
8.73326e+02	7.93865e+00
9.13659e+02	7.67661e+00
9.55855e+02	7.42161e+00
1.00000e+03	7.17358e+00
1.04618e+03	6.93243e+00
1.09450e+03	6.69808e+00
1.14505e+03	6.47041e+00
1.19793e+03	6.24934e+00
1.25325e+03	6.03475e+00
1.31113e+03	5.82653e+00
1.37169e+03	5.62455e+00
1.43504e+03	5.42869e+00
1.50131e+03	5.23884e+00
1.57065e+03	5.05486e+00
1.64318e+03	4.87663e+00
1.71907e+03	4.70401e+00
1.79846e+03	4.53688e+00
1.88152e+03	4.37510e+00
1.96842e+03	4.21854e+00
2.05933e+03	4.06708e+00
2.15443e+03	3.92057e+00
2.25393e+03	3.77890e+00
2.35803e+03	3.64192e+00
2.46693e+03	3.50953e+00
2.58086e+03	3.38157e+00
2.70005e+03	3.25795e+00
2.82475e+03	3.13852e+00
2.95521e+03	3.02317e+00
3.09169e+03	2.91178e+00
3.23448e+03	2.80423e+00
3.38386e+03	2.70041e+00
3.54013e+03	2.60020e+00
3.70363e+03	2.50350e+00
3.87468e+03	2.41019e+00
4.05362e+03	2.32017e+00
4.24083e+03	2.23334e+00
4.43669e+03	2.14960e+00
4.64159e+03	2.06883e+00
4.85595e+03	1.99096e+00
5.08022e+03	1.91588e+00
5.31484e+03	1.84351e+00
5.56030e+03	1.77375e+00
5.81709e+03	1.70652e+00
6.08574e+03	1.64173e+00
6.36681e+03	1.57930e+00
6.66085e+03	1.51916e+00
6.96847e+03	1.46122e+00
7.29030e+03	1.40541e+00
7.62699e+03	1.35165e+00
7.97923e+03	1.29988e+00
8.34773e+03	1.25002e+00
8.73326e+03	1.20201e+00
9.13659e+03	1.15579e+00
9.55855e+03	1.11129e+00
1.00000e+04	1.06845e+00
1.04618e+04	1.02722e+00
1.09450e+04	9.87525e-01
1.14505e+04	9.49325e-01
1.19793e+04	9.12561e-01
1.25325e+04	8.77183e-01
1.31113e+04	8.43140e-01
1.37169e+04	8.10385e-01
1.43504e+04	7.78871e-01
1.50131e+04	7.48552e-01
1.57065e+04	7.19385e-01
1.64318e+04	6.91328e-01
1.71907e+04	6.64340e-01
1.79847e+04	6.38383e-01
1.88152e+04	6.13417e-01
1.96842e+04	5.89407e-01
2.05933e+04	5.66317e-01
2.15443e+04	5.44113e-01
2.25393e+04	5.22763e-01
2.35803e+04	5.02233e-01
2.46693e+04	4.82494e-01
2.58086e+04	4.63517e-01
2.70005e+04	4.45272e-01
2.82475e+04	4.27732e-01
2.95521e+04	4.10871e-01
3.09169e+04	3.94662e-01
3.23448e+04	3.79082e-01
3.38386e+04	3.64107e-01
3.54013e+04	3.49714e-01
3.70363e+04	3.35880e-01
3.87468e+04	3.22585e-01
4.05362e+04	3.09808e-01
4.24083e+04	2.97529e-01
4.43669e+04	2.85730e-01
4.64159e+04	2.74391e-01
4.85595e+04	2.63496e-01
5.08022e+04	2.53027e-01
5.31484e+04	2.42968e-01
5.56030e+04	2.33303e-01
5.81709e+04	2.24018e-01
6.08574e+04	2.15097e-01
6.36681e+04	2.06527e-01
6.66085e+04	1.98294e-01
6.96847e+04	1.90384e-01
7.29029e+04	1.82786e-01
7.62699e+04	1.75488e-01
7.97923e+04	1.68477e-01
8.34773e+04	1.61743e-01
8.73326e+04	1.55275e-01
9.13659e+04	1.49062e-01
9.55855e+04	1.43095e-01
1.00000e+05	1.37365e-01
1.04618e+05	1.31861e-01
1.09450e+05	1.26575e-01
1.14505e+05	1.21498e-01
1.19793e+05	1.16623e-01
1.25325e+05	1.11942e-01
1.31113e+05	1.07446e-01
1.37169e+05	1.03129e-01
1.43504e+05	9.89840e-02
1.50131e+05	9.50036e-02
1.57065e+05	9.11816e-02
1.64318e+05	8.75118e-02
1.71907e+05	8.39883e-02
1.79846e+05	8.06052e-02
1.88152e+05	7.73570e-02
1.96842e+05	7.42385e-02
2.05933e+05	7.12445e-02
2.15444e+05	6.83701e-02
2.25393e+05	6.56106e-02
2.35803e+05	6.29615e-02
2.46693e+05	6.04183e-02
2.58086e+05	5.79769e-02
2.70006e+05	5.56333e-02
2.82475e+05	5.33836e-02
2.95521e+05	5.12241e-02
3.09169e+05	4.91512e-02
3.23448e+05	4.71614e-02
3.38386e+05	4.52515e-02
3.54013e+05	4.34184e-02
3.70363e+05	4.16588e-02
3.87468e+05	3.99700e-02
4.05362e+05	3.83491e-02
4.24083e+05	3.67933e-02
4.43669e+05	3.53002e-02
4.64159e+05	3.38672e-02
4.85595e+05	3.24919e-02
5.08022e+05	3.11720e-02
5.31484e+05	2.99054e-02
5.56030e+05	2.86898e-02
5.81709e+05	2.75232e-02
6.08574e+05	2.64037e-02
6.36680e+05	2.53294e-02
6.66085e+05	2.42985e-02
6.96847e+05	2.33093e-02
7.29030e+05	2.23600e-02
7.62699e+05	2.14492e-02
7.97923e+05	2.05751e-02
8.34773e+05	1.97364e-02
8.73326e+05	1.89317e-02
9.13659e+05	1.81595e-02
9.55855e+05	1.74187e-02
1.00000e+06	1.67078e-02
