# HC3N cross section
256
1.00000e+01	0.00000e+00
1.04618e+01	0.00000e+00
1.09450e+01	0.00000e+00
1.14505e+01	0.00000e+00
1.19793e+01	2.94811e-02
1.25325e+01	3.51516e-01
1.31113e+01	7.01303e-01
1.37169e+01	1.07272e+00
1.43504e+01	1.55399e+00
1.50131e+01	2.26784e+00
1.57065e+01	3.05757e+00
1.64318e+01	3.87411e+00
1.71907e+01	4.70840e+00
1.79846e+01	5.55254e+00
1.88152e+01	6.39961e+00
1.96842e+01	7.31776e+00
2.05933e+01	8.23941e+00
2.15444e+01	9.15338e+00
2.25393e+01	1.00543e+01
2.35803e+01	1.09375e+01
2.46693e+01	1.17990e+01
2.58086e+01	1.26738e+01
2.70006e+01	1.35317e+01
2.82475e+01	1.43621e+01
2.95521e+01	1.51620e+01
3.09169e+01	1.59556e+01
3.23448e+01	1.67237e+01
3.38385e+01	1.74580e+01
3.54013e+01	1.81810e+01
3.70363e+01	1.88679e+01
3.87467e+01	1.95171e+01
4.05362e+01	2.01270e+01
4.24083e+01	2.06965e+01
4.43669e+01	2.12249e+01
4.64159e+01	2.17116e+01
4.85595e+01	2.21563e+01
5.08022e+01	2.25590e+01
5.31484e+01	2.29197e+01
5.56030e+01	2.32388e+01
5.81709e+01	2.35168e+01
6.08575e+01	2.37542e+01
6.36681e+01	2.39519e+01
6.66085e+01	2.41106e+01
6.96847e+01	2.42315e+01
7.29030e+01	2.43154e+01
7.62699e+01	2.43636e+01
7.97923e+01	2.43773e+01
8.34773e+01	2.43578e+01
8.73326e+01	2.43065e+01
9.13659e+01	2.42246e+01
9.55855e+01	2.41136e+01
1.00000e+02	2.39750e+01
1.04618e+02	2.38103e+01
1.09450e+02	2.36208e+01
1.14505e+02	2.34081e+01
1.19793e+02	2.31737e+01
1.25325e+02	2.29189e+01
1.31113e+02	2.26454e+01
1.37169e+02	2.23545e+01
1.43504e+02	2.20476e+01
1.50131e+02	2.17262e+01
1.57065e+02	2.13915e+01
1.64318e+02	2.10449e+01
1.71907e+02	2.06877e+01
1.79846e+02	2.03211e+01
1.88152e+02	1.99463e+01
1.96842e+02	1.95645e+01
2.05933e+02	1.91768e+01
2.15444e+02	1.87842e+01
2.25393e+02	1.83878e+01
2.35803e+02	1.79884e+01
2.46693e+02	1.75871e+01
2.58086e+02	1.71846e+01
2.70005e+02	1.67818e+01
2.82475e+02	1.63794e+01
2.95521e+02	1.59782e+01
3.09169e+02	1.55788e+01
3.23448e+02	1.51829e+01
3.38385e+02	1.47899e+01
3.54013e+02	1.44006e+01
3.70363e+02	1.40152e+01
3.87467e+02	1.36344e+01
4.05362e+02	1.32583e+01
4.24083e+02	1.28874e+01
4.43669e+02	1.25222e+01
4.64159e+02	1.21629e+01
4.85595e+02	1.18095e+01
5.08022e+02	1.14623e+01
5.31484e+02	1.11216e+01
5.56030e+02	1.07875e+01
5.81709e+02	1.04601e+01
6.08574e+02	1.01395e+01
6.36681e+02	9.82587e+00
6.66085e+02	9.51916e+00
6.96847e+02	9.21947e+00
7.29029e+02	8.92682e+00
7.62699e+02	8.64121e+00
7.97923e+02	8.36263e+00
8.34773e+02	8.09108e+00
8.73326e+02	7.82650e+00
9.13659e+02	7.56885e+00
9.55855e+02	7.31808e+00
1.00000e+03	7.07411e+00
1.04618e+03	6.83687e+00
1.09450e+03	6.60627e+00
1.14505e+03	6.38222e+00
1.19793e+03	6.16462e+00
1.25325e+03	5.95337e+00
1.31113e+03	5.74835e+00
1.37169e+03	5.54945e+00
1.43504e+03	5.35656e+00
1.50131e+03	5.16956e+00
1.57065e+03	4.98831e+00
1.64318e+03	4.81271e+00
1.71907e+03	4.64262e+00
1.79846e+03	4.47791e+00
1.88152e+03	4.31847e+00
1.96842e+03	4.16415e+00
2.05933e+03	4.01484e+00
2.15443e+03	3.87040e+00
2.25393e+03	3.73072e+00
2.35803e+03	3.59565e+00
2.46693e+03	3.46509e+00
2.58086e+03	3.33890e+00
2.70005e+03	3.21697e+00
2.82475e+03	3.09916e+00
2.95521e+03	2.98538e+00
3.09169e+03	2.87549e+00
3.23448e+03	2.76938e+00
3.38386e+03	2.66695e+00
3.54013e+03	2.56807e+00
3.70363e+03	2.47265e+00
3.87468e+03	2.38057e+00
4.05362e+03	2.29173e+00
4.24083e+03	2.20603e+00
4.43669e+03	2.12337e+00
4.64159e+03	2.04365e+00
4.85595e+03	1.96678e+00
5.08022e+03	1.89267e+00
5.31484e+03	1.82122e+00
5.56030e+03	1.75235e+00
5.81709e+03	1.68597e+00
6.08574e+03	1.62200e+00
6.36681e+03	1.56037e+00
6.66085e+03	1.50098e+00
6.96847e+03	1.44376e+00
7.29030e+03	1.38865e+00
7.62699e+03	1.33556e+00
7.97923e+03	1.28443e+00
8.34773e+03	1.23520e+00
8.73326e+03	1.18778e+00
9.13659e+03	1.14213e+00
9.55855e+03	1.09818e+00
1.00000e+04	1.05587e+00
1.04618e+04	1.01513e+00
1.09450e+04	9.75928e-01
1.14505e+04	9.38192e-01
1.19793e+04	9.01876e-01
1.25325e+04	8.66927e-01
1.31113e+04	8.33296e-01
1.37169e+04	8.00936e-01
1.43504e+04	7.69802e-01
1.50131e+04	7.39847e-01
1.57065e+04	7.11031e-01
1.64318e+04	6.83310e-01
1.71907e+04	6.56645e-01
1.79847e+04	6.30997e-01
1.88152e+04	6.06329e-01
1.96842e+04	5.82605e-01
2.05933e+04	5.59789e-01
2.15443e+04	5.37848e-01
2.25393e+04	5.16750e-01
2.35803e+04	4.96463e-01
2.46693e+04	4.76957e-01
2.58086e+04	4.58203e-01
2.70005e+04	4.40173e-01
2.82475e+04	4.22839e-01
2.95521e+04	4.06176e-01
3.09169e+04	3.90157e-01
3.23448e+04	3.74759e-01
3.38386e+04	3.59959e-01
3.54013e+04	3.45734e-01
3.70363e+04	3.32061e-01
3.87468e+04	3.18921e-01
4.05362e+04	3.06292e-01
4.24083e+04	2.94156e-01
4.43669e+04	2.82493e-01
4.64159e+04	2.71285e-01
4.85595e+04	2.60516e-01
5.08022e+04	2.50168e-01
5.31484e+04	2.40225e-01
5.56030e+04	2.30672e-01
5.81709e+04	2.21494e-01
6.08574e+04	2.12675e-01
6.36681e+04	2.04203e-01
6.66085e+04	1.96064e-01
6.96847e+04	1.88246e-01
7.29029e+04	1.80735e-01
7.62699e+04	1.73520e-01
7.97923e+04	1.66589e-01
8.34773e+04	1.59932e-01
8.73326e+04	1.53537e-01
9.13659e+04	1.47396e-01
9.55855e+04	1.41497e-01
1.00000e+05	1.35831e-01
1.04618e+05	1.30389e-01
1.09450e+05	1.25164e-01
1.14505e+05	1.20145e-01
1.19793e+05	1.15325e-01
1.25325e+05	1.10697e-01
1.31113e+05	1.06252e-01
1.37169e+05	1.01984e-01
1.43504e+05	9.78850e-02
1.50131e+05	9.39495e-02
1.57065e+05	9.01706e-02
1.64318e+05	8.65421e-02
1.71907e+05	8.30582e-02
1.79846e+05	7.97131e-02
1.88152e+05	7.65015e-02
1.96842e+05	7.34180e-02
2.05933e+05	7.04576e-02
2.15444e+05	6.76154e-02
2.25393e+05	6.48868e-02
2.35803e+05	6.22673e-02
2.46693e+05	5.97526e-02
2.58086e+05	5.73385e-02
2.70006e+05	5.50211e-02
2.82475e+05	5.27965e-02
2.95521e+05	5.06610e-02
3.09169e+05	4.86112e-02
3.23448e+05	4.66436e-02
3.38386e+05	4.47550e-02
3.54013e+05	4.29421e-02
3.70363e+05	4.12022e-02
3.87468e+05	3.95321e-02
4.05362e+05	3.79292e-02
4.24083e+05	3.63907e-02
4.43669e+05	3.49141e-02
4.64159e+05	3.34970e-02
4.85595e+05	3.21369e-02
5.08022e+05	3.08316e-02
5.31484e+05	2.95790e-02
5.56030e+05	2.83768e-02
5.81709e+05	2.72231e-02
6.08574e+05	2.61160e-02
6.36680e+05	2.50536e-02
6.66085e+05	2.40340e-02
6.96847e+05	2.30557e-02
7.29030e+05	2.21169e-02
7.62699e+05	2.12160e-02
7.97923e+05	2.03516e-02
8.34773e+05	1.95221e-02
8.73326e+05	1.87262e-02
9.13659e+05	1.79625e-02
9.55855e+05	1.72298e-02
1.00000e+06	1.65267e-02
