# HC5N cross section
256
1.00000e+01	0.00000e+00
1.04600e+01	0.00000e+00
1.09400e+01	0.00000e+00
1.14500e+01	1.87100e-01
1.19800e+01	5.53300e-01
1.25300e+01	9.46900e-01
1.31100e+01	1.36200e+00
1.37200e+01	1.94400e+00
1.43500e+01	2.75800e+00
1.50100e+01	3.72600e+00
1.57100e+01	4.89300e+00
1.64300e+01	6.09700e+00
1.71900e+01	7.32400e+00
1.79800e+01	8.56400e+00
1.88200e+01	9.83600e+00
1.96800e+01	1.11600e+01
2.05900e+01	1.24700e+01
2.15400e+01	1.38300e+01
2.25400e+01	1.51800e+01
2.35800e+01	1.65500e+01
2.46700e+01	1.79000e+01
2.58100e+01	1.92200e+01
2.70000e+01	2.05000e+01
2.82500e+01	2.17300e+01
2.95500e+01	2.29300e+01
3.09200e+01	2.40900e+01
3.23400e+01	2.52400e+01
3.38400e+01	2.63400e+01
3.54000e+01	2.74000e+01
3.70400e+01	2.84100e+01
3.87500e+01	2.93600e+01
4.05400e+01	3.02500e+01
4.24100e+01	3.10800e+01
4.43700e+01	3.18500e+01
4.64200e+01	3.25500e+01
4.85600e+01	3.31900e+01
5.08000e+01	3.37700e+01
5.31500e+01	3.42900e+01
5.56000e+01	3.47400e+01
5.81700e+01	3.51300e+01
6.08600e+01	3.54600e+01
6.36700e+01	3.57300e+01
6.66100e+01	3.59400e+01
6.96800e+01	3.61000e+01
7.29000e+01	3.62000e+01
7.62700e+01	3.62500e+01
7.97900e+01	3.62500e+01
8.34800e+01	3.62000e+01
8.73300e+01	3.61000e+01
9.13700e+01	3.59600e+01
9.55900e+01	3.57700e+01
1.00000e+02	3.55500e+01
1.04600e+02	3.52800e+01
1.09400e+02	3.49800e+01
1.14500e+02	3.46500e+01
1.19800e+02	3.42800e+01
1.25300e+02	3.38900e+01
1.31100e+02	3.34700e+01
1.37200e+02	3.30200e+01
1.43500e+02	3.25600e+01
1.50100e+02	3.20700e+01
1.57100e+02	3.15600e+01
1.64300e+02	3.10300e+01
1.71900e+02	3.04900e+01
1.79800e+02	2.99400e+01
1.88200e+02	2.93800e+01
1.96800e+02	2.88000e+01
2.05900e+02	2.82200e+01
2.15400e+02	2.76300e+01
2.25400e+02	2.70400e+01
2.35800e+02	2.64400e+01
2.46700e+02	2.58400e+01
2.58100e+02	2.52400e+01
2.70000e+02	2.46400e+01
2.82500e+02	2.40500e+01
2.95500e+02	2.34500e+01
3.09200e+02	2.28600e+01
3.23400e+02	2.22700e+01
3.38400e+02	2.16900e+01
3.54000e+02	2.11100e+01
3.70400e+02	2.05400e+01
3.87500e+02	1.99800e+01
4.05400e+02	1.94200e+01
4.24100e+02	1.88800e+01
4.43700e+02	1.83400e+01
4.64200e+02	1.78100e+01
4.85600e+02	1.72900e+01
5.08000e+02	1.67700e+01
5.31500e+02	1.62700e+01
5.56000e+02	1.57800e+01
5.81700e+02	1.53000e+01
6.08600e+02	1.48300e+01
6.36700e+02	1.43700e+01
6.66100e+02	1.39200e+01
6.96800e+02	1.34800e+01
7.29000e+02	1.30500e+01
7.62700e+02	1.26300e+01
7.97900e+02	1.22200e+01
8.34800e+02	1.18200e+01
8.73300e+02	1.14300e+01
9.13700e+02	1.10600e+01
9.55900e+02	1.06900e+01
1.00000e+03	1.03300e+01
1.04600e+03	9.98300e+00
1.09400e+03	9.64500e+00
1.14500e+03	9.31700e+00
1.19800e+03	8.99900e+00
1.25300e+03	8.69000e+00
1.31100e+03	8.39000e+00
1.37200e+03	8.09900e+00
1.43500e+03	7.81700e+00
1.50100e+03	7.54300e+00
1.57100e+03	7.27800e+00
1.64300e+03	7.02200e+00
1.71900e+03	6.77300e+00
1.79800e+03	6.53200e+00
1.88200e+03	6.29900e+00
1.96800e+03	6.07400e+00
2.05900e+03	5.85600e+00
2.15400e+03	5.64500e+00
2.25400e+03	5.44100e+00
2.35800e+03	5.24400e+00
2.46700e+03	5.05300e+00
2.58100e+03	4.86900e+00
2.70000e+03	4.69100e+00
2.82500e+03	4.51900e+00
2.95500e+03	4.35300e+00
3.09200e+03	4.19300e+00
3.23400e+03	4.03800e+00
3.38400e+03	3.88800e+00
3.54000e+03	3.74400e+00
3.70400e+03	3.60500e+00
3.87500e+03	3.47000e+00
4.05400e+03	3.34100e+00
4.24100e+03	3.21600e+00
4.43700e+03	3.09500e+00
4.64200e+03	2.97900e+00
4.85600e+03	2.86700e+00
5.08000e+03	2.75900e+00
5.31500e+03	2.65500e+00
5.56000e+03	2.55400e+00
5.81700e+03	2.45700e+00
6.08600e+03	2.36400e+00
6.36700e+03	2.27400e+00
6.66100e+03	2.18800e+00
6.96800e+03	2.10400e+00
7.29000e+03	2.02400e+00
7.62700e+03	1.94600e+00
7.97900e+03	1.87200e+00
8.34800e+03	1.80000e+00
8.73300e+03	1.73100e+00
9.13700e+03	1.66400e+00
9.55900e+03	1.60000e+00
1.00000e+04	1.53900e+00
1.04600e+04	1.47900e+00
1.09400e+04	1.42200e+00
1.14500e+04	1.36700e+00
1.19800e+04	1.31400e+00
1.25300e+04	1.26300e+00
1.31100e+04	1.21400e+00
1.37200e+04	1.16700e+00
1.43500e+04	1.12200e+00
1.50100e+04	1.07800e+00
1.57100e+04	1.03600e+00
1.64300e+04	9.95600e-01
1.71900e+04	9.56800e-01
1.79800e+04	9.19400e-01
1.88200e+04	8.83500e-01
1.96800e+04	8.48900e-01
2.05900e+04	8.15600e-01
2.15400e+04	7.83700e-01
2.25400e+04	7.52900e-01
2.35800e+04	7.23400e-01
2.46700e+04	6.94900e-01
2.58100e+04	6.67600e-01
2.70000e+04	6.41300e-01
2.82500e+04	6.16100e-01
2.95500e+04	5.91800e-01
3.09200e+04	5.68400e-01
3.23400e+04	5.46000e-01
3.38400e+04	5.24400e-01
3.54000e+04	5.03700e-01
3.70400e+04	4.83800e-01
3.87500e+04	4.64600e-01
4.05400e+04	4.46200e-01
4.24100e+04	4.28600e-01
4.43700e+04	4.11600e-01
4.64200e+04	3.95200e-01
4.85600e+04	3.79500e-01
5.08000e+04	3.64500e-01
5.31500e+04	3.50000e-01
5.56000e+04	3.36100e-01
5.81700e+04	3.22700e-01
6.08600e+04	3.09800e-01
6.36700e+04	2.97500e-01
6.66100e+04	2.85600e-01
6.96800e+04	2.74300e-01
7.29000e+04	2.63300e-01
7.62700e+04	2.52800e-01
7.97900e+04	2.42700e-01
8.34800e+04	2.33000e-01
8.73300e+04	2.23700e-01
9.13700e+04	2.14700e-01
9.55900e+04	2.06100e-01
1.00000e+05	1.97900e-01
1.04600e+05	1.90000e-01
1.09400e+05	1.82300e-01
1.14500e+05	1.75000e-01
1.19800e+05	1.68000e-01
1.25300e+05	1.61300e-01
1.31100e+05	1.54800e-01
1.37200e+05	1.48600e-01
1.43500e+05	1.42600e-01
1.50100e+05	1.36900e-01
1.57100e+05	1.31400e-01
1.64300e+05	1.26100e-01
1.71900e+05	1.21000e-01
1.79800e+05	1.16100e-01
1.88200e+05	1.11400e-01
1.96800e+05	1.07000e-01
2.05900e+05	1.02600e-01
2.15400e+05	9.85000e-02
2.25400e+05	9.45300e-02
2.35800e+05	9.07100e-02
2.46700e+05	8.70500e-02
2.58100e+05	8.35300e-02
2.70000e+05	8.01500e-02
2.82500e+05	7.69100e-02
2.95500e+05	7.38000e-02
3.09200e+05	7.08200e-02
3.23400e+05	6.79500e-02
3.38400e+05	6.52000e-02
3.54000e+05	6.25600e-02
3.70400e+05	6.00200e-02
3.87500e+05	5.75900e-02
4.05400e+05	5.52500e-02
4.24100e+05	5.30100e-02
4.43700e+05	5.08600e-02
4.64200e+05	4.88000e-02
4.85600e+05	4.68200e-02
5.08000e+05	4.49100e-02
5.31500e+05	4.30900e-02
5.56000e+05	4.13400e-02
5.81700e+05	3.96600e-02
6.08600e+05	3.80400e-02
6.36700e+05	3.65000e-02
6.66100e+05	3.50100e-02
6.96800e+05	3.35900e-02
7.29000e+05	3.22200e-02
7.62700e+05	3.09100e-02
7.97900e+05	2.96500e-02
8.34800e+05	2.84400e-02
8.73300e+05	2.72800e-02
9.13700e+05	2.61700e-02
9.55900e+05	2.51000e-02
1.00000e+06	2.40800e-02
