# HC7N cross section
256
1.00000e+01	0.00000e+00
1.04600e+01	0.00000e+00
1.09400e+01	2.85100e-01
1.14500e+01	6.88500e-01
1.19800e+01	1.12000e+00
1.25300e+01	1.62000e+00
1.31100e+01	2.40700e+00
1.37200e+01	3.23200e+00
1.43500e+01	4.38000e+00
1.50100e+01	5.76800e+00
1.57100e+01	7.35400e+00
1.64300e+01	8.98200e+00
1.71900e+01	1.06400e+01
1.79800e+01	1.23000e+01
1.88200e+01	1.40200e+01
1.96800e+01	1.57600e+01
2.05900e+01	1.75400e+01
2.15400e+01	1.93200e+01
2.25400e+01	2.11300e+01
2.35800e+01	2.29400e+01
2.46700e+01	2.47300e+01
2.58100e+01	2.64600e+01
2.70000e+01	2.81500e+01
2.82500e+01	2.97700e+01
2.95500e+01	3.13500e+01
3.09200e+01	3.28900e+01
3.23400e+01	3.43900e+01
3.38400e+01	3.58300e+01
3.54000e+01	3.72200e+01
3.70400e+01	3.85400e+01
3.87500e+01	3.97800e+01
4.05400e+01	4.09400e+01
4.24100e+01	4.20200e+01
4.43700e+01	4.30100e+01
4.64200e+01	4.39200e+01
4.85600e+01	4.47500e+01
5.08000e+01	4.54900e+01
5.31500e+01	4.61500e+01
5.56000e+01	4.67200e+01
5.81700e+01	4.72100e+01
6.08600e+01	4.76300e+01
6.36700e+01	4.79600e+01
6.66100e+01	4.82200e+01
6.96800e+01	4.84000e+01
7.29000e+01	4.85100e+01
7.62700e+01	4.85500e+01
7.97900e+01	4.85200e+01
8.34800e+01	4.84300e+01
8.73300e+01	4.82700e+01
9.13700e+01	4.80600e+01
9.55900e+01	4.77900e+01
1.00000e+02	4.74700e+01
1.04600e+02	4.71000e+01
1.09400e+02	4.66800e+01
1.14500e+02	4.62200e+01
1.19800e+02	4.57200e+01
1.25300e+02	4.51800e+01
1.31100e+02	4.46000e+01
1.37200e+02	4.39900e+01
1.43500e+02	4.33500e+01
1.50100e+02	4.26900e+01
1.57100e+02	4.20000e+01
1.64300e+02	4.12900e+01
1.71900e+02	4.05600e+01
1.79800e+02	3.98200e+01
1.88200e+02	3.90600e+01
1.96800e+02	3.82800e+01
2.05900e+02	3.75000e+01
2.15400e+02	3.67100e+01
2.25400e+02	3.59200e+01
2.35800e+02	3.51200e+01
2.46700e+02	3.43100e+01
2.58100e+02	3.35100e+01
2.70000e+02	3.27100e+01
2.82500e+02	3.19100e+01
2.95500e+02	3.11100e+01
3.09200e+02	3.03200e+01
3.23400e+02	2.95400e+01
3.38400e+02	2.87600e+01
3.54000e+02	2.79900e+01
3.70400e+02	2.72300e+01
3.87500e+02	2.64800e+01
4.05400e+02	2.57400e+01
4.24100e+02	2.50100e+01
4.43700e+02	2.43000e+01
4.64200e+02	2.35900e+01
4.85600e+02	2.29000e+01
5.08000e+02	2.22200e+01
5.31500e+02	2.15500e+01
5.56000e+02	2.09000e+01
5.81700e+02	2.02600e+01
6.08600e+02	1.96300e+01
6.36700e+02	1.90200e+01
6.66100e+02	1.84200e+01
6.96800e+02	1.78400e+01
7.29000e+02	1.72700e+01
7.62700e+02	1.67100e+01
7.97900e+02	1.61700e+01
8.34800e+02	1.56400e+01
8.73300e+02	1.51300e+01
9.13700e+02	1.46300e+01
9.55900e+02	1.41400e+01
1.00000e+03	1.36700e+01
1.04600e+03	1.32100e+01
1.09400e+03	1.27600e+01
1.14500e+03	1.23300e+01
1.19800e+03	1.19000e+01
1.25300e+03	1.14900e+01
1.31100e+03	1.11000e+01
1.37200e+03	1.07100e+01
1.43500e+03	1.03400e+01
1.50100e+03	9.97600e+00
1.57100e+03	9.62500e+00
1.64300e+03	9.28500e+00
1.71900e+03	8.95600e+00
1.79800e+03	8.63800e+00
1.88200e+03	8.32900e+00
1.96800e+03	8.03100e+00
2.05900e+03	7.74200e+00
2.15400e+03	7.46300e+00
2.25400e+03	7.19300e+00
2.35800e+03	6.93200e+00
2.46700e+03	6.68000e+00
2.58100e+03	6.43600e+00
2.70000e+03	6.20100e+00
2.82500e+03	5.97300e+00
2.95500e+03	5.75400e+00
3.09200e+03	5.54200e+00
3.23400e+03	5.33700e+00
3.38400e+03	5.13900e+00
3.54000e+03	4.94800e+00
3.70400e+03	4.76400e+00
3.87500e+03	4.58700e+00
4.05400e+03	4.41500e+00
4.24100e+03	4.25000e+00
4.43700e+03	4.09100e+00
4.64200e+03	3.93700e+00
4.85600e+03	3.78900e+00
5.08000e+03	3.64600e+00
5.31500e+03	3.50800e+00
5.56000e+03	3.37500e+00
5.81700e+03	3.24700e+00
6.08600e+03	3.12400e+00
6.36700e+03	3.00500e+00
6.66100e+03	2.89100e+00
6.96800e+03	2.78000e+00
7.29000e+03	2.67400e+00
7.62700e+03	2.57200e+00
7.97900e+03	2.47300e+00
8.34800e+03	2.37800e+00
8.73300e+03	2.28700e+00
9.13700e+03	2.19900e+00
9.55900e+03	2.11400e+00
1.00000e+04	2.03300e+00
1.04600e+04	1.95400e+00
1.09400e+04	1.87900e+00
1.14500e+04	1.80600e+00
1.19800e+04	1.73600e+00
1.25300e+04	1.66900e+00
1.31100e+04	1.60400e+00
1.37200e+04	1.54200e+00
1.43500e+04	1.48200e+00
1.50100e+04	1.42400e+00
1.57100e+04	1.36900e+00
1.64300e+04	1.31500e+00
1.71900e+04	1.26400e+00
1.79800e+04	1.21500e+00
1.88200e+04	1.16700e+00
1.96800e+04	1.12100e+00
2.05900e+04	1.07800e+00
2.15400e+04	1.03500e+00
2.25400e+04	9.94600e-01
2.35800e+04	9.55600e-01
2.46700e+04	9.18000e-01
2.58100e+04	8.81900e-01
2.70000e+04	8.47200e-01
2.82500e+04	8.13800e-01
2.95500e+04	7.81700e-01
3.09200e+04	7.50900e-01
3.23400e+04	7.21300e-01
3.38400e+04	6.92800e-01
3.54000e+04	6.65400e-01
3.70400e+04	6.39100e-01
3.87500e+04	6.13800e-01
4.05400e+04	5.89500e-01
4.24100e+04	5.66100e-01
4.43700e+04	5.43600e-01
4.64200e+04	5.22100e-01
4.85600e+04	5.01300e-01
5.08000e+04	4.81400e-01
5.31500e+04	4.62300e-01
5.56000e+04	4.43900e-01
5.81700e+04	4.26200e-01
6.08600e+04	4.09300e-01
6.36700e+04	3.93000e-01
6.66100e+04	3.77300e-01
6.96800e+04	3.62200e-01
7.29000e+04	3.47800e-01
7.62700e+04	3.33900e-01
7.97900e+04	3.20600e-01
8.34800e+04	3.07700e-01
8.73300e+04	2.95400e-01
9.13700e+04	2.83600e-01
9.55900e+04	2.72300e-01
1.00000e+05	2.61400e-01
1.04600e+05	2.50900e-01
1.09400e+05	2.40800e-01
1.14500e+05	2.31200e-01
1.19800e+05	2.21900e-01
1.25300e+05	2.13000e-01
1.31100e+05	2.04400e-01
1.37200e+05	1.96200e-01
1.43500e+05	1.88300e-01
1.50100e+05	1.80800e-01
1.57100e+05	1.73500e-01
1.64300e+05	1.66500e-01
1.71900e+05	1.59800e-01
1.79800e+05	1.53400e-01
1.88200e+05	1.47200e-01
1.96800e+05	1.41300e-01
2.05900e+05	1.35600e-01
2.15400e+05	1.30100e-01
2.25400e+05	1.24800e-01
2.35800e+05	1.19800e-01
2.46700e+05	1.15000e-01
2.58100e+05	1.10300e-01
2.70000e+05	1.05900e-01
2.82500e+05	1.01600e-01
2.95500e+05	9.74700e-02
3.09200e+05	9.35200e-02
3.23400e+05	8.97400e-02
3.38400e+05	8.61000e-02
3.54000e+05	8.26200e-02
3.70400e+05	7.92700e-02
3.87500e+05	7.60500e-02
4.05400e+05	7.29700e-02
4.24100e+05	7.00100e-02
4.43700e+05	6.71700e-02
4.64200e+05	6.44400e-02
4.85600e+05	6.18300e-02
5.08000e+05	5.93100e-02
5.31500e+05	5.69000e-02
5.56000e+05	5.45900e-02
5.81700e+05	5.23700e-02
6.08600e+05	5.02400e-02
6.36700e+05	4.82000e-02
6.66100e+05	4.62400e-02
6.96800e+05	4.43500e-02
7.29000e+05	4.25500e-02
7.62700e+05	4.08100e-02
7.97900e+05	3.91500e-02
8.34800e+05	3.75600e-02
8.73300e+05	3.60200e-02
9.13700e+05	3.45500e-02
9.55900e+05	3.31500e-02
1.00000e+06	3.17900e-02
