# HCCCO cross section
256
1.00000e+01	3.21379e-02
1.04618e+01	1.19900e-01
1.09450e+01	2.15019e-01
1.14505e+01	3.16007e-01
1.19793e+01	4.73899e-01
1.25325e+01	8.34129e-01
1.31113e+01	1.28140e+00
1.37169e+01	1.75200e+00
1.43504e+01	2.24271e+00
1.50131e+01	2.79471e+00
1.57065e+01	3.39988e+00
1.64318e+01	4.10787e+00
1.71907e+01	4.84643e+00
1.79846e+01	5.64707e+00
1.88152e+01	6.48047e+00
1.96842e+01	7.36935e+00
2.05933e+01	8.26045e+00
2.15444e+01	9.14762e+00
2.25393e+01	1.00255e+01
2.35803e+01	1.08894e+01
2.46693e+01	1.17552e+01
2.58086e+01	1.26190e+01
2.70006e+01	1.34697e+01
2.82475e+01	1.42961e+01
2.95521e+01	1.50994e+01
3.09169e+01	1.59036e+01
3.23448e+01	1.66784e+01
3.38385e+01	1.74213e+01
3.54013e+01	1.81301e+01
3.70363e+01	1.88031e+01
3.87467e+01	1.94388e+01
4.05362e+01	2.00452e+01
4.24083e+01	2.06222e+01
4.43669e+01	2.11607e+01
4.64159e+01	2.16598e+01
4.85595e+01	2.21191e+01
5.08022e+01	2.25383e+01
5.31484e+01	2.29173e+01
5.56030e+01	2.32562e+01
5.81709e+01	2.35553e+01
6.08575e+01	2.38149e+01
6.36681e+01	2.40356e+01
6.66085e+01	2.42181e+01
6.96847e+01	2.43631e+01
7.29030e+01	2.44716e+01
7.62699e+01	2.45445e+01
7.97923e+01	2.45829e+01
8.34773e+01	2.45879e+01
8.73326e+01	2.45607e+01
9.13659e+01	2.45026e+01
9.55855e+01	2.44149e+01
1.00000e+02	2.42988e+01
1.04618e+02	2.41558e+01
1.09450e+02	2.39872e+01
1.14505e+02	2.37944e+01
1.19793e+02	2.35789e+01
1.25325e+02	2.33420e+01
1.31113e+02	2.30851e+01
1.37169e+02	2.28098e+01
1.43504e+02	2.25173e+01
1.50131e+02	2.22090e+01
1.57065e+02	2.18862e+01
1.64318e+02	2.15504e+01
1.71907e+02	2.12027e+01
1.79846e+02	2.08444e+01
1.88152e+02	2.04768e+01
1.96842e+02	2.01009e+01
2.05933e+02	1.97180e+01
2.15444e+02	1.93292e+01
2.25393e+02	1.89354e+01
2.35803e+02	1.85376e+01
2.46693e+02	1.81369e+01
2.58086e+02	1.77341e+01
2.70005e+02	1.73301e+01
2.82475e+02	1.69257e+01
2.95521e+02	1.65216e+01
3.09169e+02	1.61187e+01
3.23448e+02	1.57184e+01
3.38385e+02	1.53205e+01
3.54013e+02	1.49256e+01
3.70363e+02	1.45341e+01
3.87467e+02	1.41466e+01
4.05362e+02	1.37635e+01
4.24083e+02	1.33851e+01
4.43669e+02	1.30118e+01
4.64159e+02	1.26440e+01
4.85595e+02	1.22819e+01
5.08022e+02	1.19257e+01
5.31484e+02	1.15758e+01
5.56030e+02	1.12323e+01
5.81709e+02	1.08954e+01
6.08574e+02	1.05652e+01
6.36681e+02	1.02419e+01
6.66085e+02	9.92545e+00
6.96847e+02	9.61601e+00
7.29029e+02	9.31359e+00
7.62699e+02	9.01824e+00
7.97923e+02	8.72995e+00
8.34773e+02	8.44873e+00
8.73326e+02	8.17455e+00
9.13659e+02	7.90740e+00
9.55855e+02	7.64721e+00
1.00000e+03	7.39394e+00
1.04618e+03	7.14751e+00
1.09450e+03	6.90786e+00
1.14505e+03	6.67490e+00
1.19793e+03	6.44854e+00
1.25325e+03	6.22868e+00
1.31113e+03	6.01522e+00
1.37169e+03	5.80805e+00
1.43504e+03	5.60705e+00
1.50131e+03	5.41211e+00
1.57065e+03	5.22311e+00
1.64318e+03	5.03993e+00
1.71907e+03	4.86244e+00
1.79846e+03	4.69052e+00
1.88152e+03	4.52404e+00
1.96842e+03	4.36287e+00
2.05933e+03	4.20689e+00
2.15443e+03	4.05596e+00
2.25393e+03	3.90996e+00
2.35803e+03	3.76875e+00
2.46693e+03	3.63223e+00
2.58086e+03	3.50025e+00
2.70005e+03	3.37269e+00
2.82475e+03	3.24944e+00
2.95521e+03	3.13036e+00
3.09169e+03	3.01534e+00
3.23448e+03	2.90427e+00
3.38386e+03	2.79702e+00
3.54013e+03	2.69348e+00
3.70363e+03	2.59354e+00
3.87468e+03	2.49709e+00
4.05362e+03	2.40403e+00
4.24083e+03	2.31424e+00
4.43669e+03	2.22763e+00
4.64159e+03	2.14409e+00
4.85595e+03	2.06353e+00
5.08022e+03	1.98585e+00
5.31484e+03	1.91096e+00
5.56030e+03	1.83876e+00
5.81709e+03	1.76917e+00
6.08574e+03	1.70210e+00
6.36681e+03	1.63747e+00
6.66085e+03	1.57519e+00
6.96847e+03	1.51519e+00
7.29030e+03	1.45738e+00
7.62699e+03	1.40170e+00
7.97923e+03	1.34807e+00
8.34773e+03	1.29643e+00
8.73326e+03	1.24669e+00
9.13659e+03	1.19880e+00
9.55855e+03	1.15268e+00
1.00000e+04	1.10829e+00
1.04618e+04	1.06555e+00
1.09450e+04	1.02442e+00
1.14505e+04	9.84819e-01
1.19793e+04	9.46711e-01
1.25325e+04	9.10036e-01
1.31113e+04	8.74744e-01
1.37169e+04	8.40784e-01
1.43504e+04	8.08109e-01
1.50131e+04	7.76672e-01
1.57065e+04	7.46428e-01
1.64318e+04	7.17334e-01
1.71907e+04	6.89347e-01
1.79847e+04	6.62427e-01
1.88152e+04	6.36535e-01
1.96842e+04	6.11632e-01
2.05933e+04	5.87684e-01
2.15443e+04	5.64653e-01
2.25393e+04	5.42506e-01
2.35803e+04	5.21211e-01
2.46693e+04	5.00734e-01
2.58086e+04	4.81048e-01
2.70005e+04	4.62120e-01
2.82475e+04	4.43923e-01
2.95521e+04	4.26430e-01
3.09169e+04	4.09614e-01
3.23448e+04	3.93449e-01
3.38386e+04	3.77912e-01
3.54013e+04	3.62978e-01
3.70363e+04	3.48624e-01
3.87468e+04	3.34828e-01
4.05362e+04	3.21570e-01
4.24083e+04	3.08829e-01
4.43669e+04	2.96584e-01
4.64159e+04	2.84818e-01
4.85595e+04	2.73512e-01
5.08022e+04	2.62647e-01
5.31484e+04	2.52209e-01
5.56030e+04	2.42179e-01
5.81709e+04	2.32542e-01
6.08574e+04	2.23284e-01
6.36681e+04	2.14389e-01
6.66085e+04	2.05844e-01
6.96847e+04	1.97635e-01
7.29029e+04	1.89750e-01
7.62699e+04	1.82174e-01
7.97923e+04	1.74898e-01
8.34773e+04	1.67908e-01
8.73326e+04	1.61195e-01
9.13659e+04	1.54747e-01
9.55855e+04	1.48553e-01
1.00000e+05	1.42605e-01
1.04618e+05	1.36892e-01
1.09450e+05	1.31405e-01
1.14505e+05	1.26136e-01
1.19793e+05	1.21076e-01
1.25325e+05	1.16216e-01
1.31113e+05	1.11549e-01
1.37169e+05	1.07068e-01
1.43504e+05	1.02765e-01
1.50131e+05	9.86331e-02
1.57065e+05	9.46656e-02
1.64318e+05	9.08561e-02
1.71907e+05	8.71983e-02
1.79846e+05	8.36863e-02
1.88152e+05	8.03144e-02
1.96842e+05	7.70770e-02
2.05933e+05	7.39689e-02
2.15444e+05	7.09849e-02
2.25393e+05	6.81202e-02
2.35803e+05	6.53700e-02
2.46693e+05	6.27298e-02
2.58086e+05	6.01953e-02
2.70006e+05	5.77623e-02
2.82475e+05	5.54267e-02
2.95521e+05	5.31847e-02
3.09169e+05	5.10327e-02
3.23448e+05	4.89670e-02
3.38386e+05	4.69841e-02
3.54013e+05	4.50809e-02
3.70363e+05	4.32541e-02
3.87468e+05	4.15008e-02
4.05362e+05	3.98179e-02
4.24083e+05	3.82028e-02
4.43669e+05	3.66526e-02
4.64159e+05	3.51648e-02
4.85595e+05	3.37369e-02
5.08022e+05	3.23666e-02
5.31484e+05	3.10515e-02
5.56030e+05	2.97894e-02
5.81709e+05	2.85782e-02
6.08574e+05	2.74159e-02
6.36680e+05	2.63005e-02
6.66085e+05	2.52302e-02
6.96847e+05	2.42031e-02
7.29030e+05	2.32175e-02
7.62699e+05	2.22717e-02
7.97923e+05	2.13642e-02
8.34773e+05	2.04934e-02
8.73326e+05	1.96579e-02
9.13659e+05	1.88562e-02
9.55855e+05	1.80869e-02
1.00000e+06	1.73489e-02
