# HCCN cross section
256
1.00000e+01	0.00000e+00
1.04618e+01	0.00000e+00
1.09450e+01	5.99011e-02
1.14505e+01	2.39483e-01
1.19793e+01	4.33672e-01
1.25325e+01	6.39305e-01
1.31113e+01	8.53602e-01
1.37169e+01	1.07412e+00
1.43504e+01	1.37639e+00
1.50131e+01	1.93665e+00
1.57065e+01	2.53970e+00
1.64318e+01	3.16425e+00
1.71907e+01	3.80336e+00
1.79846e+01	4.47671e+00
1.88152e+01	5.21602e+00
1.96842e+01	5.96060e+00
2.05933e+01	6.70475e+00
2.15444e+01	7.44349e+00
2.25393e+01	8.17250e+00
2.35803e+01	8.88802e+00
2.46693e+01	9.58681e+00
2.58086e+01	1.02661e+01
2.70006e+01	1.09234e+01
2.82475e+01	1.15661e+01
2.95521e+01	1.22142e+01
3.09169e+01	1.28382e+01
3.23448e+01	1.34360e+01
3.38385e+01	1.40060e+01
3.54013e+01	1.45669e+01
3.70363e+01	1.51044e+01
3.87467e+01	1.56124e+01
4.05362e+01	1.60897e+01
4.24083e+01	1.65356e+01
4.43669e+01	1.69492e+01
4.64159e+01	1.73303e+01
4.85595e+01	1.76786e+01
5.08022e+01	1.79940e+01
5.31484e+01	1.82766e+01
5.56030e+01	1.85265e+01
5.81709e+01	1.87442e+01
6.08575e+01	1.89301e+01
6.36681e+01	1.90848e+01
6.66085e+01	1.92089e+01
6.96847e+01	1.93032e+01
7.29030e+01	1.93684e+01
7.62699e+01	1.94055e+01
7.97923e+01	1.94154e+01
8.34773e+01	1.93992e+01
8.73326e+01	1.93577e+01
9.13659e+01	1.92922e+01
9.55855e+01	1.92036e+01
1.00000e+02	1.90932e+01
1.04618e+02	1.89621e+01
1.09450e+02	1.88114e+01
1.14505e+02	1.86423e+01
1.19793e+02	1.84559e+01
1.25325e+02	1.82535e+01
1.31113e+02	1.80360e+01
1.37169e+02	1.78048e+01
1.43504e+02	1.75608e+01
1.50131e+02	1.73053e+01
1.57065e+02	1.70392e+01
1.64318e+02	1.67636e+01
1.71907e+02	1.64796e+01
1.79846e+02	1.61880e+01
1.88152e+02	1.58899e+01
1.96842e+02	1.55862e+01
2.05933e+02	1.52777e+01
2.15444e+02	1.49654e+01
2.25393e+02	1.46499e+01
2.35803e+02	1.43321e+01
2.46693e+02	1.40126e+01
2.58086e+02	1.36922e+01
2.70005e+02	1.33716e+01
2.82475e+02	1.30512e+01
2.95521e+02	1.27317e+01
3.09169e+02	1.24137e+01
3.23448e+02	1.20982e+01
3.38385e+02	1.17851e+01
3.54013e+02	1.14748e+01
3.70363e+02	1.11678e+01
3.87467e+02	1.08642e+01
4.05362e+02	1.05644e+01
4.24083e+02	1.02688e+01
4.43669e+02	9.97772e+00
4.64159e+02	9.69124e+00
4.85595e+02	9.40956e+00
5.08022e+02	9.13285e+00
5.31484e+02	8.86125e+00
5.56030e+02	8.59490e+00
5.81709e+02	8.33390e+00
6.08574e+02	8.07833e+00
6.36681e+02	7.82827e+00
6.66085e+02	7.58376e+00
6.96847e+02	7.34485e+00
7.29029e+02	7.11154e+00
7.62699e+02	6.88385e+00
7.97923e+02	6.66177e+00
8.34773e+02	6.44529e+00
8.73326e+02	6.23437e+00
9.13659e+02	6.02898e+00
9.55855e+02	5.82907e+00
1.00000e+03	5.63459e+00
1.04618e+03	5.44548e+00
1.09450e+03	5.26167e+00
1.14505e+03	5.08308e+00
1.19793e+03	4.90963e+00
1.25325e+03	4.74125e+00
1.31113e+03	4.57784e+00
1.37169e+03	4.41932e+00
1.43504e+03	4.26558e+00
1.50131e+03	4.11654e+00
1.57065e+03	3.97210e+00
1.64318e+03	3.83216e+00
1.71907e+03	3.69661e+00
1.79846e+03	3.56537e+00
1.88152e+03	3.43831e+00
1.96842e+03	3.31535e+00
2.05933e+03	3.19638e+00
2.15443e+03	3.08130e+00
2.25393e+03	2.97001e+00
2.35803e+03	2.86240e+00
2.46693e+03	2.75839e+00
2.58086e+03	2.65786e+00
2.70005e+03	2.56072e+00
2.82475e+03	2.46688e+00
2.95521e+03	2.37624e+00
3.09169e+03	2.28871e+00
3.23448e+03	2.20420e+00
3.38386e+03	2.12261e+00
3.54013e+03	2.04386e+00
3.70363e+03	1.96787e+00
3.87468e+03	1.89454e+00
4.05362e+03	1.82379e+00
4.24083e+03	1.75554e+00
4.43669e+03	1.68972e+00
4.64159e+03	1.62624e+00
4.85595e+03	1.56503e+00
5.08022e+03	1.50602e+00
5.31484e+03	1.44914e+00
5.56030e+03	1.39430e+00
5.81709e+03	1.34146e+00
6.08574e+03	1.29053e+00
6.36681e+03	1.24146e+00
6.66085e+03	1.19418e+00
6.96847e+03	1.14864e+00
7.29030e+03	1.10477e+00
7.62699e+03	1.06251e+00
7.97923e+03	1.02181e+00
8.34773e+03	9.82621e-01
8.73326e+03	9.44884e-01
9.13659e+03	9.08549e-01
9.55855e+03	8.73568e-01
1.00000e+04	8.39892e-01
1.04618e+04	8.07476e-01
1.09450e+04	7.76274e-01
1.14505e+04	7.46245e-01
1.19793e+04	7.17345e-01
1.25325e+04	6.89534e-01
1.31113e+04	6.62772e-01
1.37169e+04	6.37023e-01
1.43504e+04	6.12249e-01
1.50131e+04	5.88415e-01
1.57065e+04	5.65487e-01
1.64318e+04	5.43431e-01
1.71907e+04	5.22216e-01
1.79847e+04	5.01810e-01
1.88152e+04	4.82185e-01
1.96842e+04	4.63310e-01
2.05933e+04	4.45159e-01
2.15443e+04	4.27704e-01
2.25393e+04	4.10920e-01
2.35803e+04	3.94782e-01
2.46693e+04	3.79265e-01
2.58086e+04	3.64347e-01
2.70005e+04	3.50005e-01
2.82475e+04	3.36216e-01
2.95521e+04	3.22962e-01
3.09169e+04	3.10221e-01
3.23448e+04	2.97974e-01
3.38386e+04	2.86202e-01
3.54013e+04	2.74887e-01
3.70363e+04	2.64013e-01
3.87468e+04	2.53562e-01
4.05362e+04	2.43518e-01
4.24083e+04	2.33866e-01
4.43669e+04	2.24590e-01
4.64159e+04	2.15677e-01
4.85595e+04	2.07113e-01
5.08022e+04	1.98883e-01
5.31484e+04	1.90976e-01
5.56030e+04	1.83379e-01
5.81709e+04	1.76081e-01
6.08574e+04	1.69068e-01
6.36681e+04	1.62331e-01
6.66085e+04	1.55859e-01
6.96847e+04	1.49642e-01
7.29029e+04	1.43670e-01
7.62699e+04	1.37933e-01
7.97923e+04	1.32422e-01
8.34773e+04	1.27129e-01
8.73326e+04	1.22045e-01
9.13659e+04	1.17161e-01
9.55855e+04	1.12471e-01
1.00000e+05	1.07966e-01
1.04618e+05	1.03640e-01
1.09450e+05	9.94851e-02
1.14505e+05	9.54950e-02
1.19793e+05	9.16631e-02
1.25325e+05	8.79833e-02
1.31113e+05	8.44497e-02
1.37169e+05	8.10565e-02
1.43504e+05	7.77982e-02
1.50131e+05	7.46695e-02
1.57065e+05	7.16653e-02
1.64318e+05	6.87808e-02
1.71907e+05	6.60113e-02
1.79846e+05	6.33521e-02
1.88152e+05	6.07991e-02
1.96842e+05	5.83479e-02
2.05933e+05	5.59946e-02
2.15444e+05	5.37354e-02
2.25393e+05	5.15664e-02
2.35803e+05	4.94842e-02
2.46693e+05	4.74853e-02
2.58086e+05	4.55664e-02
2.70006e+05	4.37244e-02
2.82475e+05	4.19562e-02
2.95521e+05	4.02588e-02
3.09169e+05	3.86295e-02
3.23448e+05	3.70656e-02
3.38386e+05	3.55645e-02
3.54013e+05	3.41237e-02
3.70363e+05	3.27407e-02
3.87468e+05	3.14134e-02
4.05362e+05	3.01394e-02
4.24083e+05	2.89166e-02
4.43669e+05	2.77431e-02
4.64159e+05	2.66168e-02
4.85595e+05	2.55359e-02
5.08022e+05	2.44985e-02
5.31484e+05	2.35030e-02
5.56030e+05	2.25476e-02
5.81709e+05	2.16307e-02
6.08574e+05	2.07509e-02
6.36680e+05	1.99065e-02
6.66085e+05	1.90963e-02
6.96847e+05	1.83188e-02
7.29030e+05	1.75727e-02
7.62699e+05	1.68568e-02
7.97923e+05	1.61699e-02
8.34773e+05	1.55108e-02
8.73326e+05	1.48783e-02
9.13659e+05	1.42714e-02
9.55855e+05	1.36892e-02
1.00000e+06	1.31305e-02
