# HCNCC cross section
256
1.00000e+01	2.00973e-01
1.04618e+01	3.15634e-01
1.09450e+01	5.53559e-01
1.14505e+01	9.69395e-01
1.19793e+01	1.48553e+00
1.25325e+01	2.06630e+00
1.31113e+01	2.70935e+00
1.37169e+01	3.37225e+00
1.43504e+01	4.06650e+00
1.50131e+01	4.80948e+00
1.57065e+01	5.58499e+00
1.64318e+01	6.48812e+00
1.71907e+01	7.40653e+00
1.79846e+01	8.32731e+00
1.88152e+01	9.25259e+00
1.96842e+01	1.02023e+01
2.05933e+01	1.11409e+01
2.15444e+01	1.20635e+01
2.25393e+01	1.29947e+01
2.35803e+01	1.39068e+01
2.46693e+01	1.47935e+01
2.58086e+01	1.56687e+01
2.70006e+01	1.65331e+01
2.82475e+01	1.73736e+01
2.95521e+01	1.81973e+01
3.09169e+01	1.89947e+01
3.23448e+01	1.97643e+01
3.38385e+01	2.04963e+01
3.54013e+01	2.11887e+01
3.70363e+01	2.18472e+01
3.87467e+01	2.24800e+01
4.05362e+01	2.30715e+01
4.24083e+01	2.36205e+01
4.43669e+01	2.41263e+01
4.64159e+01	2.45883e+01
4.85595e+01	2.50065e+01
5.08022e+01	2.53806e+01
5.31484e+01	2.57111e+01
5.56030e+01	2.59982e+01
5.81709e+01	2.62425e+01
6.08575e+01	2.64446e+01
6.36681e+01	2.66055e+01
6.66085e+01	2.67262e+01
6.96847e+01	2.68075e+01
7.29030e+01	2.68508e+01
7.62699e+01	2.68573e+01
7.97923e+01	2.68283e+01
8.34773e+01	2.67652e+01
8.73326e+01	2.66694e+01
9.13659e+01	2.65424e+01
9.55855e+01	2.63858e+01
1.00000e+02	2.62010e+01
1.04618e+02	2.59897e+01
1.09450e+02	2.57533e+01
1.14505e+02	2.54935e+01
1.19793e+02	2.52118e+01
1.25325e+02	2.49097e+01
1.31113e+02	2.45889e+01
1.37169e+02	2.42508e+01
1.43504e+02	2.38970e+01
1.50131e+02	2.35287e+01
1.57065e+02	2.31476e+01
1.64318e+02	2.27550e+01
1.71907e+02	2.23521e+01
1.79846e+02	2.19404e+01
1.88152e+02	2.15210e+01
1.96842e+02	2.10952e+01
2.05933e+02	2.06640e+01
2.15444e+02	2.02286e+01
2.25393e+02	1.97901e+01
2.35803e+02	1.93493e+01
2.46693e+02	1.89073e+01
2.58086e+02	1.84649e+01
2.70005e+02	1.80230e+01
2.82475e+02	1.75823e+01
2.95521e+02	1.71436e+01
3.09169e+02	1.67075e+01
3.23448e+02	1.62756e+01
3.38385e+02	1.58477e+01
3.54013e+02	1.54241e+01
3.70363e+02	1.50054e+01
3.87467e+02	1.45920e+01
4.05362e+02	1.41842e+01
4.24083e+02	1.37825e+01
4.43669e+02	1.33872e+01
4.64159e+02	1.29986e+01
4.85595e+02	1.26168e+01
5.08022e+02	1.22421e+01
5.31484e+02	1.18745e+01
5.56030e+02	1.15144e+01
5.81709e+02	1.11617e+01
6.08574e+02	1.08165e+01
6.36681e+02	1.04791e+01
6.66085e+02	1.01493e+01
6.96847e+02	9.82727e+00
7.29029e+02	9.51296e+00
7.62699e+02	9.20639e+00
7.97923e+02	8.90751e+00
8.34773e+02	8.61631e+00
8.73326e+02	8.33272e+00
9.13659e+02	8.05669e+00
9.55855e+02	7.78813e+00
1.00000e+03	7.52698e+00
1.04618e+03	7.27312e+00
1.09450e+03	7.02647e+00
1.14505e+03	6.78691e+00
1.19793e+03	6.55433e+00
1.25325e+03	6.32861e+00
1.31113e+03	6.10963e+00
1.37169e+03	5.89725e+00
1.43504e+03	5.69135e+00
1.50131e+03	5.49179e+00
1.57065e+03	5.29844e+00
1.64318e+03	5.11115e+00
1.71907e+03	4.92979e+00
1.79846e+03	4.75423e+00
1.88152e+03	4.58431e+00
1.96842e+03	4.41989e+00
2.05933e+03	4.26085e+00
2.15443e+03	4.10704e+00
2.25393e+03	3.95831e+00
2.35803e+03	3.81455e+00
2.46693e+03	3.67560e+00
2.58086e+03	3.54133e+00
2.70005e+03	3.41161e+00
2.82475e+03	3.28632e+00
2.95521e+03	3.16532e+00
3.09169e+03	3.04848e+00
3.23448e+03	2.93569e+00
3.38386e+03	2.82682e+00
3.54013e+03	2.72175e+00
3.70363e+03	2.62036e+00
3.87468e+03	2.52254e+00
4.05362e+03	2.42818e+00
4.24083e+03	2.33716e+00
4.43669e+03	2.24939e+00
4.64159e+03	2.16475e+00
4.85595e+03	2.08315e+00
5.08022e+03	2.00449e+00
5.31484e+03	1.92866e+00
5.56030e+03	1.85558e+00
5.81709e+03	1.78515e+00
6.08574e+03	1.71729e+00
6.36681e+03	1.65191e+00
6.66085e+03	1.58892e+00
6.96847e+03	1.52824e+00
7.29030e+03	1.46980e+00
7.62699e+03	1.41351e+00
7.97923e+03	1.35931e+00
8.34773e+03	1.30711e+00
8.73326e+03	1.25686e+00
9.13659e+03	1.20847e+00
9.55855e+03	1.16189e+00
1.00000e+04	1.11705e+00
1.04618e+04	1.07390e+00
1.09450e+04	1.03236e+00
1.14505e+04	9.92383e-01
1.19793e+04	9.53913e-01
1.25325e+04	9.16895e-01
1.31113e+04	8.81277e-01
1.37169e+04	8.47007e-01
1.43504e+04	8.14037e-01
1.50131e+04	7.82320e-01
1.57065e+04	7.51809e-01
1.64318e+04	7.22461e-01
1.71907e+04	6.94233e-01
1.79847e+04	6.67084e-01
1.88152e+04	6.40974e-01
1.96842e+04	6.15864e-01
2.05933e+04	5.91717e-01
2.15443e+04	5.68498e-01
2.25393e+04	5.46172e-01
2.35803e+04	5.24706e-01
2.46693e+04	5.04068e-01
2.58086e+04	4.84226e-01
2.70005e+04	4.65151e-01
2.82475e+04	4.46815e-01
2.95521e+04	4.29188e-01
3.09169e+04	4.12244e-01
3.23448e+04	3.95958e-01
3.38386e+04	3.80305e-01
3.54013e+04	3.65261e-01
3.70363e+04	3.50802e-01
3.87468e+04	3.36907e-01
4.05362e+04	3.23553e-01
4.24083e+04	3.10721e-01
4.43669e+04	2.98390e-01
4.64159e+04	2.86541e-01
4.85595e+04	2.75156e-01
5.08022e+04	2.64217e-01
5.31484e+04	2.53706e-01
5.56030e+04	2.43608e-01
5.81709e+04	2.33906e-01
6.08574e+04	2.24586e-01
6.36681e+04	2.15632e-01
6.66085e+04	2.07031e-01
6.96847e+04	1.98768e-01
7.29029e+04	1.90831e-01
7.62699e+04	1.83206e-01
7.97923e+04	1.75883e-01
8.34773e+04	1.68849e-01
8.73326e+04	1.62093e-01
9.13659e+04	1.55604e-01
9.55855e+04	1.49372e-01
1.00000e+05	1.43386e-01
1.04618e+05	1.37638e-01
1.09450e+05	1.32117e-01
1.14505e+05	1.26816e-01
1.19793e+05	1.21725e-01
1.25325e+05	1.16836e-01
1.31113e+05	1.12142e-01
1.37169e+05	1.07634e-01
1.43504e+05	1.03305e-01
1.50131e+05	9.91487e-02
1.57065e+05	9.51580e-02
1.64318e+05	9.13262e-02
1.71907e+05	8.76473e-02
1.79846e+05	8.41151e-02
1.88152e+05	8.07239e-02
1.96842e+05	7.74681e-02
2.05933e+05	7.43424e-02
2.15444e+05	7.13416e-02
2.25393e+05	6.84608e-02
2.35803e+05	6.56953e-02
2.46693e+05	6.30405e-02
2.58086e+05	6.04920e-02
2.70006e+05	5.80457e-02
2.82475e+05	5.56974e-02
2.95521e+05	5.34433e-02
3.09169e+05	5.12796e-02
3.23448e+05	4.92028e-02
3.38386e+05	4.72094e-02
3.54013e+05	4.52961e-02
3.70363e+05	4.34596e-02
3.87468e+05	4.16971e-02
4.05362e+05	4.00054e-02
4.24083e+05	3.83818e-02
4.43669e+05	3.68236e-02
4.64159e+05	3.53282e-02
4.85595e+05	3.38930e-02
5.08022e+05	3.25156e-02
5.31484e+05	3.11938e-02
5.56030e+05	2.99254e-02
5.81709e+05	2.87081e-02
6.08574e+05	2.75400e-02
6.36680e+05	2.64190e-02
6.66085e+05	2.53434e-02
6.96847e+05	2.43112e-02
7.29030e+05	2.33208e-02
7.62699e+05	2.23704e-02
7.97923e+05	2.14585e-02
8.34773e+05	2.05835e-02
8.73326e+05	1.97439e-02
9.13659e+05	1.89383e-02
9.55855e+05	1.81654e-02
1.00000e+06	1.74238e-02
