# HCO cross section
256
1.00000e+01	1.09184e-01
1.04618e+01	2.05104e-01
1.09450e+01	3.07280e-01
1.14505e+01	4.14369e-01
1.19793e+01	5.25186e-01
1.25325e+01	6.38691e-01
1.31113e+01	7.53969e-01
1.37169e+01	8.70217e-01
1.43504e+01	1.00881e+00
1.50131e+01	1.17700e+00
1.57065e+01	1.40189e+00
1.64318e+01	1.71026e+00
1.71907e+01	2.04161e+00
1.79846e+01	2.44294e+00
1.88152e+01	2.85609e+00
1.96842e+01	3.27652e+00
2.05933e+01	3.70068e+00
2.15444e+01	4.12551e+00
2.25393e+01	4.56682e+00
2.35803e+01	5.01533e+00
2.46693e+01	5.48245e+00
2.58086e+01	5.94479e+00
2.70006e+01	6.39986e+00
2.82475e+01	6.84550e+00
2.95521e+01	7.27982e+00
3.09169e+01	7.70121e+00
3.23448e+01	8.10826e+00
3.38385e+01	8.49976e+00
3.54013e+01	8.87469e+00
3.70363e+01	9.23220e+00
3.87467e+01	9.57155e+00
4.05362e+01	9.90383e+00
4.24083e+01	1.02245e+01
4.43669e+01	1.05268e+01
4.64159e+01	1.08103e+01
4.85595e+01	1.10745e+01
5.08022e+01	1.13190e+01
5.31484e+01	1.15436e+01
5.56030e+01	1.17481e+01
5.81709e+01	1.19326e+01
6.08575e+01	1.20970e+01
6.36681e+01	1.22416e+01
6.66085e+01	1.23664e+01
6.96847e+01	1.24719e+01
7.29030e+01	1.25582e+01
7.62699e+01	1.26258e+01
7.97923e+01	1.26751e+01
8.34773e+01	1.27066e+01
8.73326e+01	1.27208e+01
9.13659e+01	1.27182e+01
9.55855e+01	1.26996e+01
1.00000e+02	1.26653e+01
1.04618e+02	1.26161e+01
1.09450e+02	1.25527e+01
1.14505e+02	1.24758e+01
1.19793e+02	1.23859e+01
1.25325e+02	1.22839e+01
1.31113e+02	1.21703e+01
1.37169e+02	1.20460e+01
1.43504e+02	1.19116e+01
1.50131e+02	1.17679e+01
1.57065e+02	1.16155e+01
1.64318e+02	1.14551e+01
1.71907e+02	1.12874e+01
1.79846e+02	1.11130e+01
1.88152e+02	1.09327e+01
1.96842e+02	1.07470e+01
2.05933e+02	1.05566e+01
2.15444e+02	1.03621e+01
2.25393e+02	1.01639e+01
2.35803e+02	9.96282e+00
2.46693e+02	9.75921e+00
2.58086e+02	9.55362e+00
2.70005e+02	9.34656e+00
2.82475e+02	9.13846e+00
2.95521e+02	8.92977e+00
3.09169e+02	8.72092e+00
3.23448e+02	8.51260e+00
3.38385e+02	8.30488e+00
3.54013e+02	8.09810e+00
3.70363e+02	7.89255e+00
3.87467e+02	7.68853e+00
4.05362e+02	7.48631e+00
4.24083e+02	7.28612e+00
4.43669e+02	7.08820e+00
4.64159e+02	6.89274e+00
4.85595e+02	6.69994e+00
5.08022e+02	6.50996e+00
5.31484e+02	6.32294e+00
5.56030e+02	6.13903e+00
5.81709e+02	5.95841e+00
6.08574e+02	5.78113e+00
6.36681e+02	5.60726e+00
6.66085e+02	5.43687e+00
6.96847e+02	5.27002e+00
7.29029e+02	5.10675e+00
7.62699e+02	4.94710e+00
7.97923e+02	4.79108e+00
8.34773e+02	4.63873e+00
8.73326e+02	4.49003e+00
9.13659e+02	4.34500e+00
9.55855e+02	4.20361e+00
1.00000e+03	4.06585e+00
1.04618e+03	3.93171e+00
1.09450e+03	3.80114e+00
1.14505e+03	3.67412e+00
1.19793e+03	3.55060e+00
1.25325e+03	3.43054e+00
1.31113e+03	3.31390e+00
1.37169e+03	3.20062e+00
1.43504e+03	3.09065e+00
1.50131e+03	2.98393e+00
1.57065e+03	2.88040e+00
1.64318e+03	2.78001e+00
1.71907e+03	2.68268e+00
1.79846e+03	2.58836e+00
1.88152e+03	2.49699e+00
1.96842e+03	2.40849e+00
2.05933e+03	2.32280e+00
2.15443e+03	2.23985e+00
2.25393e+03	2.15958e+00
2.35803e+03	2.08192e+00
2.46693e+03	2.00681e+00
2.58086e+03	1.93417e+00
2.70005e+03	1.86395e+00
2.82475e+03	1.79607e+00
2.95521e+03	1.73047e+00
3.09169e+03	1.66710e+00
3.23448e+03	1.60588e+00
3.38386e+03	1.54675e+00
3.54013e+03	1.48966e+00
3.70363e+03	1.43454e+00
3.87468e+03	1.38133e+00
4.05362e+03	1.32997e+00
4.24083e+03	1.28042e+00
4.43669e+03	1.23261e+00
4.64159e+03	1.18649e+00
4.85595e+03	1.14200e+00
5.08022e+03	1.09910e+00
5.31484e+03	1.05773e+00
5.56030e+03	1.01784e+00
5.81709e+03	9.79386e-01
6.08574e+03	9.42321e-01
6.36681e+03	9.06598e-01
6.66085e+03	8.72172e-01
6.96847e+03	8.39000e-01
7.29030e+03	8.07040e-01
7.62699e+03	7.76250e-01
7.97923e+03	7.46591e-01
8.34773e+03	7.18024e-01
8.73326e+03	6.90511e-01
9.13659e+03	6.64017e-01
9.55855e+03	6.38505e-01
1.00000e+04	6.13942e-01
1.04618e+04	5.90293e-01
1.09450e+04	5.67528e-01
1.14505e+04	5.45614e-01
1.19793e+04	5.24521e-01
1.25325e+04	5.04221e-01
1.31113e+04	4.84684e-01
1.37169e+04	4.65884e-01
1.43504e+04	4.47794e-01
1.50131e+04	4.30388e-01
1.57065e+04	4.13642e-01
1.64318e+04	3.97531e-01
1.71907e+04	3.82033e-01
1.79847e+04	3.67125e-01
1.88152e+04	3.52785e-01
1.96842e+04	3.38993e-01
2.05933e+04	3.25728e-01
2.15443e+04	3.12971e-01
2.25393e+04	3.00703e-01
2.35803e+04	2.88907e-01
2.46693e+04	2.77563e-01
2.58086e+04	2.66657e-01
2.70005e+04	2.56170e-01
2.82475e+04	2.46088e-01
2.95521e+04	2.36396e-01
3.09169e+04	2.27079e-01
3.23448e+04	2.18122e-01
3.38386e+04	2.09512e-01
3.54013e+04	2.01237e-01
3.70363e+04	1.93282e-01
3.87468e+04	1.85637e-01
4.05362e+04	1.78289e-01
4.24083e+04	1.71228e-01
4.43669e+04	1.64442e-01
4.64159e+04	1.57921e-01
4.85595e+04	1.51654e-01
5.08022e+04	1.45633e-01
5.31484e+04	1.39847e-01
5.56030e+04	1.34287e-01
5.81709e+04	1.28946e-01
6.08574e+04	1.23814e-01
6.36681e+04	1.18883e-01
6.66085e+04	1.14146e-01
6.96847e+04	1.09596e-01
7.29029e+04	1.05224e-01
7.62699e+04	1.01025e-01
7.97923e+04	9.69907e-02
8.34773e+04	9.31158e-02
8.73326e+04	8.93937e-02
9.13659e+04	8.58187e-02
9.55855e+04	8.23849e-02
1.00000e+05	7.90869e-02
1.04618e+05	7.59194e-02
1.09450e+05	7.28773e-02
1.14505e+05	6.99557e-02
1.19793e+05	6.71499e-02
1.25325e+05	6.44554e-02
1.31113e+05	6.18679e-02
1.37169e+05	5.93831e-02
1.43504e+05	5.69970e-02
1.50131e+05	5.47058e-02
1.57065e+05	5.25058e-02
1.64318e+05	5.03933e-02
1.71907e+05	4.83650e-02
1.79846e+05	4.64175e-02
1.88152e+05	4.45476e-02
1.96842e+05	4.27523e-02
2.05933e+05	4.10287e-02
2.15444e+05	3.93739e-02
2.25393e+05	3.77852e-02
2.35803e+05	3.62600e-02
2.46693e+05	3.47958e-02
2.58086e+05	3.33902e-02
2.70006e+05	3.20409e-02
2.82475e+05	3.07455e-02
2.95521e+05	2.95022e-02
3.09169e+05	2.83086e-02
3.23448e+05	2.71629e-02
3.38386e+05	2.60632e-02
3.54013e+05	2.50076e-02
3.70363e+05	2.39944e-02
3.87468e+05	2.30220e-02
4.05362e+05	2.20886e-02
4.24083e+05	2.11927e-02
4.43669e+05	2.03329e-02
4.64159e+05	1.95077e-02
4.85595e+05	1.87157e-02
5.08022e+05	1.79556e-02
5.31484e+05	1.72262e-02
5.56030e+05	1.65261e-02
5.81709e+05	1.58543e-02
6.08574e+05	1.52096e-02
6.36680e+05	1.45909e-02
6.66085e+05	1.39972e-02
6.96847e+05	1.34275e-02
7.29030e+05	1.28807e-02
7.62699e+05	1.23561e-02
7.97923e+05	1.18527e-02
8.34773e+05	1.13697e-02
8.73326e+05	1.09062e-02
9.13659e+05	1.04615e-02
9.55855e+05	1.00348e-02
1.00000e+06	9.62532e-03
