# HCOOC2H5 cross section
256
1.00000e+01	0.00000e+00
1.04600e+01	0.00000e+00
1.09400e+01	0.00000e+00
1.14500e+01	7.87400e-02
1.19800e+01	2.95900e-01
1.25300e+01	5.82600e-01
1.31100e+01	9.12800e-01
1.37200e+01	1.43300e+00
1.43500e+01	2.06600e+00
1.50100e+01	2.91100e+00
1.57100e+01	3.91100e+00
1.64300e+01	4.97100e+00
1.71900e+01	6.09600e+00
1.79800e+01	7.36600e+00
1.88200e+01	8.69900e+00
1.96800e+01	1.00900e+01
2.05900e+01	1.15300e+01
2.15400e+01	1.29900e+01
2.25400e+01	1.44500e+01
2.35800e+01	1.59500e+01
2.46700e+01	1.74300e+01
2.58100e+01	1.88800e+01
2.70000e+01	2.02900e+01
2.82500e+01	2.16700e+01
2.95500e+01	2.30300e+01
3.09200e+01	2.43500e+01
3.23400e+01	2.56200e+01
3.38400e+01	2.68400e+01
3.54000e+01	2.80000e+01
3.70400e+01	2.91100e+01
3.87500e+01	3.01600e+01
4.05400e+01	3.11600e+01
4.24100e+01	3.21100e+01
4.43700e+01	3.30000e+01
4.64200e+01	3.38200e+01
4.85600e+01	3.45800e+01
5.08000e+01	3.52800e+01
5.31500e+01	3.59100e+01
5.56000e+01	3.64700e+01
5.81700e+01	3.69700e+01
6.08600e+01	3.74000e+01
6.36700e+01	3.77700e+01
6.66100e+01	3.80800e+01
6.96800e+01	3.83300e+01
7.29000e+01	3.85200e+01
7.62700e+01	3.86500e+01
7.97900e+01	3.87200e+01
8.34800e+01	3.87400e+01
8.73300e+01	3.87100e+01
9.13700e+01	3.86200e+01
9.55900e+01	3.84900e+01
1.00000e+02	3.83200e+01
1.04600e+02	3.81000e+01
1.09400e+02	3.78300e+01
1.14500e+02	3.75300e+01
1.19800e+02	3.72000e+01
1.25300e+02	3.68200e+01
1.31100e+02	3.64200e+01
1.37200e+02	3.59900e+01
1.43500e+02	3.55300e+01
1.50100e+02	3.50400e+01
1.57100e+02	3.45300e+01
1.64300e+02	3.40000e+01
1.71900e+02	3.34500e+01
1.79800e+02	3.28800e+01
1.88200e+02	3.23000e+01
1.96800e+02	3.17100e+01
2.05900e+02	3.11000e+01
2.15400e+02	3.04800e+01
2.25400e+02	2.98600e+01
2.35800e+02	2.92300e+01
2.46700e+02	2.86000e+01
2.58100e+02	2.79600e+01
2.70000e+02	2.73200e+01
2.82500e+02	2.66800e+01
2.95500e+02	2.60400e+01
3.09200e+02	2.54000e+01
3.23400e+02	2.47700e+01
3.38400e+02	2.41400e+01
3.54000e+02	2.35200e+01
3.70400e+02	2.29000e+01
3.87500e+02	2.22800e+01
4.05400e+02	2.16800e+01
4.24100e+02	2.10800e+01
4.43700e+02	2.04900e+01
4.64200e+02	1.99100e+01
4.85600e+02	1.93300e+01
5.08000e+02	1.87700e+01
5.31500e+02	1.82200e+01
5.56000e+02	1.76800e+01
5.81700e+02	1.71400e+01
6.08600e+02	1.66200e+01
6.36700e+02	1.61100e+01
6.66100e+02	1.56100e+01
6.96800e+02	1.51200e+01
7.29000e+02	1.46500e+01
7.62700e+02	1.41800e+01
7.97900e+02	1.37200e+01
8.34800e+02	1.32800e+01
8.73300e+02	1.28500e+01
9.13700e+02	1.24300e+01
9.55900e+02	1.20200e+01
1.00000e+03	1.16200e+01
1.04600e+03	1.12300e+01
1.09400e+03	1.08500e+01
1.14500e+03	1.04900e+01
1.19800e+03	1.01300e+01
1.25300e+03	9.78300e+00
1.31100e+03	9.44700e+00
1.37200e+03	9.12000e+00
1.43500e+03	8.80400e+00
1.50100e+03	8.49700e+00
1.57100e+03	8.20000e+00
1.64300e+03	7.91200e+00
1.71900e+03	7.63200e+00
1.79800e+03	7.36200e+00
1.88200e+03	7.10000e+00
1.96800e+03	6.84700e+00
2.05900e+03	6.60100e+00
2.15400e+03	6.36400e+00
2.25400e+03	6.13500e+00
2.35800e+03	5.91300e+00
2.46700e+03	5.69800e+00
2.58100e+03	5.49100e+00
2.70000e+03	5.29000e+00
2.82500e+03	5.09700e+00
2.95500e+03	4.91000e+00
3.09200e+03	4.72900e+00
3.23400e+03	4.55500e+00
3.38400e+03	4.38600e+00
3.54000e+03	4.22400e+00
3.70400e+03	4.06700e+00
3.87500e+03	3.91500e+00
4.05400e+03	3.76900e+00
4.24100e+03	3.62800e+00
4.43700e+03	3.49200e+00
4.64200e+03	3.36100e+00
4.85600e+03	3.23500e+00
5.08000e+03	3.11300e+00
5.31500e+03	2.99500e+00
5.56000e+03	2.88200e+00
5.81700e+03	2.77300e+00
6.08600e+03	2.66800e+00
6.36700e+03	2.56600e+00
6.66100e+03	2.46900e+00
6.96800e+03	2.37400e+00
7.29000e+03	2.28400e+00
7.62700e+03	2.19700e+00
7.97900e+03	2.11200e+00
8.34800e+03	2.03100e+00
8.73300e+03	1.95300e+00
9.13700e+03	1.87800e+00
9.55900e+03	1.80600e+00
1.00000e+04	1.73600e+00
1.04600e+04	1.66900e+00
1.09400e+04	1.60500e+00
1.14500e+04	1.54300e+00
1.19800e+04	1.48300e+00
1.25300e+04	1.42600e+00
1.31100e+04	1.37000e+00
1.37200e+04	1.31700e+00
1.43500e+04	1.26600e+00
1.50100e+04	1.21700e+00
1.57100e+04	1.16900e+00
1.64300e+04	1.12400e+00
1.71900e+04	1.08000e+00
1.79800e+04	1.03800e+00
1.88200e+04	9.97100e-01
1.96800e+04	9.58000e-01
2.05900e+04	9.20500e-01
2.15400e+04	8.84400e-01
2.25400e+04	8.49700e-01
2.35800e+04	8.16400e-01
2.46700e+04	7.84300e-01
2.58100e+04	7.53400e-01
2.70000e+04	7.23800e-01
2.82500e+04	6.95300e-01
2.95500e+04	6.67900e-01
3.09200e+04	6.41500e-01
3.23400e+04	6.16200e-01
3.38400e+04	5.91900e-01
3.54000e+04	5.68500e-01
3.70400e+04	5.46000e-01
3.87500e+04	5.24400e-01
4.05400e+04	5.03600e-01
4.24100e+04	4.83700e-01
4.43700e+04	4.64500e-01
4.64200e+04	4.46100e-01
4.85600e+04	4.28300e-01
5.08000e+04	4.11300e-01
5.31500e+04	3.95000e-01
5.56000e+04	3.79300e-01
5.81700e+04	3.64200e-01
6.08600e+04	3.49700e-01
6.36700e+04	3.35700e-01
6.66100e+04	3.22400e-01
6.96800e+04	3.09500e-01
7.29000e+04	2.97200e-01
7.62700e+04	2.85300e-01
7.97900e+04	2.73900e-01
8.34800e+04	2.62900e-01
8.73300e+04	2.52400e-01
9.13700e+04	2.42300e-01
9.55900e+04	2.32600e-01
1.00000e+05	2.23300e-01
1.04600e+05	2.14400e-01
1.09400e+05	2.05800e-01
1.14500e+05	1.97500e-01
1.19800e+05	1.89600e-01
1.25300e+05	1.82000e-01
1.31100e+05	1.74700e-01
1.37200e+05	1.67700e-01
1.43500e+05	1.60900e-01
1.50100e+05	1.54500e-01
1.57100e+05	1.48200e-01
1.64300e+05	1.42300e-01
1.71900e+05	1.36500e-01
1.79800e+05	1.31000e-01
1.88200e+05	1.25800e-01
1.96800e+05	1.20700e-01
2.05900e+05	1.15800e-01
2.15400e+05	1.11200e-01
2.25400e+05	1.06700e-01
2.35800e+05	1.02400e-01
2.46700e+05	9.82300e-02
2.58100e+05	9.42600e-02
2.70000e+05	9.04500e-02
2.82500e+05	8.67900e-02
2.95500e+05	8.32800e-02
3.09200e+05	7.99100e-02
3.23400e+05	7.66800e-02
3.38400e+05	7.35700e-02
3.54000e+05	7.05900e-02
3.70400e+05	6.77300e-02
3.87500e+05	6.49800e-02
4.05400e+05	6.23500e-02
4.24100e+05	5.98200e-02
4.43700e+05	5.73900e-02
4.64200e+05	5.50600e-02
4.85600e+05	5.28300e-02
5.08000e+05	5.06800e-02
5.31500e+05	4.86200e-02
5.56000e+05	4.66500e-02
5.81700e+05	4.47500e-02
6.08600e+05	4.29300e-02
6.36700e+05	4.11800e-02
6.66100e+05	3.95100e-02
6.96800e+05	3.79000e-02
7.29000e+05	3.63500e-02
7.62700e+05	3.48700e-02
7.97900e+05	3.34500e-02
8.34800e+05	3.20900e-02
8.73300e+05	3.07800e-02
9.13700e+05	2.95300e-02
9.55900e+05	2.83200e-02
1.00000e+06	2.71700e-02
