# HNC cross section
256
1.00000e+01	0.00000e+00
1.04618e+01	0.00000e+00
1.09450e+01	0.00000e+00
1.14505e+01	0.00000e+00
1.19793e+01	0.00000e+00
1.25325e+01	6.64770e-02
1.31113e+01	2.13145e-01
1.37169e+01	3.71134e-01
1.43504e+01	6.28835e-01
1.50131e+01	1.04490e+00
1.57065e+01	1.48439e+00
1.64318e+01	1.94127e+00
1.71907e+01	2.41024e+00
1.79846e+01	2.88667e+00
1.88152e+01	3.36651e+00
1.96842e+01	3.84623e+00
2.05933e+01	4.32274e+00
2.15444e+01	4.79335e+00
2.25393e+01	5.25572e+00
2.35803e+01	5.70783e+00
2.46693e+01	6.18455e+00
2.58086e+01	6.66397e+00
2.70006e+01	7.13198e+00
2.82475e+01	7.58656e+00
2.95521e+01	8.02599e+00
3.09169e+01	8.44880e+00
3.23448e+01	8.85375e+00
3.38385e+01	9.23980e+00
3.54013e+01	9.62131e+00
3.70363e+01	9.99346e+00
3.87467e+01	1.03464e+01
4.05362e+01	1.06791e+01
4.24083e+01	1.09911e+01
4.43669e+01	1.12817e+01
4.64159e+01	1.15506e+01
4.85595e+01	1.17976e+01
5.08022e+01	1.20224e+01
5.31484e+01	1.22252e+01
5.56030e+01	1.24059e+01
5.81709e+01	1.25648e+01
6.08575e+01	1.27020e+01
6.36681e+01	1.28181e+01
6.66085e+01	1.29133e+01
6.96847e+01	1.29881e+01
7.29030e+01	1.30431e+01
7.62699e+01	1.30787e+01
7.97923e+01	1.30957e+01
8.34773e+01	1.30947e+01
8.73326e+01	1.30763e+01
9.13659e+01	1.30412e+01
9.55855e+01	1.29902e+01
1.00000e+02	1.29240e+01
1.04618e+02	1.28435e+01
1.09450e+02	1.27492e+01
1.14505e+02	1.26422e+01
1.19793e+02	1.25230e+01
1.25325e+02	1.23925e+01
1.31113e+02	1.22515e+01
1.37169e+02	1.21008e+01
1.43504e+02	1.19411e+01
1.50131e+02	1.17731e+01
1.57065e+02	1.15976e+01
1.64318e+02	1.14153e+01
1.71907e+02	1.12269e+01
1.79846e+02	1.10331e+01
1.88152e+02	1.08345e+01
1.96842e+02	1.06317e+01
2.05933e+02	1.04254e+01
2.15444e+02	1.02162e+01
2.25393e+02	1.00046e+01
2.35803e+02	9.79103e+00
2.46693e+02	9.57614e+00
2.58086e+02	9.36036e+00
2.70005e+02	9.14414e+00
2.82475e+02	8.92790e+00
2.95521e+02	8.71203e+00
3.09169e+02	8.49695e+00
3.23448e+02	8.28327e+00
3.38385e+02	8.07103e+00
3.54013e+02	7.86052e+00
3.70363e+02	7.65200e+00
3.87467e+02	7.44572e+00
4.05362e+02	7.24190e+00
4.24083e+02	7.04075e+00
4.43669e+02	6.84261e+00
4.64159e+02	6.64751e+00
4.85595e+02	6.45557e+00
5.08022e+02	6.26692e+00
5.31484e+02	6.08167e+00
5.56030e+02	5.89991e+00
5.81709e+02	5.72173e+00
6.08574e+02	5.54718e+00
6.36681e+02	5.37632e+00
6.66085e+02	5.20919e+00
6.96847e+02	5.04582e+00
7.29029e+02	4.88624e+00
7.62699e+02	4.73044e+00
7.97923e+02	4.57843e+00
8.34773e+02	4.43021e+00
8.73326e+02	4.28576e+00
9.13659e+02	4.14505e+00
9.55855e+02	4.00807e+00
1.00000e+03	3.87476e+00
1.04618e+03	3.74511e+00
1.09450e+03	3.61906e+00
1.14505e+03	3.49656e+00
1.19793e+03	3.37757e+00
1.25325e+03	3.26202e+00
1.31113e+03	3.14987e+00
1.37169e+03	3.04105e+00
1.43504e+03	2.93550e+00
1.50131e+03	2.83316e+00
1.57065e+03	2.73395e+00
1.64318e+03	2.63782e+00
1.71907e+03	2.54470e+00
1.79846e+03	2.45452e+00
1.88152e+03	2.36720e+00
1.96842e+03	2.28269e+00
2.05933e+03	2.20091e+00
2.15443e+03	2.12180e+00
2.25393e+03	2.04528e+00
2.35803e+03	1.97128e+00
2.46693e+03	1.89975e+00
2.58086e+03	1.83061e+00
2.70005e+03	1.76379e+00
2.82475e+03	1.69924e+00
2.95521e+03	1.63688e+00
3.09169e+03	1.57666e+00
3.23448e+03	1.51851e+00
3.38386e+03	1.46236e+00
3.54013e+03	1.40817e+00
3.70363e+03	1.35586e+00
3.87468e+03	1.30539e+00
4.05362e+03	1.25669e+00
4.24083e+03	1.20971e+00
4.43669e+03	1.16439e+00
4.64159e+03	1.12069e+00
4.85595e+03	1.07855e+00
5.08022e+03	1.03791e+00
5.31484e+03	9.98740e-01
5.56030e+03	9.60980e-01
5.81709e+03	9.24586e-01
6.08574e+03	8.89512e-01
6.36681e+03	8.55715e-01
6.66085e+03	8.23151e-01
6.96847e+03	7.91779e-01
7.29030e+03	7.61557e-01
7.62699e+03	7.32447e-01
7.97923e+03	7.04411e-01
8.34773e+03	6.77411e-01
8.73326e+03	6.51411e-01
9.13659e+03	6.26376e-01
9.55855e+03	6.02273e-01
1.00000e+04	5.79069e-01
1.04618e+04	5.56732e-01
1.09450e+04	5.35232e-01
1.14505e+04	5.14538e-01
1.19793e+04	4.94621e-01
1.25325e+04	4.75455e-01
1.31113e+04	4.57012e-01
1.37169e+04	4.39265e-01
1.43504e+04	4.22191e-01
1.50131e+04	4.05763e-01
1.57065e+04	3.89959e-01
1.64318e+04	3.74756e-01
1.71907e+04	3.60133e-01
1.79847e+04	3.46067e-01
1.88152e+04	3.32538e-01
1.96842e+04	3.19527e-01
2.05933e+04	3.07014e-01
2.15443e+04	2.94981e-01
2.25393e+04	2.83410e-01
2.35803e+04	2.72284e-01
2.46693e+04	2.61586e-01
2.58086e+04	2.51300e-01
2.70005e+04	2.41412e-01
2.82475e+04	2.31905e-01
2.95521e+04	2.22766e-01
3.09169e+04	2.13980e-01
3.23448e+04	2.05536e-01
3.38386e+04	1.97418e-01
3.54013e+04	1.89617e-01
3.70363e+04	1.82118e-01
3.87468e+04	1.74911e-01
4.05362e+04	1.67985e-01
4.24083e+04	1.61329e-01
4.43669e+04	1.54932e-01
4.64159e+04	1.48785e-01
4.85595e+04	1.42879e-01
5.08022e+04	1.37204e-01
5.31484e+04	1.31750e-01
5.56030e+04	1.26511e-01
5.81709e+04	1.21477e-01
6.08574e+04	1.16641e-01
6.36681e+04	1.11994e-01
6.66085e+04	1.07530e-01
6.96847e+04	1.03242e-01
7.29029e+04	9.91228e-02
7.62699e+04	9.51657e-02
7.97923e+04	9.13646e-02
8.34773e+04	8.77134e-02
8.73326e+04	8.42064e-02
9.13659e+04	8.08380e-02
9.55855e+04	7.76026e-02
1.00000e+05	7.44953e-02
1.04618e+05	7.15110e-02
1.09450e+05	6.86448e-02
1.14505e+05	6.58923e-02
1.19793e+05	6.32489e-02
1.25325e+05	6.07104e-02
1.31113e+05	5.82727e-02
1.37169e+05	5.59318e-02
1.43504e+05	5.36839e-02
1.50131e+05	5.15255e-02
1.57065e+05	4.94530e-02
1.64318e+05	4.74629e-02
1.71907e+05	4.55522e-02
1.79846e+05	4.37176e-02
1.88152e+05	4.19562e-02
1.96842e+05	4.02651e-02
2.05933e+05	3.86414e-02
2.15444e+05	3.70827e-02
2.25393e+05	3.55862e-02
2.35803e+05	3.41495e-02
2.46693e+05	3.27703e-02
2.58086e+05	3.14463e-02
2.70006e+05	3.01754e-02
2.82475e+05	2.89553e-02
2.95521e+05	2.77842e-02
3.09169e+05	2.66599e-02
3.23448e+05	2.55808e-02
3.38386e+05	2.45450e-02
3.54013e+05	2.35508e-02
3.70363e+05	2.25965e-02
3.87468e+05	2.16806e-02
4.05362e+05	2.08015e-02
4.24083e+05	1.99577e-02
4.43669e+05	1.91479e-02
4.64159e+05	1.83707e-02
4.85595e+05	1.76248e-02
5.08022e+05	1.69089e-02
5.31484e+05	1.62219e-02
5.56030e+05	1.55626e-02
5.81709e+05	1.49299e-02
6.08574e+05	1.43227e-02
6.36680e+05	1.37400e-02
6.66085e+05	1.31809e-02
6.96847e+05	1.26443e-02
7.29030e+05	1.21294e-02
7.62699e+05	1.16354e-02
7.97923e+05	1.11613e-02
8.34773e+05	1.07064e-02
8.73326e+05	1.02699e-02
9.13659e+05	9.85107e-03
9.55855e+05	9.44921e-03
1.00000e+06	9.06363e-03
