# HNCHCN cross section
256
1.00000e+01	0.00000e+00
1.04600e+01	0.00000e+00
1.09400e+01	0.00000e+00
1.14500e+01	0.00000e+00
1.19800e+01	2.32900e-02
1.25300e+01	1.69100e-01
1.31100e+01	3.95600e-01
1.37200e+01	7.39100e-01
1.43500e+01	1.26600e+00
1.50100e+01	1.85800e+00
1.57100e+01	2.59100e+00
1.64300e+01	3.35300e+00
1.71900e+01	4.13400e+00
1.79800e+01	4.94800e+00
1.88200e+01	5.82800e+00
1.96800e+01	6.77500e+00
2.05900e+01	7.75000e+00
2.15400e+01	8.72400e+00
2.25400e+01	9.69100e+00
2.35800e+01	1.06600e+01
2.46700e+01	1.16500e+01
2.58100e+01	1.26300e+01
2.70000e+01	1.35800e+01
2.82500e+01	1.45000e+01
2.95500e+01	1.54000e+01
3.09200e+01	1.62600e+01
3.23400e+01	1.70800e+01
3.38400e+01	1.78700e+01
3.54000e+01	1.86400e+01
3.70400e+01	1.94000e+01
3.87500e+01	2.01200e+01
4.05400e+01	2.08000e+01
4.24100e+01	2.14400e+01
4.43700e+01	2.20400e+01
4.64200e+01	2.25900e+01
4.85600e+01	2.30900e+01
5.08000e+01	2.35600e+01
5.31500e+01	2.39700e+01
5.56000e+01	2.43500e+01
5.81700e+01	2.46800e+01
6.08600e+01	2.49600e+01
6.36700e+01	2.52100e+01
6.66100e+01	2.54100e+01
6.96800e+01	2.55700e+01
7.29000e+01	2.56900e+01
7.62700e+01	2.57700e+01
7.97900e+01	2.58100e+01
8.34800e+01	2.58200e+01
8.73300e+01	2.57900e+01
9.13700e+01	2.57300e+01
9.55900e+01	2.56400e+01
1.00000e+02	2.55200e+01
1.04600e+02	2.53600e+01
1.09400e+02	2.51800e+01
1.14500e+02	2.49800e+01
1.19800e+02	2.47500e+01
1.25300e+02	2.44900e+01
1.31100e+02	2.42200e+01
1.37200e+02	2.39200e+01
1.43500e+02	2.36100e+01
1.50100e+02	2.32800e+01
1.57100e+02	2.29400e+01
1.64300e+02	2.25800e+01
1.71900e+02	2.22100e+01
1.79800e+02	2.18300e+01
1.88200e+02	2.14400e+01
1.96800e+02	2.10400e+01
2.05900e+02	2.06300e+01
2.15400e+02	2.02200e+01
2.25400e+02	1.98000e+01
2.35800e+02	1.93800e+01
2.46700e+02	1.89600e+01
2.58100e+02	1.85300e+01
2.70000e+02	1.81000e+01
2.82500e+02	1.76800e+01
2.95500e+02	1.72500e+01
3.09200e+02	1.68300e+01
3.23400e+02	1.64000e+01
3.38400e+02	1.59800e+01
3.54000e+02	1.55700e+01
3.70400e+02	1.51500e+01
3.87500e+02	1.47500e+01
4.05400e+02	1.43400e+01
4.24100e+02	1.39400e+01
4.43700e+02	1.35500e+01
4.64200e+02	1.31700e+01
4.85600e+02	1.27900e+01
5.08000e+02	1.24100e+01
5.31500e+02	1.20500e+01
5.56000e+02	1.16900e+01
5.81700e+02	1.13300e+01
6.08600e+02	1.09900e+01
6.36700e+02	1.06500e+01
6.66100e+02	1.03200e+01
6.96800e+02	9.99600e+00
7.29000e+02	9.68000e+00
7.62700e+02	9.37100e+00
7.97900e+02	9.07000e+00
8.34800e+02	8.77700e+00
8.73300e+02	8.49100e+00
9.13700e+02	8.21200e+00
9.55900e+02	7.94100e+00
1.00000e+03	7.67700e+00
1.04600e+03	7.42000e+00
1.09400e+03	7.17000e+00
1.14500e+03	6.92800e+00
1.19800e+03	6.69200e+00
1.25300e+03	6.46300e+00
1.31100e+03	6.24100e+00
1.37200e+03	6.02500e+00
1.43500e+03	5.81600e+00
1.50100e+03	5.61400e+00
1.57100e+03	5.41700e+00
1.64300e+03	5.22700e+00
1.71900e+03	5.04200e+00
1.79800e+03	4.86300e+00
1.88200e+03	4.69100e+00
1.96800e+03	4.52300e+00
2.05900e+03	4.36100e+00
2.15400e+03	4.20400e+00
2.25400e+03	4.05300e+00
2.35800e+03	3.90600e+00
2.46700e+03	3.76400e+00
2.58100e+03	3.62800e+00
2.70000e+03	3.49500e+00
2.82500e+03	3.36700e+00
2.95500e+03	3.24400e+00
3.09200e+03	3.12400e+00
3.23400e+03	3.00900e+00
3.38400e+03	2.89800e+00
3.54000e+03	2.79100e+00
3.70400e+03	2.68700e+00
3.87500e+03	2.58700e+00
4.05400e+03	2.49000e+00
4.24100e+03	2.39700e+00
4.43700e+03	2.30800e+00
4.64200e+03	2.22100e+00
4.85600e+03	2.13800e+00
5.08000e+03	2.05700e+00
5.31500e+03	1.97900e+00
5.56000e+03	1.90500e+00
5.81700e+03	1.83200e+00
6.08600e+03	1.76300e+00
6.36700e+03	1.69600e+00
6.66100e+03	1.63100e+00
6.96800e+03	1.56900e+00
7.29000e+03	1.50900e+00
7.62700e+03	1.45200e+00
7.97900e+03	1.39600e+00
8.34800e+03	1.34300e+00
8.73300e+03	1.29100e+00
9.13700e+03	1.24200e+00
9.55900e+03	1.19400e+00
1.00000e+04	1.14800e+00
1.04600e+04	1.10400e+00
1.09400e+04	1.06100e+00
1.14500e+04	1.02000e+00
1.19800e+04	9.80400e-01
1.25300e+04	9.42400e-01
1.31100e+04	9.05900e-01
1.37200e+04	8.70700e-01
1.43500e+04	8.36900e-01
1.50100e+04	8.04300e-01
1.57100e+04	7.73000e-01
1.64300e+04	7.42900e-01
1.71900e+04	7.13900e-01
1.79800e+04	6.86000e-01
1.88200e+04	6.59200e-01
1.96800e+04	6.33400e-01
2.05900e+04	6.08600e-01
2.15400e+04	5.84800e-01
2.25400e+04	5.61800e-01
2.35800e+04	5.39800e-01
2.46700e+04	5.18600e-01
2.58100e+04	4.98200e-01
2.70000e+04	4.78600e-01
2.82500e+04	4.59700e-01
2.95500e+04	4.41600e-01
3.09200e+04	4.24200e-01
3.23400e+04	4.07500e-01
3.38400e+04	3.91400e-01
3.54000e+04	3.75900e-01
3.70400e+04	3.61100e-01
3.87500e+04	3.46800e-01
4.05400e+04	3.33000e-01
4.24100e+04	3.19800e-01
4.43700e+04	3.07200e-01
4.64200e+04	2.95000e-01
4.85600e+04	2.83300e-01
5.08000e+04	2.72000e-01
5.31500e+04	2.61200e-01
5.56000e+04	2.50800e-01
5.81700e+04	2.40800e-01
6.08600e+04	2.31300e-01
6.36700e+04	2.22000e-01
6.66100e+04	2.13200e-01
6.96800e+04	2.04700e-01
7.29000e+04	1.96500e-01
7.62700e+04	1.88700e-01
7.97900e+04	1.81100e-01
8.34800e+04	1.73900e-01
8.73300e+04	1.67000e-01
9.13700e+04	1.60300e-01
9.55900e+04	1.53900e-01
1.00000e+05	1.47700e-01
1.04600e+05	1.41800e-01
1.09400e+05	1.36100e-01
1.14500e+05	1.30700e-01
1.19800e+05	1.25400e-01
1.25300e+05	1.20400e-01
1.31100e+05	1.15500e-01
1.37200e+05	1.10900e-01
1.43500e+05	1.06400e-01
1.50100e+05	1.02200e-01
1.57100e+05	9.80600e-02
1.64300e+05	9.41100e-02
1.71900e+05	9.03200e-02
1.79800e+05	8.66900e-02
1.88200e+05	8.32000e-02
1.96800e+05	7.98400e-02
2.05900e+05	7.66200e-02
2.15400e+05	7.35300e-02
2.25400e+05	7.05700e-02
2.35800e+05	6.77200e-02
2.46700e+05	6.49800e-02
2.58100e+05	6.23600e-02
2.70000e+05	5.98400e-02
2.82500e+05	5.74200e-02
2.95500e+05	5.51000e-02
3.09200e+05	5.28700e-02
3.23400e+05	5.07300e-02
3.38400e+05	4.86700e-02
3.54000e+05	4.67000e-02
3.70400e+05	4.48100e-02
3.87500e+05	4.29900e-02
4.05400e+05	4.12500e-02
4.24100e+05	3.95800e-02
4.43700e+05	3.79700e-02
4.64200e+05	3.64300e-02
4.85600e+05	3.49500e-02
5.08000e+05	3.35300e-02
5.31500e+05	3.21700e-02
5.56000e+05	3.08600e-02
5.81700e+05	2.96100e-02
6.08600e+05	2.84000e-02
6.36700e+05	2.72500e-02
6.66100e+05	2.61400e-02
6.96800e+05	2.50800e-02
7.29000e+05	2.40500e-02
7.62700e+05	2.30700e-02
7.97900e+05	2.21300e-02
8.34800e+05	2.12300e-02
8.73300e+05	2.03700e-02
9.13700e+05	1.95400e-02
9.55900e+05	1.87400e-02
1.00000e+06	1.79800e-02
