# HPO cross section
256
1.00000e+01	0.00000e+00
1.04618e+01	1.38050e-02
1.09450e+01	1.74973e-01
1.14505e+01	3.50830e-01
1.19793e+01	5.38425e-01
1.25325e+01	7.35163e-01
1.31113e+01	9.38764e-01
1.37169e+01	1.28045e+00
1.43504e+01	1.71322e+00
1.50131e+01	2.19151e+00
1.57065e+01	2.74921e+00
1.64318e+01	3.32356e+00
1.71907e+01	3.90906e+00
1.79846e+01	4.50088e+00
1.88152e+01	5.09481e+00
1.96842e+01	5.68712e+00
2.05933e+01	6.27457e+00
2.15444e+01	6.86150e+00
2.25393e+01	7.48532e+00
2.35803e+01	8.10128e+00
2.46693e+01	8.70642e+00
2.58086e+01	9.29819e+00
2.70006e+01	9.87435e+00
2.82475e+01	1.04330e+01
2.95521e+01	1.09723e+01
3.09169e+01	1.14910e+01
3.23448e+01	1.19878e+01
3.38385e+01	1.24617e+01
3.54013e+01	1.29116e+01
3.70363e+01	1.33470e+01
3.87467e+01	1.37687e+01
4.05362e+01	1.41663e+01
4.24083e+01	1.45392e+01
4.43669e+01	1.48867e+01
4.64159e+01	1.52085e+01
4.85595e+01	1.55043e+01
5.08022e+01	1.57739e+01
5.31484e+01	1.60173e+01
5.56030e+01	1.62344e+01
5.81709e+01	1.64257e+01
6.08575e+01	1.65911e+01
6.36681e+01	1.67311e+01
6.66085e+01	1.68461e+01
6.96847e+01	1.69365e+01
7.29030e+01	1.70029e+01
7.62699e+01	1.70459e+01
7.97923e+01	1.70661e+01
8.34773e+01	1.70642e+01
8.73326e+01	1.70410e+01
9.13659e+01	1.69973e+01
9.55855e+01	1.69338e+01
1.00000e+02	1.68515e+01
1.04618e+02	1.67511e+01
1.09450e+02	1.66336e+01
1.14505e+02	1.64998e+01
1.19793e+02	1.63507e+01
1.25325e+02	1.61872e+01
1.31113e+02	1.60101e+01
1.37169e+02	1.58205e+01
1.43504e+02	1.56192e+01
1.50131e+02	1.54078e+01
1.57065e+02	1.51891e+01
1.64318e+02	1.49616e+01
1.71907e+02	1.47262e+01
1.79846e+02	1.44837e+01
1.88152e+02	1.42347e+01
1.96842e+02	1.39801e+01
2.05933e+02	1.37205e+01
2.15444e+02	1.34574e+01
2.25393e+02	1.31908e+01
2.35803e+02	1.29214e+01
2.46693e+02	1.26498e+01
2.58086e+02	1.23765e+01
2.70005e+02	1.21022e+01
2.82475e+02	1.18274e+01
2.95521e+02	1.15525e+01
3.09169e+02	1.12781e+01
3.23448e+02	1.10046e+01
3.38385e+02	1.07325e+01
3.54013e+02	1.04620e+01
3.70363e+02	1.01936e+01
3.87467e+02	9.92767e+00
4.05362e+02	9.66443e+00
4.24083e+02	9.40419e+00
4.43669e+02	9.14721e+00
4.64159e+02	8.89373e+00
4.85595e+02	8.64394e+00
5.08022e+02	8.39804e+00
5.31484e+02	8.15620e+00
5.56030e+02	7.91855e+00
5.81709e+02	7.68532e+00
6.08574e+02	7.45654e+00
6.36681e+02	7.23229e+00
6.66085e+02	7.01264e+00
6.96847e+02	6.79764e+00
7.29029e+02	6.58735e+00
7.62699e+02	6.38179e+00
7.97923e+02	6.18098e+00
8.34773e+02	5.98493e+00
8.73326e+02	5.79364e+00
9.13659e+02	5.60708e+00
9.55855e+02	5.42524e+00
1.00000e+03	5.24809e+00
1.04618e+03	5.07560e+00
1.09450e+03	4.90771e+00
1.14505e+03	4.74438e+00
1.19793e+03	4.58556e+00
1.25325e+03	4.43118e+00
1.31113e+03	4.28118e+00
1.37169e+03	4.13548e+00
1.43504e+03	3.99403e+00
1.50131e+03	3.85675e+00
1.57065e+03	3.72355e+00
1.64318e+03	3.59436e+00
1.71907e+03	3.46910e+00
1.79846e+03	3.34769e+00
1.88152e+03	3.23005e+00
1.96842e+03	3.11608e+00
2.05933e+03	3.00571e+00
2.15443e+03	2.89885e+00
2.25393e+03	2.79542e+00
2.35803e+03	2.69533e+00
2.46693e+03	2.59850e+00
2.58086e+03	2.50485e+00
2.70005e+03	2.41428e+00
2.82475e+03	2.32672e+00
2.95521e+03	2.24209e+00
3.09169e+03	2.16030e+00
3.23448e+03	2.08127e+00
3.38386e+03	2.00493e+00
3.54013e+03	1.93119e+00
3.70363e+03	1.85999e+00
3.87468e+03	1.79124e+00
4.05362e+03	1.72487e+00
4.24083e+03	1.66082e+00
4.43669e+03	1.59901e+00
4.64159e+03	1.53936e+00
4.85595e+03	1.48182e+00
5.08022e+03	1.42631e+00
5.31484e+03	1.37278e+00
5.56030e+03	1.32116e+00
5.81709e+03	1.27138e+00
6.08574e+03	1.22339e+00
6.36681e+03	1.17713e+00
6.66085e+03	1.13254e+00
6.96847e+03	1.08957e+00
7.29030e+03	1.04816e+00
7.62699e+03	1.00826e+00
7.97923e+03	9.69823e-01
8.34773e+03	9.32793e-01
8.73326e+03	8.97124e-01
9.13659e+03	8.62769e-01
9.55855e+03	8.29684e-01
1.00000e+04	7.97824e-01
1.04618e+04	7.67147e-01
1.09450e+04	7.37611e-01
1.14505e+04	7.09177e-01
1.19793e+04	6.81805e-01
1.25325e+04	6.55457e-01
1.31113e+04	6.30099e-01
1.37169e+04	6.05693e-01
1.43504e+04	5.82207e-01
1.50131e+04	5.59606e-01
1.57065e+04	5.37860e-01
1.64318e+04	5.16937e-01
1.71907e+04	4.96808e-01
1.79847e+04	4.77442e-01
1.88152e+04	4.58814e-01
1.96842e+04	4.40896e-01
2.05933e+04	4.23661e-01
2.15443e+04	4.07085e-01
2.25393e+04	3.91143e-01
2.35803e+04	3.75813e-01
2.46693e+04	3.61070e-01
2.58086e+04	3.46894e-01
2.70005e+04	3.33263e-01
2.82475e+04	3.20158e-01
2.95521e+04	3.07557e-01
3.09169e+04	2.95444e-01
3.23448e+04	2.83799e-01
3.38386e+04	2.72604e-01
3.54013e+04	2.61843e-01
3.70363e+04	2.51499e-01
3.87468e+04	2.41558e-01
4.05362e+04	2.32002e-01
4.24083e+04	2.22818e-01
4.43669e+04	2.13992e-01
4.64159e+04	2.05510e-01
4.85595e+04	1.97359e-01
5.08022e+04	1.89526e-01
5.31484e+04	1.82000e-01
5.56030e+04	1.74768e-01
5.81709e+04	1.67819e-01
6.08574e+04	1.61142e-01
6.36681e+04	1.54728e-01
6.66085e+04	1.48565e-01
6.96847e+04	1.42644e-01
7.29029e+04	1.36956e-01
7.62699e+04	1.31492e-01
7.97923e+04	1.26243e-01
8.34773e+04	1.21201e-01
8.73326e+04	1.16358e-01
9.13659e+04	1.11706e-01
9.55855e+04	1.07237e-01
1.00000e+05	1.02945e-01
1.04618e+05	9.88233e-02
1.09450e+05	9.48643e-02
1.14505e+05	9.10621e-02
1.19793e+05	8.74105e-02
1.25325e+05	8.39037e-02
1.31113e+05	8.05361e-02
1.37169e+05	7.73021e-02
1.43504e+05	7.41966e-02
1.50131e+05	7.12145e-02
1.57065e+05	6.83510e-02
1.64318e+05	6.56015e-02
1.71907e+05	6.29614e-02
1.79846e+05	6.04265e-02
1.88152e+05	5.79926e-02
1.96842e+05	5.56558e-02
2.05933e+05	5.34122e-02
2.15444e+05	5.12582e-02
2.25393e+05	4.91902e-02
2.35803e+05	4.72049e-02
2.46693e+05	4.52989e-02
2.58086e+05	4.34692e-02
2.70006e+05	4.17127e-02
2.82475e+05	4.00266e-02
2.95521e+05	3.84080e-02
3.09169e+05	3.68543e-02
3.23448e+05	3.53628e-02
3.38386e+05	3.39313e-02
3.54013e+05	3.25571e-02
3.70363e+05	3.12382e-02
3.87468e+05	2.99722e-02
4.05362e+05	2.87571e-02
4.24083e+05	2.75909e-02
4.43669e+05	2.64715e-02
4.64159e+05	2.53972e-02
4.85595e+05	2.43662e-02
5.08022e+05	2.33767e-02
5.31484e+05	2.24271e-02
5.56030e+05	2.15157e-02
5.81709e+05	2.06411e-02
6.08574e+05	1.98017e-02
6.36680e+05	1.89963e-02
6.66085e+05	1.82233e-02
6.96847e+05	1.74816e-02
7.29030e+05	1.67699e-02
7.62699e+05	1.60869e-02
7.97923e+05	1.54315e-02
8.34773e+05	1.48026e-02
8.73326e+05	1.41992e-02
9.13659e+05	1.36202e-02
9.55855e+05	1.30647e-02
1.00000e+06	1.25316e-02
