# HS cross section
256
1.00000e+01	0.00000e+00
1.04618e+01	6.66959e-02
1.09450e+01	2.00976e-01
1.14505e+01	3.78165e-01
1.19793e+01	5.66818e-01
1.25325e+01	8.25375e-01
1.31113e+01	1.09834e+00
1.37169e+01	1.38071e+00
1.43504e+01	1.69249e+00
1.50131e+01	2.07199e+00
1.57065e+01	2.48376e+00
1.64318e+01	2.90320e+00
1.71907e+01	3.32686e+00
1.79846e+01	3.75168e+00
1.88152e+01	4.17499e+00
1.96842e+01	4.59445e+00
2.05933e+01	5.00802e+00
2.15444e+01	5.41390e+00
2.25393e+01	5.81054e+00
2.35803e+01	6.19656e+00
2.46693e+01	6.57560e+00
2.58086e+01	6.95879e+00
2.70006e+01	7.33085e+00
2.82475e+01	7.70693e+00
2.95521e+01	8.07039e+00
3.09169e+01	8.42002e+00
3.23448e+01	8.75478e+00
3.38385e+01	9.07381e+00
3.54013e+01	9.37638e+00
3.70363e+01	9.66188e+00
3.87467e+01	9.92984e+00
4.05362e+01	1.01799e+01
4.24083e+01	1.04117e+01
4.43669e+01	1.06252e+01
4.64159e+01	1.08202e+01
4.85595e+01	1.09968e+01
5.08022e+01	1.11549e+01
5.31484e+01	1.12946e+01
5.56030e+01	1.14162e+01
5.81709e+01	1.15199e+01
6.08575e+01	1.16060e+01
6.36681e+01	1.16747e+01
6.66085e+01	1.17265e+01
6.96847e+01	1.17619e+01
7.29030e+01	1.17812e+01
7.62699e+01	1.17849e+01
7.97923e+01	1.17736e+01
8.34773e+01	1.17478e+01
8.73326e+01	1.17080e+01
9.13659e+01	1.16549e+01
9.55855e+01	1.15891e+01
1.00000e+02	1.15112e+01
1.04618e+02	1.14218e+01
1.09450e+02	1.13215e+01
1.14505e+02	1.12111e+01
1.19793e+02	1.10910e+01
1.25325e+02	1.09621e+01
1.31113e+02	1.08248e+01
1.37169e+02	1.06799e+01
1.43504e+02	1.05280e+01
1.50131e+02	1.03696e+01
1.57065e+02	1.02055e+01
1.64318e+02	1.00361e+01
1.71907e+02	9.86204e+00
1.79846e+02	9.68390e+00
1.88152e+02	9.50395e+00
1.96842e+02	9.32155e+00
2.05933e+02	9.13677e+00
2.15444e+02	8.95004e+00
2.25393e+02	8.76179e+00
2.35803e+02	8.57243e+00
2.46693e+02	8.38243e+00
2.58086e+02	8.19245e+00
2.70005e+02	8.00249e+00
2.82475e+02	7.81289e+00
2.95521e+02	7.62394e+00
3.09169e+02	7.43592e+00
3.23448e+02	7.24910e+00
3.38385e+02	7.06374e+00
3.54013e+02	6.88005e+00
3.70363e+02	6.69824e+00
3.87467e+02	6.51851e+00
4.05362e+02	6.34104e+00
4.24083e+02	6.16598e+00
4.43669e+02	5.99348e+00
4.64159e+02	5.82366e+00
4.85595e+02	5.65664e+00
5.08022e+02	5.49252e+00
5.31484e+02	5.33138e+00
5.56030e+02	5.17329e+00
5.81709e+02	5.01833e+00
6.08574e+02	4.86653e+00
6.36681e+02	4.71794e+00
6.66085e+02	4.57259e+00
6.96847e+02	4.43050e+00
7.29029e+02	4.29168e+00
7.62699e+02	4.15614e+00
7.97923e+02	4.02388e+00
8.34773e+02	3.89488e+00
8.73326e+02	3.76913e+00
9.13659e+02	3.64662e+00
9.55855e+02	3.52731e+00
1.00000e+03	3.41117e+00
1.04618e+03	3.29817e+00
1.09450e+03	3.18827e+00
1.14505e+03	3.08144e+00
1.19793e+03	2.97762e+00
1.25325e+03	2.87677e+00
1.31113e+03	2.77883e+00
1.37169e+03	2.68377e+00
1.43504e+03	2.59152e+00
1.50131e+03	2.50204e+00
1.57065e+03	2.41526e+00
1.64318e+03	2.33113e+00
1.71907e+03	2.24959e+00
1.79846e+03	2.17058e+00
1.88152e+03	2.09406e+00
1.96842e+03	2.01995e+00
2.05933e+03	1.94821e+00
2.15443e+03	1.87876e+00
2.25393e+03	1.81157e+00
2.35803e+03	1.74656e+00
2.46693e+03	1.68368e+00
2.58086e+03	1.62287e+00
2.70005e+03	1.56409e+00
2.82475e+03	1.50727e+00
2.95521e+03	1.45236e+00
3.09169e+03	1.39930e+00
3.23448e+03	1.34804e+00
3.38386e+03	1.29853e+00
3.54013e+03	1.25072e+00
3.70363e+03	1.20456e+00
3.87468e+03	1.15999e+00
4.05362e+03	1.11698e+00
4.24083e+03	1.07546e+00
4.43669e+03	1.03540e+00
4.64159e+03	9.96751e-01
4.85595e+03	9.59467e-01
5.08022e+03	9.23504e-01
5.31484e+03	8.88822e-01
5.56030e+03	8.55379e-01
5.81709e+03	8.23134e-01
6.08574e+03	7.92048e-01
6.36681e+03	7.62084e-01
6.66085e+03	7.33205e-01
6.96847e+03	7.05373e-01
7.29030e+03	6.78554e-01
7.62699e+03	6.52715e-01
7.97923e+03	6.27821e-01
8.34773e+03	6.03840e-01
8.73326e+03	5.80742e-01
9.13659e+03	5.58496e-01
9.55855e+03	5.37072e-01
1.00000e+04	5.16443e-01
1.04618e+04	4.96579e-01
1.09450e+04	4.77455e-01
1.14505e+04	4.59045e-01
1.19793e+04	4.41322e-01
1.25325e+04	4.24264e-01
1.31113e+04	4.07845e-01
1.37169e+04	3.92044e-01
1.43504e+04	3.76838e-01
1.50131e+04	3.62207e-01
1.57065e+04	3.48128e-01
1.64318e+04	3.34582e-01
1.71907e+04	3.21551e-01
1.79847e+04	3.09014e-01
1.88152e+04	2.96955e-01
1.96842e+04	2.85355e-01
2.05933e+04	2.74198e-01
2.15443e+04	2.63467e-01
2.25393e+04	2.53147e-01
2.35803e+04	2.43223e-01
2.46693e+04	2.33680e-01
2.58086e+04	2.24503e-01
2.70005e+04	2.15680e-01
2.82475e+04	2.07196e-01
2.95521e+04	1.99040e-01
3.09169e+04	1.91199e-01
3.23448e+04	1.83661e-01
3.38386e+04	1.76414e-01
3.54013e+04	1.69449e-01
3.70363e+04	1.62754e-01
3.87468e+04	1.56319e-01
4.05362e+04	1.50134e-01
4.24083e+04	1.44189e-01
4.43669e+04	1.38477e-01
4.64159e+04	1.32987e-01
4.85595e+04	1.27711e-01
5.08022e+04	1.22641e-01
5.31484e+04	1.17770e-01
5.56030e+04	1.13089e-01
5.81709e+04	1.08591e-01
6.08574e+04	1.04270e-01
6.36681e+04	1.00118e-01
6.66085e+04	9.61298e-02
6.96847e+04	9.22979e-02
7.29029e+04	8.86167e-02
7.62699e+04	8.50803e-02
7.97923e+04	8.16833e-02
8.34773e+04	7.84202e-02
8.73326e+04	7.52858e-02
9.13659e+04	7.22751e-02
9.55855e+04	6.93833e-02
1.00000e+05	6.66058e-02
1.04618e+05	6.39382e-02
1.09450e+05	6.13762e-02
1.14505e+05	5.89157e-02
1.19793e+05	5.65527e-02
1.25325e+05	5.42833e-02
1.31113e+05	5.21041e-02
1.37169e+05	5.00114e-02
1.43504e+05	4.80018e-02
1.50131e+05	4.60721e-02
1.57065e+05	4.42191e-02
1.64318e+05	4.24399e-02
1.71907e+05	4.07316e-02
1.79846e+05	3.90913e-02
1.88152e+05	3.75165e-02
1.96842e+05	3.60044e-02
2.05933e+05	3.45527e-02
2.15444e+05	3.31589e-02
2.25393e+05	3.18209e-02
2.35803e+05	3.05363e-02
2.46693e+05	2.93031e-02
2.58086e+05	2.81192e-02
2.70006e+05	2.69828e-02
2.82475e+05	2.58918e-02
2.95521e+05	2.48446e-02
3.09169e+05	2.38393e-02
3.23448e+05	2.28744e-02
3.38386e+05	2.19482e-02
3.54013e+05	2.10592e-02
3.70363e+05	2.02058e-02
3.87468e+05	1.93868e-02
4.05362e+05	1.86007e-02
4.24083e+05	1.78462e-02
4.43669e+05	1.71220e-02
4.64159e+05	1.64270e-02
4.85595e+05	1.57600e-02
5.08022e+05	1.51199e-02
5.31484e+05	1.45056e-02
5.56030e+05	1.39160e-02
5.81709e+05	1.33502e-02
6.08574e+05	1.28072e-02
6.36680e+05	1.22862e-02
6.66085e+05	1.17862e-02
6.96847e+05	1.13063e-02
7.29030e+05	1.08459e-02
7.62699e+05	1.04041e-02
7.97923e+05	9.98018e-03
8.34773e+05	9.57339e-03
8.73326e+05	9.18307e-03
9.13659e+05	8.80855e-03
9.55855e+05	8.44919e-03
1.00000e+06	8.10440e-03
