# HSSH cross section
256
1.00000e+01	6.52131e-02
1.04618e+01	4.01272e-01
1.09450e+01	7.67220e-01
1.14505e+01	1.15712e+00
1.19793e+01	1.56575e+00
1.25325e+01	1.98853e+00
1.31113e+01	2.53806e+00
1.37169e+01	3.10595e+00
1.43504e+01	3.73405e+00
1.50131e+01	4.43504e+00
1.57065e+01	5.19646e+00
1.64318e+01	6.02222e+00
1.71907e+01	6.85750e+00
1.79846e+01	7.69614e+00
1.88152e+01	8.53270e+00
1.96842e+01	9.36242e+00
2.05933e+01	1.01812e+01
2.15444e+01	1.09852e+01
2.25393e+01	1.17715e+01
2.35803e+01	1.25371e+01
2.46693e+01	1.32989e+01
2.58086e+01	1.40605e+01
2.70006e+01	1.47984e+01
2.82475e+01	1.55104e+01
2.95521e+01	1.62114e+01
3.09169e+01	1.69007e+01
3.23448e+01	1.75613e+01
3.38385e+01	1.81914e+01
3.54013e+01	1.87894e+01
3.70363e+01	1.93540e+01
3.87467e+01	1.98843e+01
4.05362e+01	2.03794e+01
4.24083e+01	2.08387e+01
4.43669e+01	2.12618e+01
4.64159e+01	2.16484e+01
4.85595e+01	2.19985e+01
5.08022e+01	2.23121e+01
5.31484e+01	2.25895e+01
5.56030e+01	2.28309e+01
5.81709e+01	2.30368e+01
6.08575e+01	2.32077e+01
6.36681e+01	2.33442e+01
6.66085e+01	2.34472e+01
6.96847e+01	2.35173e+01
7.29030e+01	2.35555e+01
7.62699e+01	2.35628e+01
7.97923e+01	2.35402e+01
8.34773e+01	2.34887e+01
8.73326e+01	2.34095e+01
9.13659e+01	2.33036e+01
9.55855e+01	2.31725e+01
1.00000e+02	2.30171e+01
1.04618e+02	2.28388e+01
1.09450e+02	2.26389e+01
1.14505e+02	2.24186e+01
1.19793e+02	2.21792e+01
1.25325e+02	2.19220e+01
1.31113e+02	2.16482e+01
1.37169e+02	2.13591e+01
1.43504e+02	2.10559e+01
1.50131e+02	2.07400e+01
1.57065e+02	2.04123e+01
1.64318e+02	2.00742e+01
1.71907e+02	1.97267e+01
1.79846e+02	1.93711e+01
1.88152e+02	1.90117e+01
1.96842e+02	1.86474e+01
2.05933e+02	1.82784e+01
2.15444e+02	1.79054e+01
2.25393e+02	1.75294e+01
2.35803e+02	1.71510e+01
2.46693e+02	1.67714e+01
2.58086e+02	1.63918e+01
2.70005e+02	1.60122e+01
2.82475e+02	1.56332e+01
2.95521e+02	1.52556e+01
3.09169e+02	1.48797e+01
3.23448e+02	1.45063e+01
3.38385e+02	1.41357e+01
3.54013e+02	1.37684e+01
3.70363e+02	1.34049e+01
3.87467e+02	1.30455e+01
4.05362e+02	1.26906e+01
4.24083e+02	1.23405e+01
4.43669e+02	1.19955e+01
4.64159e+02	1.16559e+01
4.85595e+02	1.13218e+01
5.08022e+02	1.09935e+01
5.31484e+02	1.06711e+01
5.56030e+02	1.03549e+01
5.81709e+02	1.00448e+01
6.08574e+02	9.74112e+00
6.36681e+02	9.44382e+00
6.66085e+02	9.15299e+00
6.96847e+02	8.86867e+00
7.29029e+02	8.59089e+00
7.62699e+02	8.31966e+00
7.97923e+02	8.05498e+00
8.34773e+02	7.79682e+00
8.73326e+02	7.54516e+00
9.13659e+02	7.29996e+00
9.55855e+02	7.06117e+00
1.00000e+03	6.82873e+00
1.04618e+03	6.60256e+00
1.09450e+03	6.38260e+00
1.14505e+03	6.16875e+00
1.19793e+03	5.96094e+00
1.25325e+03	5.75907e+00
1.31113e+03	5.56304e+00
1.37169e+03	5.37275e+00
1.43504e+03	5.18809e+00
1.50131e+03	5.00896e+00
1.57065e+03	4.83524e+00
1.64318e+03	4.66683e+00
1.71907e+03	4.50360e+00
1.79846e+03	4.34544e+00
1.88152e+03	4.19224e+00
1.96842e+03	4.04389e+00
2.05933e+03	3.90026e+00
2.15443e+03	3.76123e+00
2.25393e+03	3.62671e+00
2.35803e+03	3.49656e+00
2.46693e+03	3.37067e+00
2.58086e+03	3.24894e+00
2.70005e+03	3.13126e+00
2.82475e+03	3.01750e+00
2.95521e+03	2.90757e+00
3.09169e+03	2.80135e+00
3.23448e+03	2.69873e+00
3.38386e+03	2.59961e+00
3.54013e+03	2.50389e+00
3.70363e+03	2.41147e+00
3.87468e+03	2.32224e+00
4.05362e+03	2.23612e+00
4.24083e+03	2.15300e+00
4.43669e+03	2.07280e+00
4.64159e+03	1.99542e+00
4.85595e+03	1.92078e+00
5.08022e+03	1.84878e+00
5.31484e+03	1.77934e+00
5.56030e+03	1.71239e+00
5.81709e+03	1.64783e+00
6.08574e+03	1.58560e+00
6.36681e+03	1.52561e+00
6.66085e+03	1.46779e+00
6.96847e+03	1.41207e+00
7.29030e+03	1.35838e+00
7.62699e+03	1.30665e+00
7.97923e+03	1.25681e+00
8.34773e+03	1.20880e+00
8.73326e+03	1.16256e+00
9.13659e+03	1.11802e+00
9.55855e+03	1.07513e+00
1.00000e+04	1.03383e+00
1.04618e+04	9.94061e-01
1.09450e+04	9.55775e-01
1.14505e+04	9.18917e-01
1.19793e+04	8.83438e-01
1.25325e+04	8.49287e-01
1.31113e+04	8.16418e-01
1.37169e+04	7.84785e-01
1.43504e+04	7.54344e-01
1.50131e+04	7.25052e-01
1.57065e+04	6.96868e-01
1.64318e+04	6.69751e-01
1.71907e+04	6.43662e-01
1.79847e+04	6.18565e-01
1.88152e+04	5.94423e-01
1.96842e+04	5.71202e-01
2.05933e+04	5.48866e-01
2.15443e+04	5.27385e-01
2.25393e+04	5.06726e-01
2.35803e+04	4.86859e-01
2.46693e+04	4.67754e-01
2.58086e+04	4.49384e-01
2.70005e+04	4.31721e-01
2.82475e+04	4.14738e-01
2.95521e+04	3.98411e-01
3.09169e+04	3.82714e-01
3.23448e+04	3.67624e-01
3.38386e+04	3.53119e-01
3.54013e+04	3.39175e-01
3.70363e+04	3.25773e-01
3.87468e+04	3.12891e-01
4.05362e+04	3.00510e-01
4.24083e+04	2.88611e-01
4.43669e+04	2.77175e-01
4.64159e+04	2.66185e-01
4.85595e+04	2.55625e-01
5.08022e+04	2.45476e-01
5.31484e+04	2.35725e-01
5.56030e+04	2.26355e-01
5.81709e+04	2.17353e-01
6.08574e+04	2.08703e-01
6.36681e+04	2.00393e-01
6.66085e+04	1.92408e-01
6.96847e+04	1.84738e-01
7.29029e+04	1.77370e-01
7.62699e+04	1.70291e-01
7.97923e+04	1.63491e-01
8.34773e+04	1.56960e-01
8.73326e+04	1.50685e-01
9.13659e+04	1.44659e-01
9.55855e+04	1.38871e-01
1.00000e+05	1.33311e-01
1.04618e+05	1.27972e-01
1.09450e+05	1.22843e-01
1.14505e+05	1.17918e-01
1.19793e+05	1.13189e-01
1.25325e+05	1.08646e-01
1.31113e+05	1.04284e-01
1.37169e+05	1.00096e-01
1.43504e+05	9.60732e-02
1.50131e+05	9.22107e-02
1.57065e+05	8.85019e-02
1.64318e+05	8.49408e-02
1.71907e+05	8.15214e-02
1.79846e+05	7.82383e-02
1.88152e+05	7.50862e-02
1.96842e+05	7.20597e-02
2.05933e+05	6.91540e-02
2.15444e+05	6.63644e-02
2.25393e+05	6.36863e-02
2.35803e+05	6.11152e-02
2.46693e+05	5.86469e-02
2.58086e+05	5.62774e-02
2.70006e+05	5.40028e-02
2.82475e+05	5.18192e-02
2.95521e+05	4.97232e-02
3.09169e+05	4.77112e-02
3.23448e+05	4.57799e-02
3.38386e+05	4.39261e-02
3.54013e+05	4.21467e-02
3.70363e+05	4.04388e-02
3.87468e+05	3.87996e-02
4.05362e+05	3.72262e-02
4.24083e+05	3.57161e-02
4.43669e+05	3.42668e-02
4.64159e+05	3.28758e-02
4.85595e+05	3.15408e-02
5.08022e+05	3.02596e-02
5.31484e+05	2.90301e-02
5.56030e+05	2.78501e-02
5.81709e+05	2.67177e-02
6.08574e+05	2.56310e-02
6.36680e+05	2.45882e-02
6.66085e+05	2.35875e-02
6.96847e+05	2.26272e-02
7.29030e+05	2.17057e-02
7.62699e+05	2.08215e-02
7.97923e+05	1.99730e-02
8.34773e+05	1.91589e-02
8.73326e+05	1.83777e-02
9.13659e+05	1.76282e-02
9.55855e+05	1.69090e-02
1.00000e+06	1.62189e-02
