# l-C3H cross section
256
1.00000e+01	1.94200e-01
1.04600e+01	3.31100e-01
1.09400e+01	4.75300e-01
1.14500e+01	7.09100e-01
1.19800e+01	1.01200e+00
1.25300e+01	1.36800e+00
1.31100e+01	1.91900e+00
1.37200e+01	2.62800e+00
1.43500e+01	3.36500e+00
1.50100e+01	4.12300e+00
1.57100e+01	4.89200e+00
1.64300e+01	5.66600e+00
1.71900e+01	6.43900e+00
1.79800e+01	7.20700e+00
1.88200e+01	7.96700e+00
1.96800e+01	8.77500e+00
2.05900e+01	9.58800e+00
2.15400e+01	1.03900e+01
2.25400e+01	1.11800e+01
2.35800e+01	1.19600e+01
2.46700e+01	1.27200e+01
2.58100e+01	1.34600e+01
2.70000e+01	1.41800e+01
2.82500e+01	1.48800e+01
2.95500e+01	1.55500e+01
3.09200e+01	1.62100e+01
3.23400e+01	1.68400e+01
3.38400e+01	1.74400e+01
3.54000e+01	1.80100e+01
3.70400e+01	1.85400e+01
3.87500e+01	1.90300e+01
4.05400e+01	1.94900e+01
4.24100e+01	1.99000e+01
4.43700e+01	2.02800e+01
4.64200e+01	2.06200e+01
4.85600e+01	2.09300e+01
5.08000e+01	2.11900e+01
5.31500e+01	2.14200e+01
5.56000e+01	2.16100e+01
5.81700e+01	2.17600e+01
6.08600e+01	2.18800e+01
6.36700e+01	2.19700e+01
6.66100e+01	2.20200e+01
6.96800e+01	2.20400e+01
7.29000e+01	2.20300e+01
7.62700e+01	2.19900e+01
7.97900e+01	2.19200e+01
8.34800e+01	2.18300e+01
8.73300e+01	2.17100e+01
9.13700e+01	2.15700e+01
9.55900e+01	2.14000e+01
1.00000e+02	2.12100e+01
1.04600e+02	2.10000e+01
1.09400e+02	2.07800e+01
1.14500e+02	2.05300e+01
1.19800e+02	2.02700e+01
1.25300e+02	2.00000e+01
1.31100e+02	1.97100e+01
1.37200e+02	1.94100e+01
1.43500e+02	1.90900e+01
1.50100e+02	1.87700e+01
1.57100e+02	1.84400e+01
1.64300e+02	1.81000e+01
1.71900e+02	1.77600e+01
1.79800e+02	1.74100e+01
1.88200e+02	1.70500e+01
1.96800e+02	1.66900e+01
2.05900e+02	1.63300e+01
2.15400e+02	1.59700e+01
2.25400e+02	1.56000e+01
2.35800e+02	1.52400e+01
2.46700e+02	1.48800e+01
2.58100e+02	1.45100e+01
2.70000e+02	1.41500e+01
2.82500e+02	1.37900e+01
2.95500e+02	1.34300e+01
3.09200e+02	1.30800e+01
3.23400e+02	1.27300e+01
3.38400e+02	1.23800e+01
3.54000e+02	1.20400e+01
3.70400e+02	1.17100e+01
3.87500e+02	1.13700e+01
4.05400e+02	1.10500e+01
4.24100e+02	1.07300e+01
4.43700e+02	1.04100e+01
4.64200e+02	1.01000e+01
4.85600e+02	9.80000e+00
5.08000e+02	9.50300e+00
5.31500e+02	9.21200e+00
5.56000e+02	8.92700e+00
5.81700e+02	8.64900e+00
6.08600e+02	8.37700e+00
6.36700e+02	8.11100e+00
6.66100e+02	7.85200e+00
6.96800e+02	7.59900e+00
7.29000e+02	7.35200e+00
7.62700e+02	7.11200e+00
7.97900e+02	6.87800e+00
8.34800e+02	6.65100e+00
8.73300e+02	6.42900e+00
9.13700e+02	6.21400e+00
9.55900e+02	6.00400e+00
1.00000e+03	5.80100e+00
1.04600e+03	5.60300e+00
1.09400e+03	5.41100e+00
1.14500e+03	5.22500e+00
1.19800e+03	5.04400e+00
1.25300e+03	4.86900e+00
1.31100e+03	4.69900e+00
1.37200e+03	4.53500e+00
1.43500e+03	4.37500e+00
1.50100e+03	4.22100e+00
1.57100e+03	4.07100e+00
1.64300e+03	3.92600e+00
1.71900e+03	3.78600e+00
1.79800e+03	3.65000e+00
1.88200e+03	3.51900e+00
1.96800e+03	3.39200e+00
2.05900e+03	3.27000e+00
2.15400e+03	3.15100e+00
2.25400e+03	3.03600e+00
2.35800e+03	2.92500e+00
2.46700e+03	2.81800e+00
2.58100e+03	2.71500e+00
2.70000e+03	2.61500e+00
2.82500e+03	2.51900e+00
2.95500e+03	2.42600e+00
3.09200e+03	2.33600e+00
3.23400e+03	2.24900e+00
3.38400e+03	2.16500e+00
3.54000e+03	2.08500e+00
3.70400e+03	2.00700e+00
3.87500e+03	1.93200e+00
4.05400e+03	1.85900e+00
4.24100e+03	1.78900e+00
4.43700e+03	1.72200e+00
4.64200e+03	1.65700e+00
4.85600e+03	1.59400e+00
5.08000e+03	1.53400e+00
5.31500e+03	1.47600e+00
5.56000e+03	1.42000e+00
5.81700e+03	1.36600e+00
6.08600e+03	1.31400e+00
6.36700e+03	1.26400e+00
6.66100e+03	1.21500e+00
6.96800e+03	1.16900e+00
7.29000e+03	1.12400e+00
7.62700e+03	1.08100e+00
7.97900e+03	1.03900e+00
8.34800e+03	9.99400e-01
8.73300e+03	9.60900e-01
9.13700e+03	9.23900e-01
9.55900e+03	8.88200e-01
1.00000e+04	8.53900e-01
1.04600e+04	8.20900e-01
1.09400e+04	7.89100e-01
1.14500e+04	7.58500e-01
1.19800e+04	7.29100e-01
1.25300e+04	7.00700e-01
1.31100e+04	6.73500e-01
1.37200e+04	6.47300e-01
1.43500e+04	6.22000e-01
1.50100e+04	5.97800e-01
1.57100e+04	5.74400e-01
1.64300e+04	5.52000e-01
1.71900e+04	5.30400e-01
1.79800e+04	5.09600e-01
1.88200e+04	4.89700e-01
1.96800e+04	4.70500e-01
2.05900e+04	4.52000e-01
2.15400e+04	4.34300e-01
2.25400e+04	4.17200e-01
2.35800e+04	4.00800e-01
2.46700e+04	3.85000e-01
2.58100e+04	3.69800e-01
2.70000e+04	3.55300e-01
2.82500e+04	3.41300e-01
2.95500e+04	3.27800e-01
3.09200e+04	3.14800e-01
3.23400e+04	3.02400e-01
3.38400e+04	2.90400e-01
3.54000e+04	2.78900e-01
3.70400e+04	2.67900e-01
3.87500e+04	2.57300e-01
4.05400e+04	2.47100e-01
4.24100e+04	2.37300e-01
4.43700e+04	2.27800e-01
4.64200e+04	2.18800e-01
4.85600e+04	2.10100e-01
5.08000e+04	2.01700e-01
5.31500e+04	1.93700e-01
5.56000e+04	1.86000e-01
5.81700e+04	1.78600e-01
6.08600e+04	1.71500e-01
6.36700e+04	1.64600e-01
6.66100e+04	1.58100e-01
6.96800e+04	1.51700e-01
7.29000e+04	1.45700e-01
7.62700e+04	1.39900e-01
7.97900e+04	1.34300e-01
8.34800e+04	1.28900e-01
8.73300e+04	1.23700e-01
9.13700e+04	1.18800e-01
9.55900e+04	1.14000e-01
1.00000e+05	1.09400e-01
1.04600e+05	1.05100e-01
1.09400e+05	1.00800e-01
1.14500e+05	9.67900e-02
1.19800e+05	9.29100e-02
1.25300e+05	8.91800e-02
1.31100e+05	8.55900e-02
1.37200e+05	8.21500e-02
1.43500e+05	7.88400e-02
1.50100e+05	7.56700e-02
1.57100e+05	7.26200e-02
1.64300e+05	6.97000e-02
1.71900e+05	6.68900e-02
1.79800e+05	6.41900e-02
1.88200e+05	6.16100e-02
1.96800e+05	5.91200e-02
2.05900e+05	5.67300e-02
2.15400e+05	5.44400e-02
2.25400e+05	5.22400e-02
2.35800e+05	5.01300e-02
2.46700e+05	4.81100e-02
2.58100e+05	4.61600e-02
2.70000e+05	4.42900e-02
2.82500e+05	4.25000e-02
2.95500e+05	4.07800e-02
3.09200e+05	3.91300e-02
3.23400e+05	3.75400e-02
3.38400e+05	3.60200e-02
3.54000e+05	3.45600e-02
3.70400e+05	3.31600e-02
3.87500e+05	3.18200e-02
4.05400e+05	3.05300e-02
4.24100e+05	2.92900e-02
4.43700e+05	2.81000e-02
4.64200e+05	2.69600e-02
4.85600e+05	2.58600e-02
5.08000e+05	2.48100e-02
5.31500e+05	2.38000e-02
5.56000e+05	2.28300e-02
5.81700e+05	2.19000e-02
6.08600e+05	2.10100e-02
6.36700e+05	2.01600e-02
6.66100e+05	1.93400e-02
6.96800e+05	1.85500e-02
7.29000e+05	1.77900e-02
7.62700e+05	1.70700e-02
7.97900e+05	1.63700e-02
8.34800e+05	1.57000e-02
8.73300e+05	1.50600e-02
9.13700e+05	1.44500e-02
9.55900e+05	1.38600e-02
1.00000e+06	1.32900e-02
