# l-HC6H cross section
256
1.00000e+01	2.65740e-01
1.04618e+01	7.38466e-01
1.09450e+01	1.24625e+00
1.14505e+01	1.78113e+00
1.19793e+01	2.40401e+00
1.25325e+01	3.33454e+00
1.31113e+01	4.30309e+00
1.37169e+01	5.52035e+00
1.43504e+01	6.85909e+00
1.50131e+01	8.22700e+00
1.57065e+01	9.61083e+00
1.64318e+01	1.09990e+01
1.71907e+01	1.23813e+01
1.79846e+01	1.38280e+01
1.88152e+01	1.53564e+01
1.96842e+01	1.68693e+01
2.05933e+01	1.83576e+01
2.15444e+01	1.98137e+01
2.25393e+01	2.12568e+01
2.35803e+01	2.26882e+01
2.46693e+01	2.40902e+01
2.58086e+01	2.54755e+01
2.70006e+01	2.68096e+01
2.82475e+01	2.81062e+01
2.95521e+01	2.93747e+01
3.09169e+01	3.06223e+01
3.23448e+01	3.18315e+01
3.38385e+01	3.29795e+01
3.54013e+01	3.40629e+01
3.70363e+01	3.50791e+01
3.87467e+01	3.60262e+01
4.05362e+01	3.69027e+01
4.24083e+01	3.77077e+01
4.43669e+01	3.84406e+01
4.64159e+01	3.91014e+01
4.85595e+01	3.96903e+01
5.08022e+01	4.02080e+01
5.31484e+01	4.06552e+01
5.56030e+01	4.10331e+01
5.81709e+01	4.13430e+01
6.08575e+01	4.15866e+01
6.36681e+01	4.17656e+01
6.66085e+01	4.18819e+01
6.96847e+01	4.19375e+01
7.29030e+01	4.19346e+01
7.62699e+01	4.18754e+01
7.97923e+01	4.17624e+01
8.34773e+01	4.15979e+01
8.73326e+01	4.13845e+01
9.13659e+01	4.11245e+01
9.55855e+01	4.08207e+01
1.00000e+02	4.04756e+01
1.04618e+02	4.00916e+01
1.09450e+02	3.96714e+01
1.14505e+02	3.92175e+01
1.19793e+02	3.87324e+01
1.25325e+02	3.82185e+01
1.31113e+02	3.76784e+01
1.37169e+02	3.71142e+01
1.43504e+02	3.65285e+01
1.50131e+02	3.59233e+01
1.57065e+02	3.53009e+01
1.64318e+02	3.46634e+01
1.71907e+02	3.40128e+01
1.79846e+02	3.33510e+01
1.88152e+02	3.26800e+01
1.96842e+02	3.20014e+01
2.05933e+02	3.13170e+01
2.15444e+02	3.06284e+01
2.25393e+02	2.99371e+01
2.35803e+02	2.92446e+01
2.46693e+02	2.85520e+01
2.58086e+02	2.78609e+01
2.70005e+02	2.71722e+01
2.82475e+02	2.64872e+01
2.95521e+02	2.58068e+01
3.09169e+02	2.51323e+01
3.23448e+02	2.44659e+01
3.38385e+02	2.38070e+01
3.54013e+02	2.31561e+01
3.70363e+02	2.25138e+01
3.87467e+02	2.18808e+01
4.05362e+02	2.12575e+01
4.24083e+02	2.06444e+01
4.43669e+02	2.00418e+01
4.64159e+02	1.94501e+01
4.85595e+02	1.88696e+01
5.08022e+02	1.83005e+01
5.31484e+02	1.77431e+01
5.56030e+02	1.71974e+01
5.81709e+02	1.66637e+01
6.08574e+02	1.61420e+01
6.36681e+02	1.56323e+01
6.66085e+02	1.51347e+01
6.96847e+02	1.46493e+01
7.29029e+02	1.41759e+01
7.62699e+02	1.37146e+01
7.97923e+02	1.32652e+01
8.34773e+02	1.28276e+01
8.73326e+02	1.24018e+01
9.13659e+02	1.19877e+01
9.55855e+02	1.15850e+01
1.00000e+03	1.11937e+01
1.04618e+03	1.08135e+01
1.09450e+03	1.04443e+01
1.14505e+03	1.00860e+01
1.19793e+03	9.73824e+00
1.25325e+03	9.40094e+00
1.31113e+03	9.07385e+00
1.37169e+03	8.75678e+00
1.43504e+03	8.44951e+00
1.50131e+03	8.15183e+00
1.57065e+03	7.86351e+00
1.64318e+03	7.58435e+00
1.71907e+03	7.31412e+00
1.79846e+03	7.05261e+00
1.88152e+03	6.79960e+00
1.96842e+03	6.55486e+00
2.05933e+03	6.31818e+00
2.15443e+03	6.08935e+00
2.25393e+03	5.86816e+00
2.35803e+03	5.65439e+00
2.46693e+03	5.44783e+00
2.58086e+03	5.24828e+00
2.70005e+03	5.05554e+00
2.82475e+03	4.86941e+00
2.95521e+03	4.68970e+00
3.09169e+03	4.51620e+00
3.23448e+03	4.34874e+00
3.38386e+03	4.18713e+00
3.54013e+03	4.03119e+00
3.70363e+03	3.88074e+00
3.87468e+03	3.73560e+00
4.05362e+03	3.59562e+00
4.24083e+03	3.46063e+00
4.43669e+03	3.33046e+00
4.64159e+03	3.20495e+00
4.85595e+03	3.08397e+00
5.08022e+03	2.96734e+00
5.31484e+03	2.85494e+00
5.56030e+03	2.74663e+00
5.81709e+03	2.64226e+00
6.08574e+03	2.54169e+00
6.36681e+03	2.44481e+00
6.66085e+03	2.35149e+00
6.96847e+03	2.26160e+00
7.29030e+03	2.17503e+00
7.62699e+03	2.09165e+00
7.97923e+03	2.01137e+00
8.34773e+03	1.93407e+00
8.73326e+03	1.85965e+00
9.13659e+03	1.78800e+00
9.55855e+03	1.71903e+00
1.00000e+04	1.65264e+00
1.04618e+04	1.58875e+00
1.09450e+04	1.52726e+00
1.14505e+04	1.46808e+00
1.19793e+04	1.41113e+00
1.25325e+04	1.35634e+00
1.31113e+04	1.30362e+00
1.37169e+04	1.25290e+00
1.43504e+04	1.20410e+00
1.50131e+04	1.15716e+00
1.57065e+04	1.11201e+00
1.64318e+04	1.06858e+00
1.71907e+04	1.02681e+00
1.79847e+04	9.86641e-01
1.88152e+04	9.48007e-01
1.96842e+04	9.10855e-01
2.05933e+04	8.75128e-01
2.15443e+04	8.40776e-01
2.25393e+04	8.07746e-01
2.35803e+04	7.75988e-01
2.46693e+04	7.45456e-01
2.58086e+04	7.16104e-01
2.70005e+04	6.87886e-01
2.82475e+04	6.60761e-01
2.95521e+04	6.34687e-01
3.09169e+04	6.09624e-01
3.23448e+04	5.85534e-01
3.38386e+04	5.62381e-01
3.54013e+04	5.40129e-01
3.70363e+04	5.18743e-01
3.87468e+04	4.98190e-01
4.05362e+04	4.78440e-01
4.24083e+04	4.59461e-01
4.43669e+04	4.41223e-01
4.64159e+04	4.23699e-01
4.85595e+04	4.06861e-01
5.08022e+04	3.90683e-01
5.31484e+04	3.75139e-01
5.56030e+04	3.60205e-01
5.81709e+04	3.45858e-01
6.08574e+04	3.32074e-01
6.36681e+04	3.18833e-01
6.66085e+04	3.06113e-01
6.96847e+04	2.93894e-01
7.29029e+04	2.82157e-01
7.62699e+04	2.70882e-01
7.97923e+04	2.60053e-01
8.34773e+04	2.49651e-01
8.73326e+04	2.39661e-01
9.13659e+04	2.30065e-01
9.55855e+04	2.20850e-01
1.00000e+05	2.11999e-01
1.04618e+05	2.03499e-01
1.09450e+05	1.95336e-01
1.14505e+05	1.87497e-01
1.19793e+05	1.79970e-01
1.25325e+05	1.72741e-01
1.31113e+05	1.65799e-01
1.37169e+05	1.59134e-01
1.43504e+05	1.52733e-01
1.50131e+05	1.46588e-01
1.57065e+05	1.40687e-01
1.64318e+05	1.35022e-01
1.71907e+05	1.29582e-01
1.79846e+05	1.24360e-01
1.88152e+05	1.19346e-01
1.96842e+05	1.14532e-01
2.05933e+05	1.09910e-01
2.15444e+05	1.05473e-01
2.25393e+05	1.01214e-01
2.35803e+05	9.71253e-02
2.46693e+05	9.32002e-02
2.58086e+05	8.94322e-02
2.70006e+05	8.58153e-02
2.82475e+05	8.23433e-02
2.95521e+05	7.90107e-02
3.09169e+05	7.58117e-02
3.23448e+05	7.27412e-02
3.38386e+05	6.97940e-02
3.54013e+05	6.69652e-02
3.70363e+05	6.42501e-02
3.87468e+05	6.16442e-02
4.05362e+05	5.91431e-02
4.24083e+05	5.67428e-02
4.43669e+05	5.44390e-02
4.64159e+05	5.22281e-02
4.85595e+05	5.01062e-02
5.08022e+05	4.80700e-02
5.31484e+05	4.61158e-02
5.56030e+05	4.42404e-02
5.81709e+05	4.24408e-02
6.08574e+05	4.07138e-02
6.36680e+05	3.90566e-02
6.66085e+05	3.74663e-02
6.96847e+05	3.59404e-02
7.29030e+05	3.44761e-02
7.62699e+05	3.30710e-02
7.97923e+05	3.17229e-02
8.34773e+05	3.04293e-02
8.73326e+05	2.91881e-02
9.13659e+05	2.79971e-02
9.55855e+05	2.68544e-02
1.00000e+06	2.57581e-02
