# n-C3H7CN cross section
256
1.00000e+01	0.00000e+00
1.04600e+01	0.00000e+00
1.09400e+01	0.00000e+00
1.14500e+01	0.00000e+00
1.19800e+01	0.00000e+00
1.25300e+01	5.29500e-02
1.31100e+01	3.58000e-01
1.37200e+01	1.01300e+00
1.43500e+01	1.92900e+00
1.50100e+01	2.89900e+00
1.57100e+01	4.07100e+00
1.64300e+01	5.37900e+00
1.71900e+01	6.73200e+00
1.79800e+01	8.26200e+00
1.88200e+01	9.85700e+00
1.96800e+01	1.14600e+01
2.05900e+01	1.30700e+01
2.15400e+01	1.47000e+01
2.25400e+01	1.63500e+01
2.35800e+01	1.79700e+01
2.46700e+01	1.95800e+01
2.58100e+01	2.11800e+01
2.70000e+01	2.27400e+01
2.82500e+01	2.42400e+01
2.95500e+01	2.56900e+01
3.09200e+01	2.71000e+01
3.23400e+01	2.84600e+01
3.38400e+01	2.97600e+01
3.54000e+01	3.10200e+01
3.70400e+01	3.22000e+01
3.87500e+01	3.33100e+01
4.05400e+01	3.43500e+01
4.24100e+01	3.53100e+01
4.43700e+01	3.62000e+01
4.64200e+01	3.70100e+01
4.85600e+01	3.77500e+01
5.08000e+01	3.84100e+01
5.31500e+01	3.89900e+01
5.56000e+01	3.95100e+01
5.81700e+01	3.99400e+01
6.08600e+01	4.03100e+01
6.36700e+01	4.06100e+01
6.66100e+01	4.08400e+01
6.96800e+01	4.10100e+01
7.29000e+01	4.11100e+01
7.62700e+01	4.11500e+01
7.97900e+01	4.11300e+01
8.34800e+01	4.10500e+01
8.73300e+01	4.09200e+01
9.13700e+01	4.07400e+01
9.55900e+01	4.05200e+01
1.00000e+02	4.02400e+01
1.04600e+02	3.99200e+01
1.09400e+02	3.95600e+01
1.14500e+02	3.91700e+01
1.19800e+02	3.87400e+01
1.25300e+02	3.82700e+01
1.31100e+02	3.77800e+01
1.37200e+02	3.72500e+01
1.43500e+02	3.67100e+01
1.50100e+02	3.61400e+01
1.57100e+02	3.55500e+01
1.64300e+02	3.49400e+01
1.71900e+02	3.43100e+01
1.79800e+02	3.36700e+01
1.88200e+02	3.30200e+01
1.96800e+02	3.23600e+01
2.05900e+02	3.16900e+01
2.15400e+02	3.10200e+01
2.25400e+02	3.03400e+01
2.35800e+02	2.96500e+01
2.46700e+02	2.89700e+01
2.58100e+02	2.82800e+01
2.70000e+02	2.76000e+01
2.82500e+02	2.69200e+01
2.95500e+02	2.62400e+01
3.09200e+02	2.55700e+01
3.23400e+02	2.49000e+01
3.38400e+02	2.42400e+01
3.54000e+02	2.35900e+01
3.70400e+02	2.29400e+01
3.87500e+02	2.23000e+01
4.05400e+02	2.16700e+01
4.24100e+02	2.10600e+01
4.43700e+02	2.04500e+01
4.64200e+02	1.98500e+01
4.85600e+02	1.92600e+01
5.08000e+02	1.86800e+01
5.31500e+02	1.81200e+01
5.56000e+02	1.75700e+01
5.81700e+02	1.70300e+01
6.08600e+02	1.65000e+01
6.36700e+02	1.59800e+01
6.66100e+02	1.54700e+01
6.96800e+02	1.49800e+01
7.29000e+02	1.45000e+01
7.62700e+02	1.40300e+01
7.97900e+02	1.35700e+01
8.34800e+02	1.31200e+01
8.73300e+02	1.26900e+01
9.13700e+02	1.22700e+01
9.55900e+02	1.18600e+01
1.00000e+03	1.14600e+01
1.04600e+03	1.10700e+01
1.09400e+03	1.06900e+01
1.14500e+03	1.03300e+01
1.19800e+03	9.97200e+00
1.25300e+03	9.62800e+00
1.31100e+03	9.29300e+00
1.37200e+03	8.96900e+00
1.43500e+03	8.65500e+00
1.50100e+03	8.35100e+00
1.57100e+03	8.05600e+00
1.64300e+03	7.77100e+00
1.71900e+03	7.49400e+00
1.79800e+03	7.22700e+00
1.88200e+03	6.96800e+00
1.96800e+03	6.71800e+00
2.05900e+03	6.47500e+00
2.15400e+03	6.24100e+00
2.25400e+03	6.01500e+00
2.35800e+03	5.79600e+00
2.46700e+03	5.58400e+00
2.58100e+03	5.38000e+00
2.70000e+03	5.18300e+00
2.82500e+03	4.99200e+00
2.95500e+03	4.80800e+00
3.09200e+03	4.63000e+00
3.23400e+03	4.45900e+00
3.38400e+03	4.29300e+00
3.54000e+03	4.13400e+00
3.70400e+03	3.98000e+00
3.87500e+03	3.83100e+00
4.05400e+03	3.68700e+00
4.24100e+03	3.54900e+00
4.43700e+03	3.41600e+00
4.64200e+03	3.28700e+00
4.85600e+03	3.16300e+00
5.08000e+03	3.04400e+00
5.31500e+03	2.92800e+00
5.56000e+03	2.81700e+00
5.81700e+03	2.71000e+00
6.08600e+03	2.60700e+00
6.36700e+03	2.50800e+00
6.66100e+03	2.41200e+00
6.96800e+03	2.32000e+00
7.29000e+03	2.23100e+00
7.62700e+03	2.14600e+00
7.97900e+03	2.06400e+00
8.34800e+03	1.98400e+00
8.73300e+03	1.90800e+00
9.13700e+03	1.83500e+00
9.55900e+03	1.76400e+00
1.00000e+04	1.69600e+00
1.04600e+04	1.63000e+00
1.09400e+04	1.56700e+00
1.14500e+04	1.50700e+00
1.19800e+04	1.44800e+00
1.25300e+04	1.39200e+00
1.31100e+04	1.33800e+00
1.37200e+04	1.28600e+00
1.43500e+04	1.23600e+00
1.50100e+04	1.18800e+00
1.57100e+04	1.14100e+00
1.64300e+04	1.09700e+00
1.71900e+04	1.05400e+00
1.79800e+04	1.01300e+00
1.88200e+04	9.73200e-01
1.96800e+04	9.35000e-01
2.05900e+04	8.98400e-01
2.15400e+04	8.63200e-01
2.25400e+04	8.29300e-01
2.35800e+04	7.96700e-01
2.46700e+04	7.65300e-01
2.58100e+04	7.35200e-01
2.70000e+04	7.06300e-01
2.82500e+04	6.78400e-01
2.95500e+04	6.51700e-01
3.09200e+04	6.26000e-01
3.23400e+04	6.01200e-01
3.38400e+04	5.77500e-01
3.54000e+04	5.54600e-01
3.70400e+04	5.32700e-01
3.87500e+04	5.11600e-01
4.05400e+04	4.91300e-01
4.24100e+04	4.71900e-01
4.43700e+04	4.53100e-01
4.64200e+04	4.35100e-01
4.85600e+04	4.17900e-01
5.08000e+04	4.01300e-01
5.31500e+04	3.85300e-01
5.56000e+04	3.70000e-01
5.81700e+04	3.55200e-01
6.08600e+04	3.41100e-01
6.36700e+04	3.27500e-01
6.66100e+04	3.14400e-01
6.96800e+04	3.01900e-01
7.29000e+04	2.89800e-01
7.62700e+04	2.78300e-01
7.97900e+04	2.67100e-01
8.34800e+04	2.56500e-01
8.73300e+04	2.46200e-01
9.13700e+04	2.36400e-01
9.55900e+04	2.26900e-01
1.00000e+05	2.17800e-01
1.04600e+05	2.09100e-01
1.09400e+05	2.00700e-01
1.14500e+05	1.92600e-01
1.19800e+05	1.84900e-01
1.25300e+05	1.77500e-01
1.31100e+05	1.70400e-01
1.37200e+05	1.63500e-01
1.43500e+05	1.56900e-01
1.50100e+05	1.50600e-01
1.57100e+05	1.44600e-01
1.64300e+05	1.38700e-01
1.71900e+05	1.33200e-01
1.79800e+05	1.27800e-01
1.88200e+05	1.22600e-01
1.96800e+05	1.17700e-01
2.05900e+05	1.13000e-01
2.15400e+05	1.08400e-01
2.25400e+05	1.04000e-01
2.35800e+05	9.98200e-02
2.46700e+05	9.57900e-02
2.58100e+05	9.19200e-02
2.70000e+05	8.82000e-02
2.82500e+05	8.46300e-02
2.95500e+05	8.12100e-02
3.09200e+05	7.79200e-02
3.23400e+05	7.47700e-02
3.38400e+05	7.17400e-02
3.54000e+05	6.88300e-02
3.70400e+05	6.60400e-02
3.87500e+05	6.33700e-02
4.05400e+05	6.08000e-02
4.24100e+05	5.83300e-02
4.43700e+05	5.59600e-02
4.64200e+05	5.36900e-02
4.85600e+05	5.15100e-02
5.08000e+05	4.94200e-02
5.31500e+05	4.74100e-02
5.56000e+05	4.54800e-02
5.81700e+05	4.36300e-02
6.08600e+05	4.18600e-02
6.36700e+05	4.01500e-02
6.66100e+05	3.85200e-02
6.96800e+05	3.69500e-02
7.29000e+05	3.54500e-02
7.62700e+05	3.40000e-02
7.97900e+05	3.26200e-02
8.34800e+05	3.12900e-02
8.73300e+05	3.00100e-02
9.13700e+05	2.87900e-02
9.55900e+05	2.76100e-02
1.00000e+06	2.64900e-02
