# N2H4 cross section
256
1.00000e+01	0.00000e+00
1.04618e+01	2.37824e-01
1.09450e+01	5.92858e-01
1.14505e+01	9.74546e-01
1.19793e+01	1.37725e+00
1.25325e+01	1.79602e+00
1.31113e+01	2.22649e+00
1.37169e+01	2.66484e+00
1.43504e+01	3.10770e+00
1.50131e+01	3.55213e+00
1.57065e+01	3.99553e+00
1.64318e+01	4.51253e+00
1.71907e+01	5.06606e+00
1.79846e+01	5.76872e+00
1.88152e+01	6.49892e+00
1.96842e+01	7.23470e+00
2.05933e+01	7.97041e+00
2.15444e+01	8.70113e+00
2.25393e+01	9.42255e+00
2.35803e+01	1.01309e+01
2.46693e+01	1.08230e+01
2.58086e+01	1.14960e+01
2.70006e+01	1.21474e+01
2.82475e+01	1.27964e+01
2.95521e+01	1.34386e+01
3.09169e+01	1.40567e+01
3.23448e+01	1.46486e+01
3.38385e+01	1.52127e+01
3.54013e+01	1.57671e+01
3.70363e+01	1.63005e+01
3.87467e+01	1.68045e+01
4.05362e+01	1.72780e+01
4.24083e+01	1.77199e+01
4.43669e+01	1.81296e+01
4.64159e+01	1.85066e+01
4.85595e+01	1.88507e+01
5.08022e+01	1.91615e+01
5.31484e+01	1.94393e+01
5.56030e+01	1.96842e+01
5.81709e+01	1.98964e+01
6.08575e+01	2.00765e+01
6.36681e+01	2.02248e+01
6.66085e+01	2.03422e+01
6.96847e+01	2.04292e+01
7.29030e+01	2.04867e+01
7.62699e+01	2.05155e+01
7.97923e+01	2.05166e+01
8.34773e+01	2.04909e+01
8.73326e+01	2.04395e+01
9.13659e+01	2.03634e+01
9.55855e+01	2.02638e+01
1.00000e+02	2.01418e+01
1.04618e+02	1.99986e+01
1.09450e+02	1.98352e+01
1.14505e+02	1.96529e+01
1.19793e+02	1.94529e+01
1.25325e+02	1.92363e+01
1.31113e+02	1.90043e+01
1.37169e+02	1.87581e+01
1.43504e+02	1.84987e+01
1.50131e+02	1.82275e+01
1.57065e+02	1.79453e+01
1.64318e+02	1.76534e+01
1.71907e+02	1.73527e+01
1.79846e+02	1.70443e+01
1.88152e+02	1.67292e+01
1.96842e+02	1.64082e+01
2.05933e+02	1.60824e+01
2.15444e+02	1.57526e+01
2.25393e+02	1.54196e+01
2.35803e+02	1.50842e+01
2.46693e+02	1.47472e+01
2.58086e+02	1.44093e+01
2.70005e+02	1.40711e+01
2.82475e+02	1.37333e+01
2.95521e+02	1.33965e+01
3.09169e+02	1.30612e+01
3.23448e+02	1.27279e+01
3.38385e+02	1.23972e+01
3.54013e+02	1.20694e+01
3.70363e+02	1.17450e+01
3.87467e+02	1.14242e+01
4.05362e+02	1.11076e+01
4.24083e+02	1.07952e+01
4.43669e+02	1.04879e+01
4.64159e+02	1.01855e+01
4.85595e+02	9.88815e+00
5.08022e+02	9.59610e+00
5.31484e+02	9.30948e+00
5.56030e+02	9.02843e+00
5.81709e+02	8.75307e+00
6.08574e+02	8.48348e+00
6.36681e+02	8.21972e+00
6.66085e+02	7.96187e+00
6.96847e+02	7.70994e+00
7.29029e+02	7.46397e+00
7.62699e+02	7.22395e+00
7.97923e+02	6.98989e+00
8.34773e+02	6.76176e+00
8.73326e+02	6.53953e+00
9.13659e+02	6.32316e+00
9.55855e+02	6.11260e+00
1.00000e+03	5.90780e+00
1.04618e+03	5.70867e+00
1.09450e+03	5.51516e+00
1.14505e+03	5.32719e+00
1.19793e+03	5.14466e+00
1.25325e+03	4.96749e+00
1.31113e+03	4.79559e+00
1.37169e+03	4.62885e+00
1.43504e+03	4.46718e+00
1.50131e+03	4.31048e+00
1.57065e+03	4.15865e+00
1.64318e+03	4.01156e+00
1.71907e+03	3.86913e+00
1.79846e+03	3.73124e+00
1.88152e+03	3.59777e+00
1.96842e+03	3.46864e+00
2.05933e+03	3.34371e+00
2.15443e+03	3.22290e+00
2.25393e+03	3.10608e+00
2.35803e+03	2.99315e+00
2.46693e+03	2.88401e+00
2.58086e+03	2.77855e+00
2.70005e+03	2.67667e+00
2.82475e+03	2.57826e+00
2.95521e+03	2.48323e+00
3.09169e+03	2.39147e+00
3.23448e+03	2.30288e+00
3.38386e+03	2.21738e+00
3.54013e+03	2.13487e+00
3.70363e+03	2.05526e+00
3.87468e+03	1.97845e+00
4.05362e+03	1.90436e+00
4.24083e+03	1.83290e+00
4.43669e+03	1.76399e+00
4.64159e+03	1.69754e+00
4.85595e+03	1.63348e+00
5.08022e+03	1.57173e+00
5.31484e+03	1.51221e+00
5.56030e+03	1.45485e+00
5.81709e+03	1.39958e+00
6.08574e+03	1.34632e+00
6.36681e+03	1.29500e+00
6.66085e+03	1.24557e+00
6.96847e+03	1.19796e+00
7.29030e+03	1.15210e+00
7.62699e+03	1.10794e+00
7.97923e+03	1.06541e+00
8.34773e+03	1.02446e+00
8.73326e+03	9.85039e-01
9.13659e+03	9.47084e-01
9.55855e+03	9.10547e-01
1.00000e+04	8.75377e-01
1.04618e+04	8.41527e-01
1.09450e+04	8.08949e-01
1.14505e+04	7.77598e-01
1.19793e+04	7.47430e-01
1.25325e+04	7.18401e-01
1.31113e+04	6.90471e-01
1.37169e+04	6.63600e-01
1.43504e+04	6.37749e-01
1.50131e+04	6.12882e-01
1.57065e+04	5.88961e-01
1.64318e+04	5.65953e-01
1.71907e+04	5.43825e-01
1.79847e+04	5.22542e-01
1.88152e+04	5.02075e-01
1.96842e+04	4.82393e-01
2.05933e+04	4.63466e-01
2.15443e+04	4.45268e-01
2.25393e+04	4.27770e-01
2.35803e+04	4.10946e-01
2.46693e+04	3.94772e-01
2.58086e+04	3.79223e-01
2.70005e+04	3.64275e-01
2.82475e+04	3.49906e-01
2.95521e+04	3.36094e-01
3.09169e+04	3.22818e-01
3.23448e+04	3.10058e-01
3.38386e+04	2.97794e-01
3.54013e+04	2.86007e-01
3.70363e+04	2.74679e-01
3.87468e+04	2.63793e-01
4.05362e+04	2.53331e-01
4.24083e+04	2.43279e-01
4.43669e+04	2.33619e-01
4.64159e+04	2.24338e-01
4.85595e+04	2.15420e-01
5.08022e+04	2.06851e-01
5.31484e+04	1.98619e-01
5.56030e+04	1.90709e-01
5.81709e+04	1.83111e-01
6.08574e+04	1.75811e-01
6.36681e+04	1.68798e-01
6.66085e+04	1.62062e-01
6.96847e+04	1.55591e-01
7.29029e+04	1.49375e-01
7.62699e+04	1.43404e-01
7.97923e+04	1.37670e-01
8.34773e+04	1.32161e-01
8.73326e+04	1.26871e-01
9.13659e+04	1.21790e-01
9.55855e+04	1.16910e-01
1.00000e+05	1.12223e-01
1.04618e+05	1.07723e-01
1.09450e+05	1.03400e-01
1.14505e+05	9.92495e-02
1.19793e+05	9.52635e-02
1.25325e+05	9.14360e-02
1.31113e+05	8.77606e-02
1.37169e+05	8.42314e-02
1.43504e+05	8.08427e-02
1.50131e+05	7.75890e-02
1.57065e+05	7.44649e-02
1.64318e+05	7.14653e-02
1.71907e+05	6.85854e-02
1.79846e+05	6.58205e-02
1.88152e+05	6.31659e-02
1.96842e+05	6.06174e-02
2.05933e+05	5.81707e-02
2.15444e+05	5.58219e-02
2.25393e+05	5.35671e-02
2.35803e+05	5.14025e-02
2.46693e+05	4.93246e-02
2.58086e+05	4.73299e-02
2.70006e+05	4.54152e-02
2.82475e+05	4.35774e-02
2.95521e+05	4.18132e-02
3.09169e+05	4.01198e-02
3.23448e+05	3.84945e-02
3.38386e+05	3.69344e-02
3.54013e+05	3.54371e-02
3.70363e+05	3.40000e-02
3.87468e+05	3.26206e-02
4.05362e+05	3.12968e-02
4.24083e+05	3.00263e-02
4.43669e+05	2.88069e-02
4.64159e+05	2.76367e-02
4.85595e+05	2.65137e-02
5.08022e+05	2.54359e-02
5.31484e+05	2.44016e-02
5.56030e+05	2.34091e-02
5.81709e+05	2.24566e-02
6.08574e+05	2.15426e-02
6.36680e+05	2.06655e-02
6.66085e+05	1.98239e-02
6.96847e+05	1.90163e-02
7.29030e+05	1.82414e-02
7.62699e+05	1.74978e-02
7.97923e+05	1.67843e-02
8.34773e+05	1.60997e-02
8.73326e+05	1.54429e-02
9.13659e+05	1.48127e-02
9.55855e+05	1.42080e-02
1.00000e+06	1.36278e-02
