# N2O cross section
256
1.00000e+01	0.00000e+00
1.04618e+01	0.00000e+00
1.09450e+01	0.00000e+00
1.14505e+01	0.00000e+00
1.19793e+01	0.00000e+00
1.25325e+01	0.00000e+00
1.31113e+01	0.00000e+00
1.37169e+01	1.39605e-01
1.43504e+01	3.51348e-01
1.50131e+01	5.78946e-01
1.57065e+01	8.19016e-01
1.64318e+01	1.06859e+00
1.71907e+01	1.33606e+00
1.79846e+01	1.66691e+00
1.88152e+01	2.00639e+00
1.96842e+01	2.45226e+00
2.05933e+01	2.94251e+00
2.15444e+01	3.44295e+00
2.25393e+01	3.94917e+00
2.35803e+01	4.48423e+00
2.46693e+01	5.03293e+00
2.58086e+01	5.58021e+00
2.70006e+01	6.12279e+00
2.82475e+01	6.65779e+00
2.95521e+01	7.18271e+00
3.09169e+01	7.69537e+00
3.23448e+01	8.19388e+00
3.38385e+01	8.67659e+00
3.54013e+01	9.14212e+00
3.70363e+01	9.58924e+00
3.87467e+01	1.00205e+01
4.05362e+01	1.04478e+01
4.24083e+01	1.08556e+01
4.43669e+01	1.12456e+01
4.64159e+01	1.16277e+01
4.85595e+01	1.19892e+01
5.08022e+01	1.23293e+01
5.31484e+01	1.26473e+01
5.56030e+01	1.29427e+01
5.81709e+01	1.32152e+01
6.08575e+01	1.34646e+01
6.36681e+01	1.36907e+01
6.66085e+01	1.38935e+01
6.96847e+01	1.40732e+01
7.29030e+01	1.42300e+01
7.62699e+01	1.43640e+01
7.97923e+01	1.44757e+01
8.34773e+01	1.45654e+01
8.73326e+01	1.46336e+01
9.13659e+01	1.46809e+01
9.55855e+01	1.47078e+01
1.00000e+02	1.47149e+01
1.04618e+02	1.47030e+01
1.09450e+02	1.46727e+01
1.14505e+02	1.46247e+01
1.19793e+02	1.45597e+01
1.25325e+02	1.44787e+01
1.31113e+02	1.43823e+01
1.37169e+02	1.42714e+01
1.43504e+02	1.41468e+01
1.50131e+02	1.40092e+01
1.57065e+02	1.38596e+01
1.64318e+02	1.36987e+01
1.71907e+02	1.35274e+01
1.79846e+02	1.33464e+01
1.88152e+02	1.31565e+01
1.96842e+02	1.29586e+01
2.05933e+02	1.27534e+01
2.15444e+02	1.25416e+01
2.25393e+02	1.23240e+01
2.35803e+02	1.21013e+01
2.46693e+02	1.18740e+01
2.58086e+02	1.16430e+01
2.70005e+02	1.14088e+01
2.82475e+02	1.11720e+01
2.95521e+02	1.09333e+01
3.09169e+02	1.06930e+01
3.23448e+02	1.04519e+01
3.38385e+02	1.02103e+01
3.54013e+02	9.96872e+00
3.70363e+02	9.72760e+00
3.87467e+02	9.48733e+00
4.05362e+02	9.24831e+00
4.24083e+02	9.01088e+00
4.43669e+02	8.77563e+00
4.64159e+02	8.54271e+00
4.85595e+02	8.31230e+00
5.08022e+02	8.08466e+00
5.31484e+02	7.86000e+00
5.56030e+02	7.63853e+00
5.81709e+02	7.42050e+00
6.08574e+02	7.20602e+00
6.36681e+02	6.99522e+00
6.66085e+02	6.78821e+00
6.96847e+02	6.58511e+00
7.29029e+02	6.38599e+00
7.62699e+02	6.19093e+00
7.97923e+02	6.00000e+00
8.34773e+02	5.81323e+00
8.73326e+02	5.63067e+00
9.13659e+02	5.45233e+00
9.55855e+02	5.27822e+00
1.00000e+03	5.10836e+00
1.04618e+03	4.94272e+00
1.09450e+03	4.78130e+00
1.14505e+03	4.62407e+00
1.19793e+03	4.47100e+00
1.25325e+03	4.32205e+00
1.31113e+03	4.17718e+00
1.37169e+03	4.03633e+00
1.43504e+03	3.89947e+00
1.50131e+03	3.76653e+00
1.57065e+03	3.63744e+00
1.64318e+03	3.51215e+00
1.71907e+03	3.39059e+00
1.79846e+03	3.27268e+00
1.88152e+03	3.15837e+00
1.96842e+03	3.04757e+00
2.05933e+03	2.94021e+00
2.15443e+03	2.83621e+00
2.25393e+03	2.73550e+00
2.35803e+03	2.63800e+00
2.46693e+03	2.54364e+00
2.58086e+03	2.45234e+00
2.70005e+03	2.36401e+00
2.82475e+03	2.27859e+00
2.95521e+03	2.19600e+00
3.09169e+03	2.11616e+00
3.23448e+03	2.03899e+00
3.38386e+03	1.96443e+00
3.54013e+03	1.89240e+00
3.70363e+03	1.82282e+00
3.87468e+03	1.75563e+00
4.05362e+03	1.69075e+00
4.24083e+03	1.62812e+00
4.43669e+03	1.56767e+00
4.64159e+03	1.50933e+00
4.85595e+03	1.45304e+00
5.08022e+03	1.39873e+00
5.31484e+03	1.34635e+00
5.56030e+03	1.29582e+00
5.81709e+03	1.24710e+00
6.08574e+03	1.20012e+00
6.36681e+03	1.15483e+00
6.66085e+03	1.11117e+00
6.96847e+03	1.06908e+00
7.29030e+03	1.02853e+00
7.62699e+03	9.89444e-01
7.97923e+03	9.51787e-01
8.34773e+03	9.15506e-01
8.73326e+03	8.80557e-01
9.13659e+03	8.46892e-01
9.55855e+03	8.14468e-01
1.00000e+04	7.83242e-01
1.04618e+04	7.53173e-01
1.09450e+04	7.24220e-01
1.14505e+04	6.96344e-01
1.19793e+04	6.69508e-01
1.25325e+04	6.43674e-01
1.31113e+04	6.18808e-01
1.37169e+04	5.94875e-01
1.43504e+04	5.71841e-01
1.50131e+04	5.49674e-01
1.57065e+04	5.28344e-01
1.64318e+04	5.07820e-01
1.71907e+04	4.88073e-01
1.79847e+04	4.69074e-01
1.88152e+04	4.50797e-01
1.96842e+04	4.33215e-01
2.05933e+04	4.16304e-01
2.15443e+04	4.00037e-01
2.25393e+04	3.84392e-01
2.35803e+04	3.69345e-01
2.46693e+04	3.54875e-01
2.58086e+04	3.40960e-01
2.70005e+04	3.27579e-01
2.82475e+04	3.14714e-01
2.95521e+04	3.02343e-01
3.09169e+04	2.90450e-01
3.23448e+04	2.79015e-01
3.38386e+04	2.68023e-01
3.54013e+04	2.57456e-01
3.70363e+04	2.47298e-01
3.87468e+04	2.37534e-01
4.05362e+04	2.28149e-01
4.24083e+04	2.19128e-01
4.43669e+04	2.10458e-01
4.64159e+04	2.02126e-01
4.85595e+04	1.94119e-01
5.08022e+04	1.86423e-01
5.31484e+04	1.79029e-01
5.56030e+04	1.71923e-01
5.81709e+04	1.65095e-01
6.08574e+04	1.58534e-01
6.36681e+04	1.52230e-01
6.66085e+04	1.46174e-01
6.96847e+04	1.40355e-01
7.29029e+04	1.34764e-01
7.62699e+04	1.29393e-01
7.97923e+04	1.24234e-01
8.34773e+04	1.19277e-01
8.73326e+04	1.14516e-01
9.13659e+04	1.09942e-01
9.55855e+04	1.05549e-01
1.00000e+05	1.01329e-01
1.04618e+05	9.72761e-02
1.09450e+05	9.33831e-02
1.14505e+05	8.96441e-02
1.19793e+05	8.60531e-02
1.25325e+05	8.26043e-02
1.31113e+05	7.92921e-02
1.37169e+05	7.61113e-02
1.43504e+05	7.30567e-02
1.50131e+05	7.01233e-02
1.57065e+05	6.73064e-02
1.64318e+05	6.46015e-02
1.71907e+05	6.20042e-02
1.79846e+05	5.95103e-02
1.88152e+05	5.71156e-02
1.96842e+05	5.48163e-02
2.05933e+05	5.26086e-02
2.15444e+05	5.04890e-02
2.25393e+05	4.84540e-02
2.35803e+05	4.65001e-02
2.46693e+05	4.46244e-02
2.58086e+05	4.28236e-02
2.70006e+05	4.10947e-02
2.82475e+05	3.94351e-02
2.95521e+05	3.78418e-02
3.09169e+05	3.63123e-02
3.23448e+05	3.48441e-02
3.38386e+05	3.34348e-02
3.54013e+05	3.20819e-02
3.70363e+05	3.07834e-02
3.87468e+05	2.95369e-02
4.05362e+05	2.83405e-02
4.24083e+05	2.71921e-02
4.43669e+05	2.60899e-02
4.64159e+05	2.50320e-02
4.85595e+05	2.40166e-02
5.08022e+05	2.30421e-02
5.31484e+05	2.21068e-02
5.56030e+05	2.12092e-02
5.81709e+05	2.03477e-02
6.08574e+05	1.95210e-02
6.36680e+05	1.87276e-02
6.66085e+05	1.79662e-02
6.96847e+05	1.72355e-02
7.29030e+05	1.65343e-02
7.62699e+05	1.58614e-02
7.97923e+05	1.52157e-02
8.34773e+05	1.45961e-02
8.73326e+05	1.40016e-02
9.13659e+05	1.34311e-02
9.55855e+05	1.28836e-02
1.00000e+06	1.23584e-02
