# NH cross section
256
1.00000e+01	0.00000e+00
1.04618e+01	0.00000e+00
1.09450e+01	0.00000e+00
1.14505e+01	0.00000e+00
1.19793e+01	0.00000e+00
1.25325e+01	0.00000e+00
1.31113e+01	0.00000e+00
1.37169e+01	1.09551e-01
1.43504e+01	2.89706e-01
1.50131e+01	4.83180e-01
1.57065e+01	7.25079e-01
1.64318e+01	9.89591e-01
1.71907e+01	1.26318e+00
1.79846e+01	1.54297e+00
1.88152e+01	1.82644e+00
1.96842e+01	2.11138e+00
2.05933e+01	2.39586e+00
2.15444e+01	2.67819e+00
2.25393e+01	2.95689e+00
2.35803e+01	3.23067e+00
2.46693e+01	3.49843e+00
2.58086e+01	3.77075e+00
2.70006e+01	4.04702e+00
2.82475e+01	4.31633e+00
2.95521e+01	4.57766e+00
3.09169e+01	4.83010e+00
3.23448e+01	5.07603e+00
3.38385e+01	5.32293e+00
3.54013e+01	5.56009e+00
3.70363e+01	5.78677e+00
3.87467e+01	6.00237e+00
4.05362e+01	6.20637e+00
4.24083e+01	6.39837e+00
4.43669e+01	6.57805e+00
4.64159e+01	6.74518e+00
4.85595e+01	6.89959e+00
5.08022e+01	7.04117e+00
5.31484e+01	7.16990e+00
5.56030e+01	7.28578e+00
5.81709e+01	7.38889e+00
6.08575e+01	7.47933e+00
6.36681e+01	7.55729e+00
6.66085e+01	7.62293e+00
6.96847e+01	7.67651e+00
7.29030e+01	7.71828e+00
7.62699e+01	7.74855e+00
7.97923e+01	7.76763e+00
8.34773e+01	7.77587e+00
8.73326e+01	7.77364e+00
9.13659e+01	7.76133e+00
9.55855e+01	7.73933e+00
1.00000e+02	7.70807e+00
1.04618e+02	7.66797e+00
1.09450e+02	7.61946e+00
1.14505e+02	7.56300e+00
1.19793e+02	7.49902e+00
1.25325e+02	7.42797e+00
1.31113e+02	7.35031e+00
1.37169e+02	7.26648e+00
1.43504e+02	7.17693e+00
1.50131e+02	7.08209e+00
1.57065e+02	6.98241e+00
1.64318e+02	6.87830e+00
1.71907e+02	6.77018e+00
1.79846e+02	6.65847e+00
1.88152e+02	6.54354e+00
1.96842e+02	6.42580e+00
2.05933e+02	6.30560e+00
2.15444e+02	6.18331e+00
2.25393e+02	6.05926e+00
2.35803e+02	5.93379e+00
2.46693e+02	5.80720e+00
2.58086e+02	5.67979e+00
2.70005e+02	5.55184e+00
2.82475e+02	5.42362e+00
2.95521e+02	5.29538e+00
3.09169e+02	5.16736e+00
3.23448e+02	5.03977e+00
3.38385e+02	4.91282e+00
3.54013e+02	4.78670e+00
3.70363e+02	4.66159e+00
3.87467e+02	4.53764e+00
4.05362e+02	4.41501e+00
4.24083e+02	4.29384e+00
4.43669e+02	4.17441e+00
4.64159e+02	4.05668e+00
4.85595e+02	3.94075e+00
5.08022e+02	3.82671e+00
5.31484e+02	3.71461e+00
5.56030e+02	3.60454e+00
5.81709e+02	3.49655e+00
6.08574e+02	3.39068e+00
6.36681e+02	3.28698e+00
6.66085e+02	3.18547e+00
6.96847e+02	3.08619e+00
7.29029e+02	2.98915e+00
7.62699e+02	2.89435e+00
7.97923e+02	2.80181e+00
8.34773e+02	2.71153e+00
8.73326e+02	2.62351e+00
9.13659e+02	2.53773e+00
9.55855e+02	2.45418e+00
1.00000e+03	2.37285e+00
1.04618e+03	2.29371e+00
1.09450e+03	2.21675e+00
1.14505e+03	2.14193e+00
1.19793e+03	2.06923e+00
1.25325e+03	1.99861e+00
1.31113e+03	1.93005e+00
1.37169e+03	1.86351e+00
1.43504e+03	1.79896e+00
1.50131e+03	1.73635e+00
1.57065e+03	1.67565e+00
1.64318e+03	1.61681e+00
1.71907e+03	1.55981e+00
1.79846e+03	1.50460e+00
1.88152e+03	1.45114e+00
1.96842e+03	1.39938e+00
2.05933e+03	1.34930e+00
2.15443e+03	1.30083e+00
2.25393e+03	1.25395e+00
2.35803e+03	1.20862e+00
2.46693e+03	1.16479e+00
2.58086e+03	1.12242e+00
2.70005e+03	1.08147e+00
2.82475e+03	1.04191e+00
2.95521e+03	1.00368e+00
3.09169e+03	9.66769e-01
3.23448e+03	9.31119e-01
3.38386e+03	8.96700e-01
3.54013e+03	8.63473e-01
3.70363e+03	8.31404e-01
3.87468e+03	8.00456e-01
4.05362e+03	7.70595e-01
4.24083e+03	7.41788e-01
4.43669e+03	7.14001e-01
4.64159e+03	6.87201e-01
4.85595e+03	6.61358e-01
5.08022e+03	6.36440e-01
5.31484e+03	6.12417e-01
5.56030e+03	5.89260e-01
5.81709e+03	5.66941e-01
6.08574e+03	5.45431e-01
6.36681e+03	5.24703e-01
6.66085e+03	5.04732e-01
6.96847e+03	4.85492e-01
7.29030e+03	4.66958e-01
7.62699e+03	4.49105e-01
7.97923e+03	4.31910e-01
8.34773e+03	4.15351e-01
8.73326e+03	3.99406e-01
9.13659e+03	3.84052e-01
9.55855e+03	3.69270e-01
1.00000e+04	3.55039e-01
1.04618e+04	3.41340e-01
1.09450e+04	3.28155e-01
1.14505e+04	3.15464e-01
1.19793e+04	3.03249e-01
1.25325e+04	2.91495e-01
1.31113e+04	2.80185e-01
1.37169e+04	2.69302e-01
1.43504e+04	2.58831e-01
1.50131e+04	2.48756e-01
1.57065e+04	2.39065e-01
1.64318e+04	2.29742e-01
1.71907e+04	2.20775e-01
1.79847e+04	2.12149e-01
1.88152e+04	2.03853e-01
1.96842e+04	1.95875e-01
2.05933e+04	1.88202e-01
2.15443e+04	1.80823e-01
2.25393e+04	1.73728e-01
2.35803e+04	1.66906e-01
2.46693e+04	1.60346e-01
2.58086e+04	1.54039e-01
2.70005e+04	1.47976e-01
2.82475e+04	1.42147e-01
2.95521e+04	1.36544e-01
3.09169e+04	1.31157e-01
3.23448e+04	1.25980e-01
3.38386e+04	1.21003e-01
3.54013e+04	1.16220e-01
3.70363e+04	1.11622e-01
3.87468e+04	1.07204e-01
4.05362e+04	1.02957e-01
4.24083e+04	9.88767e-02
4.43669e+04	9.49553e-02
4.64159e+04	9.11870e-02
4.85595e+04	8.75661e-02
5.08022e+04	8.40869e-02
5.31484e+04	8.07440e-02
5.56030e+04	7.75321e-02
5.81709e+04	7.44462e-02
6.08574e+04	7.14814e-02
6.36681e+04	6.86331e-02
6.66085e+04	6.58969e-02
6.96847e+04	6.32683e-02
7.29029e+04	6.07432e-02
7.62699e+04	5.83176e-02
7.97923e+04	5.59877e-02
8.34773e+04	5.37497e-02
8.73326e+04	5.16001e-02
9.13659e+04	4.95355e-02
9.55855e+04	4.75525e-02
1.00000e+05	4.56479e-02
1.04618e+05	4.38187e-02
1.09450e+05	4.20621e-02
1.14505e+05	4.03750e-02
1.19793e+05	3.87549e-02
1.25325e+05	3.71991e-02
1.31113e+05	3.57051e-02
1.37169e+05	3.42704e-02
1.43504e+05	3.28928e-02
1.50131e+05	3.15700e-02
1.57065e+05	3.02999e-02
1.64318e+05	2.90803e-02
1.71907e+05	2.79093e-02
1.79846e+05	2.67850e-02
1.88152e+05	2.57056e-02
1.96842e+05	2.46693e-02
2.05933e+05	2.36743e-02
2.15444e+05	2.27191e-02
2.25393e+05	2.18020e-02
2.35803e+05	2.09217e-02
2.46693e+05	2.00765e-02
2.58086e+05	1.92652e-02
2.70006e+05	1.84864e-02
2.82475e+05	1.77388e-02
2.95521e+05	1.70212e-02
3.09169e+05	1.63323e-02
3.23448e+05	1.56711e-02
3.38386e+05	1.50364e-02
3.54013e+05	1.44272e-02
3.70363e+05	1.38425e-02
3.87468e+05	1.32813e-02
4.05362e+05	1.27427e-02
4.24083e+05	1.22257e-02
4.43669e+05	1.17295e-02
4.64159e+05	1.12533e-02
4.85595e+05	1.07963e-02
5.08022e+05	1.03577e-02
5.31484e+05	9.93682e-03
5.56030e+05	9.53288e-03
5.81709e+05	9.14524e-03
6.08574e+05	8.77324e-03
6.36680e+05	8.41626e-03
6.66085e+05	8.07370e-03
6.96847e+05	7.74498e-03
7.29030e+05	7.42954e-03
7.62699e+05	7.12686e-03
7.97923e+05	6.83643e-03
8.34773e+05	6.55775e-03
8.73326e+05	6.29034e-03
9.13659e+05	6.03377e-03
9.55855e+05	5.78759e-03
1.00000e+06	5.55138e-03
