# NH2CH2CN cross section
256
1.00000e+01	0.00000e+00
1.04600e+01	0.00000e+00
1.09400e+01	8.35100e-02
1.14500e+01	2.61600e-01
1.19800e+01	4.53600e-01
1.25300e+01	6.56500e-01
1.31100e+01	9.45700e-01
1.37200e+01	1.50100e+00
1.43500e+01	2.13700e+00
1.50100e+01	2.80200e+00
1.57100e+01	3.50900e+00
1.64300e+01	4.31900e+00
1.71900e+01	5.19300e+00
1.79800e+01	6.21900e+00
1.88200e+01	7.27200e+00
1.96800e+01	8.41300e+00
2.05900e+01	9.56000e+00
2.15400e+01	1.07100e+01
2.25400e+01	1.18400e+01
2.35800e+01	1.29600e+01
2.46700e+01	1.40600e+01
2.58100e+01	1.51300e+01
2.70000e+01	1.61700e+01
2.82500e+01	1.72200e+01
2.95500e+01	1.82300e+01
3.09200e+01	1.92000e+01
3.23400e+01	2.01300e+01
3.38400e+01	2.10300e+01
3.54000e+01	2.19300e+01
3.70400e+01	2.27800e+01
3.87500e+01	2.35900e+01
4.05400e+01	2.43500e+01
4.24100e+01	2.50600e+01
4.43700e+01	2.57100e+01
4.64200e+01	2.63200e+01
4.85600e+01	2.68800e+01
5.08000e+01	2.73900e+01
5.31500e+01	2.78400e+01
5.56000e+01	2.82500e+01
5.81700e+01	2.86000e+01
6.08600e+01	2.89000e+01
6.36700e+01	2.91600e+01
6.66100e+01	2.93600e+01
6.96800e+01	2.95200e+01
7.29000e+01	2.96300e+01
7.62700e+01	2.97000e+01
7.97900e+01	2.97300e+01
8.34800e+01	2.97200e+01
8.73300e+01	2.96600e+01
9.13700e+01	2.95700e+01
9.55900e+01	2.94400e+01
1.00000e+02	2.92800e+01
1.04600e+02	2.90900e+01
1.09400e+02	2.88600e+01
1.14500e+02	2.86100e+01
1.19800e+02	2.83300e+01
1.25300e+02	2.80200e+01
1.31100e+02	2.76900e+01
1.37200e+02	2.73400e+01
1.43500e+02	2.69700e+01
1.50100e+02	2.65800e+01
1.57100e+02	2.61700e+01
1.64300e+02	2.57500e+01
1.71900e+02	2.53200e+01
1.79800e+02	2.48700e+01
1.88200e+02	2.44200e+01
1.96800e+02	2.39500e+01
2.05900e+02	2.34800e+01
2.15400e+02	2.30000e+01
2.25400e+02	2.25100e+01
2.35800e+02	2.20300e+01
2.46700e+02	2.15400e+01
2.58100e+02	2.10400e+01
2.70000e+02	2.05500e+01
2.82500e+02	2.00600e+01
2.95500e+02	1.95700e+01
3.09200e+02	1.90800e+01
3.23400e+02	1.86000e+01
3.38400e+02	1.81100e+01
3.54000e+02	1.76400e+01
3.70400e+02	1.71600e+01
3.87500e+02	1.67000e+01
4.05400e+02	1.62400e+01
4.24100e+02	1.57800e+01
4.43700e+02	1.53300e+01
4.64200e+02	1.48900e+01
4.85600e+02	1.44600e+01
5.08000e+02	1.40300e+01
5.31500e+02	1.36200e+01
5.56000e+02	1.32100e+01
5.81700e+02	1.28100e+01
6.08600e+02	1.24100e+01
6.36700e+02	1.20300e+01
6.66100e+02	1.16500e+01
6.96800e+02	1.12800e+01
7.29000e+02	1.09300e+01
7.62700e+02	1.05800e+01
7.97900e+02	1.02300e+01
8.34800e+02	9.90100e+00
8.73300e+02	9.57700e+00
9.13700e+02	9.26100e+00
9.55900e+02	8.95300e+00
1.00000e+03	8.65400e+00
1.04600e+03	8.36400e+00
1.09400e+03	8.08100e+00
1.14500e+03	7.80700e+00
1.19800e+03	7.54000e+00
1.25300e+03	7.28100e+00
1.31100e+03	7.03000e+00
1.37200e+03	6.78600e+00
1.43500e+03	6.55000e+00
1.50100e+03	6.32100e+00
1.57100e+03	6.09900e+00
1.64300e+03	5.88400e+00
1.71900e+03	5.67600e+00
1.79800e+03	5.47400e+00
1.88200e+03	5.27900e+00
1.96800e+03	5.09000e+00
2.05900e+03	4.90700e+00
2.15400e+03	4.73000e+00
2.25400e+03	4.55900e+00
2.35800e+03	4.39400e+00
2.46700e+03	4.23400e+00
2.58100e+03	4.08000e+00
2.70000e+03	3.93100e+00
2.82500e+03	3.78700e+00
2.95500e+03	3.64700e+00
3.09200e+03	3.51300e+00
3.23400e+03	3.38300e+00
3.38400e+03	3.25800e+00
3.54000e+03	3.13700e+00
3.70400e+03	3.02000e+00
3.87500e+03	2.90800e+00
4.05400e+03	2.79900e+00
4.24100e+03	2.69400e+00
4.43700e+03	2.59300e+00
4.64200e+03	2.49600e+00
4.85600e+03	2.40200e+00
5.08000e+03	2.31100e+00
5.31500e+03	2.22400e+00
5.56000e+03	2.14000e+00
5.81700e+03	2.05900e+00
6.08600e+03	1.98000e+00
6.36700e+03	1.90500e+00
6.66100e+03	1.83300e+00
6.96800e+03	1.76300e+00
7.29000e+03	1.69500e+00
7.62700e+03	1.63000e+00
7.97900e+03	1.56800e+00
8.34800e+03	1.50800e+00
8.73300e+03	1.45000e+00
9.13700e+03	1.39400e+00
9.55900e+03	1.34000e+00
1.00000e+04	1.28900e+00
1.04600e+04	1.23900e+00
1.09400e+04	1.19100e+00
1.14500e+04	1.14500e+00
1.19800e+04	1.10100e+00
1.25300e+04	1.05800e+00
1.31100e+04	1.01700e+00
1.37200e+04	9.77500e-01
1.43500e+04	9.39500e-01
1.50100e+04	9.02900e-01
1.57100e+04	8.67700e-01
1.64300e+04	8.33900e-01
1.71900e+04	8.01300e-01
1.79800e+04	7.70000e-01
1.88200e+04	7.39900e-01
1.96800e+04	7.10900e-01
2.05900e+04	6.83100e-01
2.15400e+04	6.56300e-01
2.25400e+04	6.30500e-01
2.35800e+04	6.05800e-01
2.46700e+04	5.82000e-01
2.58100e+04	5.59100e-01
2.70000e+04	5.37100e-01
2.82500e+04	5.15900e-01
2.95500e+04	4.95600e-01
3.09200e+04	4.76000e-01
3.23400e+04	4.57200e-01
3.38400e+04	4.39200e-01
3.54000e+04	4.21800e-01
3.70400e+04	4.05100e-01
3.87500e+04	3.89100e-01
4.05400e+04	3.73700e-01
4.24100e+04	3.58900e-01
4.43700e+04	3.44600e-01
4.64200e+04	3.30900e-01
4.85600e+04	3.17800e-01
5.08000e+04	3.05200e-01
5.31500e+04	2.93000e-01
5.56000e+04	2.81400e-01
5.81700e+04	2.70200e-01
6.08600e+04	2.59400e-01
6.36700e+04	2.49100e-01
6.66100e+04	2.39200e-01
6.96800e+04	2.29600e-01
7.29000e+04	2.20500e-01
7.62700e+04	2.11700e-01
7.97900e+04	2.03200e-01
8.34800e+04	1.95100e-01
8.73300e+04	1.87300e-01
9.13700e+04	1.79800e-01
9.55900e+04	1.72600e-01
1.00000e+05	1.65700e-01
1.04600e+05	1.59000e-01
1.09400e+05	1.52700e-01
1.14500e+05	1.46500e-01
1.19800e+05	1.40700e-01
1.25300e+05	1.35000e-01
1.31100e+05	1.29600e-01
1.37200e+05	1.24400e-01
1.43500e+05	1.19400e-01
1.50100e+05	1.14600e-01
1.57100e+05	1.10000e-01
1.64300e+05	1.05500e-01
1.71900e+05	1.01300e-01
1.79800e+05	9.72200e-02
1.88200e+05	9.33000e-02
1.96800e+05	8.95400e-02
2.05900e+05	8.59300e-02
2.15400e+05	8.24600e-02
2.25400e+05	7.91300e-02
2.35800e+05	7.59400e-02
2.46700e+05	7.28700e-02
2.58100e+05	6.99300e-02
2.70000e+05	6.71000e-02
2.82500e+05	6.43900e-02
2.95500e+05	6.17800e-02
3.09200e+05	5.92800e-02
3.23400e+05	5.68800e-02
3.38400e+05	5.45800e-02
3.54000e+05	5.23700e-02
3.70400e+05	5.02500e-02
3.87500e+05	4.82100e-02
4.05400e+05	4.62500e-02
4.24100e+05	4.43800e-02
4.43700e+05	4.25800e-02
4.64200e+05	4.08500e-02
4.85600e+05	3.91900e-02
5.08000e+05	3.76000e-02
5.31500e+05	3.60700e-02
5.56000e+05	3.46000e-02
5.81700e+05	3.32000e-02
6.08600e+05	3.18500e-02
6.36700e+05	3.05500e-02
6.66100e+05	2.93100e-02
6.96800e+05	2.81100e-02
7.29000e+05	2.69700e-02
7.62700e+05	2.58700e-02
7.97900e+05	2.48200e-02
8.34800e+05	2.38000e-02
8.73300e+05	2.28300e-02
9.13700e+05	2.19000e-02
9.55900e+05	2.10100e-02
1.00000e+06	2.01500e-02
