# NH2CHS cross section
256
1.00000e+01	1.16532e+00
1.04618e+01	1.64918e+00
1.09450e+01	2.15370e+00
1.14505e+01	2.67358e+00
1.19793e+01	3.20417e+00
1.25325e+01	3.74139e+00
1.31113e+01	4.28165e+00
1.37169e+01	4.99026e+00
1.43504e+01	5.78157e+00
1.50131e+01	6.58573e+00
1.57065e+01	7.39641e+00
1.64318e+01	8.22297e+00
1.71907e+01	9.12510e+00
1.79846e+01	1.00268e+01
1.88152e+01	1.09225e+01
1.96842e+01	1.18074e+01
2.05933e+01	1.26781e+01
2.15444e+01	1.35957e+01
2.25393e+01	1.44968e+01
2.35803e+01	1.54241e+01
2.46693e+01	1.63382e+01
2.58086e+01	1.72285e+01
2.70006e+01	1.80913e+01
2.82475e+01	1.89442e+01
2.95521e+01	1.97823e+01
3.09169e+01	2.05876e+01
3.23448e+01	2.13575e+01
3.38385e+01	2.20897e+01
3.54013e+01	2.27946e+01
3.70363e+01	2.34741e+01
3.87467e+01	2.41133e+01
4.05362e+01	2.47110e+01
4.24083e+01	2.52660e+01
4.43669e+01	2.57776e+01
4.64159e+01	2.62452e+01
4.85595e+01	2.66686e+01
5.08022e+01	2.70476e+01
5.31484e+01	2.73824e+01
5.56030e+01	2.76734e+01
5.81709e+01	2.79210e+01
6.08575e+01	2.81258e+01
6.36681e+01	2.82886e+01
6.66085e+01	2.84103e+01
6.96847e+01	2.84919e+01
7.29030e+01	2.85345e+01
7.62699e+01	2.85393e+01
7.97923e+01	2.85075e+01
8.34773e+01	2.84406e+01
8.73326e+01	2.83398e+01
9.13659e+01	2.82067e+01
9.55855e+01	2.80428e+01
1.00000e+02	2.78496e+01
1.04618e+02	2.76285e+01
1.09450e+02	2.73813e+01
1.14505e+02	2.71094e+01
1.19793e+02	2.68145e+01
1.25325e+02	2.64981e+01
1.31113e+02	2.61618e+01
1.37169e+02	2.58072e+01
1.43504e+02	2.54357e+01
1.50131e+02	2.50489e+01
1.57065e+02	2.46482e+01
1.64318e+02	2.42351e+01
1.71907e+02	2.38109e+01
1.79846e+02	2.33772e+01
1.88152e+02	2.29372e+01
1.96842e+02	2.24903e+01
2.05933e+02	2.20376e+01
2.15444e+02	2.15803e+01
2.25393e+02	2.11194e+01
2.35803e+02	2.06559e+01
2.46693e+02	2.01910e+01
2.58086e+02	1.97257e+01
2.70005e+02	1.92607e+01
2.82475e+02	1.87967e+01
2.95521e+02	1.83345e+01
3.09169e+02	1.78748e+01
3.23448e+02	1.74185e+01
3.38385e+02	1.69661e+01
3.54013e+02	1.65180e+01
3.70363e+02	1.60748e+01
3.87467e+02	1.56368e+01
4.05362e+02	1.52046e+01
4.24083e+02	1.47785e+01
4.43669e+02	1.43591e+01
4.64159e+02	1.39464e+01
4.85595e+02	1.35408e+01
5.08022e+02	1.31424e+01
5.31484e+02	1.27515e+01
5.56030e+02	1.23682e+01
5.81709e+02	1.19928e+01
6.08574e+02	1.16252e+01
6.36681e+02	1.12655e+01
6.66085e+02	1.09140e+01
6.96847e+02	1.05705e+01
7.29029e+02	1.02351e+01
7.62699e+02	9.90777e+00
7.97923e+02	9.58857e+00
8.34773e+02	9.27742e+00
8.73326e+02	8.97428e+00
9.13659e+02	8.67910e+00
9.55855e+02	8.39181e+00
1.00000e+03	8.11231e+00
1.04618e+03	7.84052e+00
1.09450e+03	7.57635e+00
1.14505e+03	7.31967e+00
1.19793e+03	7.07038e+00
1.25325e+03	6.82835e+00
1.31113e+03	6.59346e+00
1.37169e+03	6.36557e+00
1.43504e+03	6.14456e+00
1.50131e+03	5.93028e+00
1.57065e+03	5.72259e+00
1.64318e+03	5.52135e+00
1.71907e+03	5.32642e+00
1.79846e+03	5.13765e+00
1.88152e+03	4.95490e+00
1.96842e+03	4.77801e+00
2.05933e+03	4.60685e+00
2.15443e+03	4.44126e+00
2.25393e+03	4.28111e+00
2.35803e+03	4.12625e+00
2.46693e+03	3.97654e+00
2.58086e+03	3.83184e+00
2.70005e+03	3.69201e+00
2.82475e+03	3.55691e+00
2.95521e+03	3.42640e+00
3.09169e+03	3.30036e+00
3.23448e+03	3.17865e+00
3.38386e+03	3.06114e+00
3.54013e+03	2.94771e+00
3.70363e+03	2.83823e+00
3.87468e+03	2.73258e+00
4.05362e+03	2.63065e+00
4.24083e+03	2.53231e+00
4.43669e+03	2.43745e+00
4.64159e+03	2.34597e+00
4.85595e+03	2.25775e+00
5.08022e+03	2.17269e+00
5.31484e+03	2.09068e+00
5.56030e+03	2.01163e+00
5.81709e+03	1.93544e+00
6.08574e+03	1.86201e+00
6.36681e+03	1.79126e+00
6.66085e+03	1.72308e+00
6.96847e+03	1.65740e+00
7.29030e+03	1.59412e+00
7.62699e+03	1.53317e+00
7.97923e+03	1.47447e+00
8.34773e+03	1.41794e+00
8.73326e+03	1.36350e+00
9.13659e+03	1.31109e+00
9.55855e+03	1.26062e+00
1.00000e+04	1.21203e+00
1.04618e+04	1.16526e+00
1.09450e+04	1.12024e+00
1.14505e+04	1.07692e+00
1.19793e+04	1.03521e+00
1.25325e+04	9.95083e-01
1.31113e+04	9.56465e-01
1.37169e+04	9.19307e-01
1.43504e+04	8.83556e-01
1.50131e+04	8.49160e-01
1.57065e+04	8.16070e-01
1.64318e+04	7.84239e-01
1.71907e+04	7.53620e-01
1.79847e+04	7.24170e-01
1.88152e+04	6.95844e-01
1.96842e+04	6.68603e-01
2.05933e+04	6.42405e-01
2.15443e+04	6.17212e-01
2.25393e+04	5.92987e-01
2.35803e+04	5.69694e-01
2.46693e+04	5.47297e-01
2.58086e+04	5.25764e-01
2.70005e+04	5.05063e-01
2.82475e+04	4.85162e-01
2.95521e+04	4.66030e-01
3.09169e+04	4.47639e-01
3.23448e+04	4.29962e-01
3.38386e+04	4.12971e-01
3.54013e+04	3.96640e-01
3.70363e+04	3.80944e-01
3.87468e+04	3.65859e-01
4.05362e+04	3.51362e-01
4.24083e+04	3.37430e-01
4.43669e+04	3.24043e-01
4.64159e+04	3.11178e-01
4.85595e+04	2.98817e-01
5.08022e+04	2.86940e-01
5.31484e+04	2.75527e-01
5.56030e+04	2.64563e-01
5.81709e+04	2.54029e-01
6.08574e+04	2.43908e-01
6.36681e+04	2.34185e-01
6.66085e+04	2.24845e-01
6.96847e+04	2.15872e-01
7.29029e+04	2.07253e-01
7.62699e+04	1.98974e-01
7.97923e+04	1.91021e-01
8.34773e+04	1.83382e-01
8.73326e+04	1.76045e-01
9.13659e+04	1.68998e-01
9.55855e+04	1.62230e-01
1.00000e+05	1.55729e-01
1.04618e+05	1.49486e-01
1.09450e+05	1.43491e-01
1.14505e+05	1.37734e-01
1.19793e+05	1.32204e-01
1.25325e+05	1.26895e-01
1.31113e+05	1.21796e-01
1.37169e+05	1.16900e-01
1.43504e+05	1.12199e-01
1.50131e+05	1.07685e-01
1.57065e+05	1.03351e-01
1.64318e+05	9.91890e-02
1.71907e+05	9.51933e-02
1.79846e+05	9.13570e-02
1.88152e+05	8.76737e-02
1.96842e+05	8.41376e-02
2.05933e+05	8.07427e-02
2.15444e+05	7.74835e-02
2.25393e+05	7.43546e-02
2.35803e+05	7.13509e-02
2.46693e+05	6.84675e-02
2.58086e+05	6.56995e-02
2.70006e+05	6.30425e-02
2.82475e+05	6.04920e-02
2.95521e+05	5.80437e-02
3.09169e+05	5.56937e-02
3.23448e+05	5.34380e-02
3.38386e+05	5.12729e-02
3.54013e+05	4.91948e-02
3.70363e+05	4.72002e-02
3.87468e+05	4.52858e-02
4.05362e+05	4.34485e-02
4.24083e+05	4.16851e-02
4.43669e+05	3.99926e-02
4.64159e+05	3.83684e-02
4.85595e+05	3.68096e-02
5.08022e+05	3.53137e-02
5.31484e+05	3.38780e-02
5.56030e+05	3.25003e-02
5.81709e+05	3.11783e-02
6.08574e+05	2.99095e-02
6.36680e+05	2.86921e-02
6.66085e+05	2.75238e-02
6.96847e+05	2.64027e-02
7.29030e+05	2.53270e-02
7.62699e+05	2.42948e-02
7.97923e+05	2.33044e-02
8.34773e+05	2.23541e-02
8.73326e+05	2.14422e-02
9.13659e+05	2.05673e-02
9.55855e+05	1.97278e-02
1.00000e+06	1.89224e-02
