# NH3 cross section
256
1.00000e+01	0.00000e+00
1.04618e+01	0.00000e+00
1.09450e+01	5.48415e-02
1.14505e+01	2.22236e-01
1.19793e+01	4.03476e-01
1.25325e+01	5.95638e-01
1.31113e+01	7.96153e-01
1.37169e+01	1.00277e+00
1.43504e+01	1.21350e+00
1.50131e+01	1.42661e+00
1.57065e+01	1.64057e+00
1.64318e+01	1.85406e+00
1.71907e+01	2.24117e+00
1.79846e+01	2.66072e+00
1.88152e+01	3.08986e+00
1.96842e+01	3.52434e+00
2.05933e+01	3.96046e+00
2.15444e+01	4.39501e+00
2.25393e+01	4.82516e+00
2.35803e+01	5.24847e+00
2.46693e+01	5.66284e+00
2.58086e+01	6.06643e+00
2.70006e+01	6.45766e+00
2.82475e+01	6.83521e+00
2.95521e+01	7.19791e+00
3.09169e+01	7.54482e+00
3.23448e+01	7.90248e+00
3.38385e+01	8.24981e+00
3.54013e+01	8.58141e+00
3.70363e+01	8.89627e+00
3.87467e+01	9.19361e+00
4.05362e+01	9.47277e+00
4.24083e+01	9.73325e+00
4.43669e+01	9.97471e+00
4.64159e+01	1.01969e+01
4.85595e+01	1.03997e+01
5.08022e+01	1.05830e+01
5.31484e+01	1.07470e+01
5.56030e+01	1.08917e+01
5.81709e+01	1.10174e+01
6.08575e+01	1.11244e+01
6.36681e+01	1.12130e+01
6.66085e+01	1.12835e+01
6.96847e+01	1.13366e+01
7.29030e+01	1.13725e+01
7.62699e+01	1.13919e+01
7.97923e+01	1.13954e+01
8.34773e+01	1.13834e+01
8.73326e+01	1.13567e+01
9.13659e+01	1.13159e+01
9.55855e+01	1.12616e+01
1.00000e+02	1.11945e+01
1.04618e+02	1.11153e+01
1.09450e+02	1.10246e+01
1.14505e+02	1.09232e+01
1.19793e+02	1.08117e+01
1.25325e+02	1.06908e+01
1.31113e+02	1.05613e+01
1.37169e+02	1.04237e+01
1.43504e+02	1.02788e+01
1.50131e+02	1.01271e+01
1.57065e+02	9.96931e+00
1.64318e+02	9.80607e+00
1.71907e+02	9.63795e+00
1.79846e+02	9.46554e+00
1.88152e+02	9.28939e+00
1.96842e+02	9.11003e+00
2.05933e+02	8.92800e+00
2.15444e+02	8.74376e+00
2.25393e+02	8.55781e+00
2.35803e+02	8.37058e+00
2.46693e+02	8.18250e+00
2.58086e+02	7.99396e+00
2.70005e+02	7.80534e+00
2.82475e+02	7.61699e+00
2.95521e+02	7.42925e+00
3.09169e+02	7.24241e+00
3.23448e+02	7.05677e+00
3.38385e+02	6.87258e+00
3.54013e+02	6.69010e+00
3.70363e+02	6.50953e+00
3.87467e+02	6.33108e+00
4.05362e+02	6.15493e+00
4.24083e+02	5.98127e+00
4.43669e+02	5.81039e+00
4.64159e+02	5.64228e+00
4.85595e+02	5.47705e+00
5.08022e+02	5.31478e+00
5.31484e+02	5.15558e+00
5.56030e+02	4.99950e+00
5.81709e+02	4.84662e+00
6.08574e+02	4.69696e+00
6.36681e+02	4.55058e+00
6.66085e+02	4.40750e+00
6.96847e+02	4.26774e+00
7.29029e+02	4.13130e+00
7.62699e+02	3.99819e+00
7.97923e+02	3.86841e+00
8.34773e+02	3.74193e+00
8.73326e+02	3.61875e+00
9.13659e+02	3.49883e+00
9.55855e+02	3.38215e+00
1.00000e+03	3.26867e+00
1.04618e+03	3.15835e+00
1.09450e+03	3.05116e+00
1.14505e+03	2.94705e+00
1.19793e+03	2.84596e+00
1.25325e+03	2.74785e+00
1.31113e+03	2.65267e+00
1.37169e+03	2.56036e+00
1.43504e+03	2.47086e+00
1.50131e+03	2.38413e+00
1.57065e+03	2.30008e+00
1.64318e+03	2.21868e+00
1.71907e+03	2.13986e+00
1.79846e+03	2.06355e+00
1.88152e+03	1.98970e+00
1.96842e+03	1.91825e+00
2.05933e+03	1.84914e+00
2.15443e+03	1.78230e+00
2.25393e+03	1.71767e+00
2.35803e+03	1.65520e+00
2.46693e+03	1.59483e+00
2.58086e+03	1.53650e+00
2.70005e+03	1.48015e+00
2.82475e+03	1.42572e+00
2.95521e+03	1.37316e+00
3.09169e+03	1.32242e+00
3.23448e+03	1.27343e+00
3.38386e+03	1.22615e+00
3.54013e+03	1.18052e+00
3.70363e+03	1.13649e+00
3.87468e+03	1.09402e+00
4.05362e+03	1.05305e+00
4.24083e+03	1.01354e+00
4.43669e+03	9.75436e-01
4.64159e+03	9.38697e-01
4.85595e+03	9.03278e-01
5.08022e+03	8.69135e-01
5.31484e+03	8.36227e-01
5.56030e+03	8.04512e-01
5.81709e+03	7.73951e-01
6.08574e+03	7.44504e-01
6.36681e+03	7.16135e-01
6.66085e+03	6.88806e-01
6.96847e+03	6.62482e-01
7.29030e+03	6.37128e-01
7.62699e+03	6.12711e-01
7.97923e+03	5.89199e-01
8.34773e+03	5.66559e-01
8.73326e+03	5.44762e-01
9.13659e+03	5.23777e-01
9.55855e+03	5.03576e-01
1.00000e+04	4.84132e-01
1.04618e+04	4.65417e-01
1.09450e+04	4.47404e-01
1.14505e+04	4.30071e-01
1.19793e+04	4.13390e-01
1.25325e+04	3.97340e-01
1.31113e+04	3.81898e-01
1.37169e+04	3.67040e-01
1.43504e+04	3.52747e-01
1.50131e+04	3.38997e-01
1.57065e+04	3.25771e-01
1.64318e+04	3.13049e-01
1.71907e+04	3.00813e-01
1.79847e+04	2.89045e-01
1.88152e+04	2.77728e-01
1.96842e+04	2.66844e-01
2.05933e+04	2.56379e-01
2.15443e+04	2.46315e-01
2.25393e+04	2.36639e-01
2.35803e+04	2.27336e-01
2.46693e+04	2.18392e-01
2.58086e+04	2.09793e-01
2.70005e+04	2.01527e-01
2.82475e+04	1.93580e-01
2.95521e+04	1.85942e-01
3.09169e+04	1.78600e-01
3.23448e+04	1.71543e-01
3.38386e+04	1.64760e-01
3.54013e+04	1.58241e-01
3.70363e+04	1.51976e-01
3.87468e+04	1.45955e-01
4.05362e+04	1.40169e-01
4.24083e+04	1.34609e-01
4.43669e+04	1.29266e-01
4.64159e+04	1.24132e-01
4.85595e+04	1.19200e-01
5.08022e+04	1.14460e-01
5.31484e+04	1.09906e-01
5.56030e+04	1.05531e-01
5.81709e+04	1.01328e-01
6.08574e+04	9.72900e-02
6.36681e+04	9.34108e-02
6.66085e+04	8.96843e-02
6.96847e+04	8.61046e-02
7.29029e+04	8.26659e-02
7.62699e+04	7.93629e-02
7.97923e+04	7.61903e-02
8.34773e+04	7.31430e-02
8.73326e+04	7.02161e-02
9.13659e+04	6.74050e-02
9.55855e+04	6.47051e-02
1.00000e+05	6.21121e-02
1.04618e+05	5.96219e-02
1.09450e+05	5.72305e-02
1.14505e+05	5.49338e-02
1.19793e+05	5.27284e-02
1.25325e+05	5.06106e-02
1.31113e+05	4.85769e-02
1.37169e+05	4.66241e-02
1.43504e+05	4.47490e-02
1.50131e+05	4.29486e-02
1.57065e+05	4.12198e-02
1.64318e+05	3.95600e-02
1.71907e+05	3.79663e-02
1.79846e+05	3.64362e-02
1.88152e+05	3.49672e-02
1.96842e+05	3.35568e-02
2.05933e+05	3.22028e-02
2.15444e+05	3.09030e-02
2.25393e+05	2.96551e-02
2.35803e+05	2.84571e-02
2.46693e+05	2.73071e-02
2.58086e+05	2.62032e-02
2.70006e+05	2.51435e-02
2.82475e+05	2.41263e-02
2.95521e+05	2.31498e-02
3.09169e+05	2.22126e-02
3.23448e+05	2.13130e-02
3.38386e+05	2.04495e-02
3.54013e+05	1.96207e-02
3.70363e+05	1.88252e-02
3.87468e+05	1.80617e-02
4.05362e+05	1.73290e-02
4.24083e+05	1.66257e-02
4.43669e+05	1.59507e-02
4.64159e+05	1.53029e-02
4.85595e+05	1.46813e-02
5.08022e+05	1.40846e-02
5.31484e+05	1.35121e-02
5.56030e+05	1.29626e-02
5.81709e+05	1.24353e-02
6.08574e+05	1.19294e-02
6.36680e+05	1.14438e-02
6.66085e+05	1.09779e-02
6.96847e+05	1.05308e-02
7.29030e+05	1.01017e-02
7.62699e+05	9.69007e-03
7.97923e+05	9.29506e-03
8.34773e+05	8.91604e-03
8.73326e+05	8.55237e-03
9.13659e+05	8.20343e-03
9.55855e+05	7.86863e-03
1.00000e+06	7.54740e-03
