# NO+ cross section
256
1.00000e+01	0.00000e+00
1.04600e+01	0.00000e+00
1.09400e+01	0.00000e+00
1.14500e+01	0.00000e+00
1.19800e+01	0.00000e+00
1.25300e+01	0.00000e+00
1.31100e+01	0.00000e+00
1.37200e+01	0.00000e+00
1.43500e+01	0.00000e+00
1.50100e+01	0.00000e+00
1.57100e+01	0.00000e+00
1.64300e+01	0.00000e+00
1.71900e+01	0.00000e+00
1.79800e+01	0.00000e+00
1.88200e+01	0.00000e+00
1.96800e+01	0.00000e+00
2.05900e+01	0.00000e+00
2.15400e+01	0.00000e+00
2.25400e+01	0.00000e+00
2.35800e+01	0.00000e+00
2.46700e+01	0.00000e+00
2.58100e+01	0.00000e+00
2.70000e+01	0.00000e+00
2.82500e+01	0.00000e+00
2.95500e+01	0.00000e+00
3.09200e+01	2.31700e-02
3.23400e+01	5.52800e-02
3.38400e+01	1.35600e-01
3.54000e+01	2.38800e-01
3.70400e+01	3.59100e-01
3.87500e+01	4.84300e-01
4.05400e+01	6.12900e-01
4.24100e+01	7.43300e-01
4.43700e+01	8.74400e-01
4.64200e+01	1.00500e+00
4.85600e+01	1.13500e+00
5.08000e+01	1.26200e+00
5.31500e+01	1.38700e+00
5.56000e+01	1.50800e+00
5.81700e+01	1.62600e+00
6.08600e+01	1.74300e+00
6.36700e+01	1.86100e+00
6.66100e+01	1.97500e+00
6.96800e+01	2.08400e+00
7.29000e+01	2.18900e+00
7.62700e+01	2.28800e+00
7.97900e+01	2.38100e+00
8.34800e+01	2.46900e+00
8.73300e+01	2.55100e+00
9.13700e+01	2.62800e+00
9.55900e+01	2.69800e+00
1.00000e+02	2.76200e+00
1.04600e+02	2.82100e+00
1.09400e+02	2.87300e+00
1.14500e+02	2.92000e+00
1.19800e+02	2.96100e+00
1.25300e+02	2.99700e+00
1.31100e+02	3.02600e+00
1.37200e+02	3.05100e+00
1.43500e+02	3.07000e+00
1.50100e+02	3.08400e+00
1.57100e+02	3.09300e+00
1.64300e+02	3.09800e+00
1.71900e+02	3.09800e+00
1.79800e+02	3.09300e+00
1.88200e+02	3.08400e+00
1.96800e+02	3.07200e+00
2.05900e+02	3.05500e+00
2.15400e+02	3.03500e+00
2.25400e+02	3.01200e+00
2.35800e+02	2.98600e+00
2.46700e+02	2.95600e+00
2.58100e+02	2.92400e+00
2.70000e+02	2.89000e+00
2.82500e+02	2.85300e+00
2.95500e+02	2.81400e+00
3.09200e+02	2.77300e+00
3.23400e+02	2.73000e+00
3.38400e+02	2.68500e+00
3.54000e+02	2.64000e+00
3.70400e+02	2.59300e+00
3.87500e+02	2.54400e+00
4.05400e+02	2.49500e+00
4.24100e+02	2.44600e+00
4.43700e+02	2.39500e+00
4.64200e+02	2.34400e+00
4.85600e+02	2.29300e+00
5.08000e+02	2.24200e+00
5.31500e+02	2.19000e+00
5.56000e+02	2.13900e+00
5.81700e+02	2.08700e+00
6.08600e+02	2.03600e+00
6.36700e+02	1.98500e+00
6.66100e+02	1.93500e+00
6.96800e+02	1.88500e+00
7.29000e+02	1.83500e+00
7.62700e+02	1.78600e+00
7.97900e+02	1.73700e+00
8.34800e+02	1.68900e+00
8.73300e+02	1.64200e+00
9.13700e+02	1.59500e+00
9.55900e+02	1.54900e+00
1.00000e+03	1.50400e+00
1.04600e+03	1.46000e+00
1.09400e+03	1.41600e+00
1.14500e+03	1.37300e+00
1.19800e+03	1.33200e+00
1.25300e+03	1.29100e+00
1.31100e+03	1.25100e+00
1.37200e+03	1.21200e+00
1.43500e+03	1.17400e+00
1.50100e+03	1.13600e+00
1.57100e+03	1.10000e+00
1.64300e+03	1.06400e+00
1.71900e+03	1.03000e+00
1.79800e+03	9.96000e-01
1.88200e+03	9.63200e-01
1.96800e+03	9.31300e-01
2.05900e+03	9.00200e-01
2.15400e+03	8.70000e-01
2.25400e+03	8.40600e-01
2.35800e+03	8.12100e-01
2.46700e+03	7.84400e-01
2.58100e+03	7.57500e-01
2.70000e+03	7.31400e-01
2.82500e+03	7.06100e-01
2.95500e+03	6.81600e-01
3.09200e+03	6.57800e-01
3.23400e+03	6.34700e-01
3.38400e+03	6.12400e-01
3.54000e+03	5.90700e-01
3.70400e+03	5.69800e-01
3.87500e+03	5.49500e-01
4.05400e+03	5.29800e-01
4.24100e+03	5.10800e-01
4.43700e+03	4.92500e-01
4.64200e+03	4.74700e-01
4.85600e+03	4.57500e-01
5.08000e+03	4.40900e-01
5.31500e+03	4.24900e-01
5.56000e+03	4.09300e-01
5.81700e+03	3.94400e-01
6.08600e+03	3.79900e-01
6.36700e+03	3.65900e-01
6.66100e+03	3.52400e-01
6.96800e+03	3.39400e-01
7.29000e+03	3.26800e-01
7.62700e+03	3.14700e-01
7.97900e+03	3.02900e-01
8.34800e+03	2.91600e-01
8.73300e+03	2.80700e-01
9.13700e+03	2.70200e-01
9.55900e+03	2.60100e-01
1.00000e+04	2.50300e-01
1.04600e+04	2.40900e-01
1.09400e+04	2.31800e-01
1.14500e+04	2.23000e-01
1.19800e+04	2.14600e-01
1.25300e+04	2.06500e-01
1.31100e+04	1.98600e-01
1.37200e+04	1.91100e-01
1.43500e+04	1.83800e-01
1.50100e+04	1.76800e-01
1.57100e+04	1.70000e-01
1.64300e+04	1.63500e-01
1.71900e+04	1.57200e-01
1.79800e+04	1.51200e-01
1.88200e+04	1.45400e-01
1.96800e+04	1.39800e-01
2.05900e+04	1.34400e-01
2.15400e+04	1.29200e-01
2.25400e+04	1.24300e-01
2.35800e+04	1.19500e-01
2.46700e+04	1.14800e-01
2.58100e+04	1.10400e-01
2.70000e+04	1.06100e-01
2.82500e+04	1.02000e-01
2.95500e+04	9.80200e-02
3.09200e+04	9.42100e-02
3.23400e+04	9.05500e-02
3.38400e+04	8.70200e-02
3.54000e+04	8.36200e-02
3.70400e+04	8.03600e-02
3.87500e+04	7.72200e-02
4.05400e+04	7.42000e-02
4.24100e+04	7.13000e-02
4.43700e+04	6.85000e-02
4.64200e+04	6.58200e-02
4.85600e+04	6.32400e-02
5.08000e+04	6.07500e-02
5.31500e+04	5.83700e-02
5.56000e+04	5.60700e-02
5.81700e+04	5.38600e-02
6.08600e+04	5.17400e-02
6.36700e+04	4.97000e-02
6.66100e+04	4.77400e-02
6.96800e+04	4.58600e-02
7.29000e+04	4.40500e-02
7.62700e+04	4.23100e-02
7.97900e+04	4.06300e-02
8.34800e+04	3.90300e-02
8.73300e+04	3.74800e-02
9.13700e+04	3.60000e-02
9.55900e+04	3.45700e-02
1.00000e+05	3.32000e-02
1.04600e+05	3.18800e-02
1.09400e+05	3.06100e-02
1.14500e+05	2.94000e-02
1.19800e+05	2.82300e-02
1.25300e+05	2.71000e-02
1.31100e+05	2.60300e-02
1.37200e+05	2.49900e-02
1.43500e+05	2.39900e-02
1.50100e+05	2.30400e-02
1.57100e+05	2.21200e-02
1.64300e+05	2.12300e-02
1.71900e+05	2.03900e-02
1.79800e+05	1.95700e-02
1.88200e+05	1.87900e-02
1.96800e+05	1.80400e-02
2.05900e+05	1.73200e-02
2.15400e+05	1.66200e-02
2.25400e+05	1.59600e-02
2.35800e+05	1.53200e-02
2.46700e+05	1.47000e-02
2.58100e+05	1.41100e-02
2.70000e+05	1.35500e-02
2.82500e+05	1.30000e-02
2.95500e+05	1.24800e-02
3.09200e+05	1.19800e-02
3.23400e+05	1.15000e-02
3.38400e+05	1.10400e-02
3.54000e+05	1.05900e-02
3.70400e+05	1.01600e-02
3.87500e+05	9.75500e-03
4.05400e+05	9.36200e-03
4.24100e+05	8.98500e-03
4.43700e+05	8.62300e-03
4.64200e+05	8.27500e-03
4.85600e+05	7.94100e-03
5.08000e+05	7.62100e-03
5.31500e+05	7.31300e-03
5.56000e+05	7.01800e-03
5.81700e+05	6.73400e-03
6.08600e+05	6.46200e-03
6.36700e+05	6.20000e-03
6.66100e+05	5.95000e-03
6.96800e+05	5.70900e-03
7.29000e+05	5.47800e-03
7.62700e+05	5.25600e-03
7.97900e+05	5.04300e-03
8.34800e+05	4.83900e-03
8.73300e+05	4.64200e-03
9.13700e+05	4.45400e-03
9.55900e+05	4.27300e-03
1.00000e+06	4.10000e-03
