# NO2 cross section
256
1.00000e+01	0.00000e+00
1.04618e+01	0.00000e+00
1.09450e+01	0.00000e+00
1.14505e+01	0.00000e+00
1.19793e+01	3.19466e-02
1.25325e+01	8.39905e-02
1.31113e+01	1.40191e-01
1.37169e+01	2.43081e-01
1.43504e+01	4.40096e-01
1.50131e+01	6.92881e-01
1.57065e+01	9.60288e-01
1.64318e+01	1.23902e+00
1.71907e+01	1.52617e+00
1.79846e+01	1.81920e+00
1.88152e+01	2.14345e+00
1.96842e+01	2.49293e+00
2.05933e+01	2.86556e+00
2.15444e+01	3.28450e+00
2.25393e+01	3.72832e+00
2.35803e+01	4.20216e+00
2.46693e+01	4.69184e+00
2.58086e+01	5.19183e+00
2.70006e+01	5.69646e+00
2.82475e+01	6.20655e+00
2.95521e+01	6.71077e+00
3.09169e+01	7.20667e+00
3.23448e+01	7.69205e+00
3.38385e+01	8.16503e+00
3.54013e+01	8.62397e+00
3.70363e+01	9.06744e+00
3.87467e+01	9.49421e+00
4.05362e+01	9.90729e+00
4.24083e+01	1.03140e+01
4.43669e+01	1.07039e+01
4.64159e+01	1.10845e+01
4.85595e+01	1.14516e+01
5.08022e+01	1.17994e+01
5.31484e+01	1.21270e+01
5.56030e+01	1.24338e+01
5.81709e+01	1.27193e+01
6.08575e+01	1.29831e+01
6.36681e+01	1.32250e+01
6.66085e+01	1.34448e+01
6.96847e+01	1.36425e+01
7.29030e+01	1.38181e+01
7.62699e+01	1.39719e+01
7.97923e+01	1.41039e+01
8.34773e+01	1.42145e+01
8.73326e+01	1.43040e+01
9.13659e+01	1.43729e+01
9.55855e+01	1.44216e+01
1.00000e+02	1.44506e+01
1.04618e+02	1.44605e+01
1.09450e+02	1.44520e+01
1.14505e+02	1.44255e+01
1.19793e+02	1.43819e+01
1.25325e+02	1.43218e+01
1.31113e+02	1.42460e+01
1.37169e+02	1.41551e+01
1.43504e+02	1.40500e+01
1.50131e+02	1.39314e+01
1.57065e+02	1.38001e+01
1.64318e+02	1.36568e+01
1.71907e+02	1.35023e+01
1.79846e+02	1.33375e+01
1.88152e+02	1.31630e+01
1.96842e+02	1.29797e+01
2.05933e+02	1.27883e+01
2.15444e+02	1.25896e+01
2.25393e+02	1.23842e+01
2.35803e+02	1.21729e+01
2.46693e+02	1.19563e+01
2.58086e+02	1.17351e+01
2.70005e+02	1.15100e+01
2.82475e+02	1.12816e+01
2.95521e+02	1.10504e+01
3.09169e+02	1.08171e+01
3.23448e+02	1.05822e+01
3.38385e+02	1.03461e+01
3.54013e+02	1.01094e+01
3.70363e+02	9.87259e+00
3.87467e+02	9.63602e+00
4.05362e+02	9.40013e+00
4.24083e+02	9.16531e+00
4.43669e+02	8.93200e+00
4.64159e+02	8.70051e+00
4.85595e+02	8.47109e+00
5.08022e+02	8.24400e+00
5.31484e+02	8.01950e+00
5.56030e+02	7.79781e+00
5.81709e+02	7.57930e+00
6.08574e+02	7.36408e+00
6.36681e+02	7.15225e+00
6.66085e+02	6.94397e+00
6.96847e+02	6.73935e+00
7.29029e+02	6.53851e+00
7.62699e+02	6.34154e+00
7.97923e+02	6.14853e+00
8.34773e+02	5.95953e+00
8.73326e+02	5.77460e+00
9.13659e+02	5.59378e+00
9.55855e+02	5.41709e+00
1.00000e+03	5.24456e+00
1.04618e+03	5.07618e+00
1.09450e+03	4.91195e+00
1.14505e+03	4.75187e+00
1.19793e+03	4.59591e+00
1.25325e+03	4.44404e+00
1.31113e+03	4.29623e+00
1.37169e+03	4.15245e+00
1.43504e+03	4.01264e+00
1.50131e+03	3.87676e+00
1.57065e+03	3.74474e+00
1.64318e+03	3.61655e+00
1.71907e+03	3.49210e+00
1.79846e+03	3.37134e+00
1.88152e+03	3.25421e+00
1.96842e+03	3.14062e+00
2.05933e+03	3.03052e+00
2.15443e+03	2.92382e+00
2.25393e+03	2.82046e+00
2.35803e+03	2.72036e+00
2.46693e+03	2.62344e+00
2.58086e+03	2.52963e+00
2.70005e+03	2.43886e+00
2.82475e+03	2.35104e+00
2.95521e+03	2.26611e+00
3.09169e+03	2.18398e+00
3.23448e+03	2.10459e+00
3.38386e+03	2.02785e+00
3.54013e+03	1.95370e+00
3.70363e+03	1.88206e+00
3.87468e+03	1.81286e+00
4.05362e+03	1.74603e+00
4.24083e+03	1.68151e+00
4.43669e+03	1.61921e+00
4.64159e+03	1.55909e+00
4.85595e+03	1.50106e+00
5.08022e+03	1.44507e+00
5.31484e+03	1.39105e+00
5.56030e+03	1.33894e+00
5.81709e+03	1.28868e+00
6.08574e+03	1.24022e+00
6.36681e+03	1.19348e+00
6.66085e+03	1.14843e+00
6.96847e+03	1.10500e+00
7.29030e+03	1.06313e+00
7.62699e+03	1.02279e+00
7.97923e+03	9.83914e-01
8.34773e+03	9.46455e-01
8.73326e+03	9.10366e-01
9.13659e+03	8.75601e-01
9.55855e+03	8.42114e-01
1.00000e+04	8.09861e-01
1.04618e+04	7.78801e-01
1.09450e+04	7.48892e-01
1.14505e+04	7.20093e-01
1.19793e+04	6.92365e-01
1.25325e+04	6.65673e-01
1.31113e+04	6.39977e-01
1.37169e+04	6.15244e-01
1.43504e+04	5.91440e-01
1.50131e+04	5.68530e-01
1.57065e+04	5.46483e-01
1.64318e+04	5.25269e-01
1.71907e+04	5.04856e-01
1.79847e+04	4.85216e-01
1.88152e+04	4.66322e-01
1.96842e+04	4.48145e-01
2.05933e+04	4.30660e-01
2.15443e+04	4.13841e-01
2.25393e+04	3.97664e-01
2.35803e+04	3.82105e-01
2.46693e+04	3.67142e-01
2.58086e+04	3.52753e-01
2.70005e+04	3.38916e-01
2.82475e+04	3.25610e-01
2.95521e+04	3.12817e-01
3.09169e+04	3.00516e-01
3.23448e+04	2.88690e-01
3.38386e+04	2.77321e-01
3.54013e+04	2.66391e-01
3.70363e+04	2.55884e-01
3.87468e+04	2.45784e-01
4.05362e+04	2.36076e-01
4.24083e+04	2.26745e-01
4.43669e+04	2.17777e-01
4.64159e+04	2.09157e-01
4.85595e+04	2.00874e-01
5.08022e+04	1.92913e-01
5.31484e+04	1.85262e-01
5.56030e+04	1.77911e-01
5.81709e+04	1.70847e-01
6.08574e+04	1.64059e-01
6.36681e+04	1.57537e-01
6.66085e+04	1.51271e-01
6.96847e+04	1.45250e-01
7.29029e+04	1.39466e-01
7.62699e+04	1.33909e-01
7.97923e+04	1.28570e-01
8.34773e+04	1.23442e-01
8.73326e+04	1.18515e-01
9.13659e+04	1.13783e-01
9.55855e+04	1.09237e-01
1.00000e+05	1.04870e-01
1.04618e+05	1.00676e-01
1.09450e+05	9.66478e-02
1.14505e+05	9.27787e-02
1.19793e+05	8.90627e-02
1.25325e+05	8.54938e-02
1.31113e+05	8.20663e-02
1.37169e+05	7.87747e-02
1.43504e+05	7.56136e-02
1.50131e+05	7.25780e-02
1.57065e+05	6.96629e-02
1.64318e+05	6.68637e-02
1.71907e+05	6.41758e-02
1.79846e+05	6.15948e-02
1.88152e+05	5.91165e-02
1.96842e+05	5.67369e-02
2.05933e+05	5.44522e-02
2.15444e+05	5.22586e-02
2.25393e+05	5.01524e-02
2.35803e+05	4.81303e-02
2.46693e+05	4.61890e-02
2.58086e+05	4.43252e-02
2.70006e+05	4.25360e-02
2.82475e+05	4.08183e-02
2.95521e+05	3.91693e-02
3.09169e+05	3.75863e-02
3.23448e+05	3.60668e-02
3.38386e+05	3.46081e-02
3.54013e+05	3.32079e-02
3.70363e+05	3.18639e-02
3.87468e+05	3.05738e-02
4.05362e+05	2.93354e-02
4.24083e+05	2.81469e-02
4.43669e+05	2.70060e-02
4.64159e+05	2.59111e-02
4.85595e+05	2.48601e-02
5.08022e+05	2.38515e-02
5.31484e+05	2.28834e-02
5.56030e+05	2.19543e-02
5.81709e+05	2.10627e-02
6.08574e+05	2.02069e-02
6.36680e+05	1.93857e-02
6.66085e+05	1.85976e-02
6.96847e+05	1.78413e-02
7.29030e+05	1.71155e-02
7.62699e+05	1.64190e-02
7.97923e+05	1.57507e-02
8.34773e+05	1.51094e-02
8.73326e+05	1.44939e-02
9.13659e+05	1.39034e-02
9.55855e+05	1.33368e-02
1.00000e+06	1.27931e-02
