# NO3 cross section
256
1.00000e+01	0.00000e+00
1.04618e+01	0.00000e+00
1.09450e+01	0.00000e+00
1.14505e+01	0.00000e+00
1.19793e+01	0.00000e+00
1.25325e+01	0.00000e+00
1.31113e+01	2.17642e-03
1.37169e+01	5.70256e-02
1.43504e+01	2.86033e-01
1.50131e+01	5.40552e-01
1.57065e+01	8.79426e-01
1.64318e+01	1.28629e+00
1.71907e+01	1.73446e+00
1.79846e+01	2.19921e+00
1.88152e+01	2.67587e+00
1.96842e+01	3.16036e+00
2.05933e+01	3.64910e+00
2.15444e+01	4.13894e+00
2.25393e+01	4.65200e+00
2.35803e+01	5.22419e+00
2.46693e+01	5.84690e+00
2.58086e+01	6.47730e+00
2.70006e+01	7.12216e+00
2.82475e+01	7.77238e+00
2.95521e+01	8.41592e+00
3.09169e+01	9.04953e+00
3.23448e+01	9.67038e+00
3.38385e+01	1.02760e+01
3.54013e+01	1.08642e+01
3.70363e+01	1.14332e+01
3.87467e+01	1.19813e+01
4.05362e+01	1.25173e+01
4.24083e+01	1.30511e+01
4.43669e+01	1.35671e+01
4.64159e+01	1.40601e+01
4.85595e+01	1.45364e+01
5.08022e+01	1.49944e+01
5.31484e+01	1.54272e+01
5.56030e+01	1.58337e+01
5.81709e+01	1.62131e+01
6.08575e+01	1.65650e+01
6.36681e+01	1.68889e+01
6.66085e+01	1.71845e+01
6.96847e+01	1.74517e+01
7.29030e+01	1.76906e+01
7.62699e+01	1.79011e+01
7.97923e+01	1.80836e+01
8.34773e+01	1.82384e+01
8.73326e+01	1.83659e+01
9.13659e+01	1.84666e+01
9.55855e+01	1.85410e+01
1.00000e+02	1.85898e+01
1.04618e+02	1.86137e+01
1.09450e+02	1.86135e+01
1.14505e+02	1.85898e+01
1.19793e+02	1.85437e+01
1.25325e+02	1.84759e+01
1.31113e+02	1.83875e+01
1.37169e+02	1.82792e+01
1.43504e+02	1.81522e+01
1.50131e+02	1.80073e+01
1.57065e+02	1.78456e+01
1.64318e+02	1.76681e+01
1.71907e+02	1.74758e+01
1.79846e+02	1.72696e+01
1.88152e+02	1.70506e+01
1.96842e+02	1.68198e+01
2.05933e+02	1.65781e+01
2.15444e+02	1.63265e+01
2.25393e+02	1.60659e+01
2.35803e+02	1.57973e+01
2.46693e+02	1.55215e+01
2.58086e+02	1.52395e+01
2.70005e+02	1.49520e+01
2.82475e+02	1.46598e+01
2.95521e+02	1.43638e+01
3.09169e+02	1.40647e+01
3.23448e+02	1.37631e+01
3.38385e+02	1.34598e+01
3.54013e+02	1.31555e+01
3.70363e+02	1.28506e+01
3.87467e+02	1.25459e+01
4.05362e+02	1.22418e+01
4.24083e+02	1.19389e+01
4.43669e+02	1.16376e+01
4.64159e+02	1.13385e+01
4.85595e+02	1.10418e+01
5.08022e+02	1.07480e+01
5.31484e+02	1.04574e+01
5.56030e+02	1.01703e+01
5.81709e+02	9.88715e+00
6.08574e+02	9.60814e+00
6.36681e+02	9.33342e+00
6.66085e+02	9.06317e+00
6.96847e+02	8.79757e+00
7.29029e+02	8.53677e+00
7.62699e+02	8.28090e+00
7.97923e+02	8.03007e+00
8.34773e+02	7.78438e+00
8.73326e+02	7.54389e+00
9.13659e+02	7.30867e+00
9.55855e+02	7.07875e+00
1.00000e+03	6.85417e+00
1.04618e+03	6.63494e+00
1.09450e+03	6.42106e+00
1.14505e+03	6.21251e+00
1.19793e+03	6.00929e+00
1.25325e+03	5.81135e+00
1.31113e+03	5.61866e+00
1.37169e+03	5.43117e+00
1.43504e+03	5.24883e+00
1.50131e+03	5.07157e+00
1.57065e+03	4.89933e+00
1.64318e+03	4.73203e+00
1.71907e+03	4.56960e+00
1.79846e+03	4.41196e+00
1.88152e+03	4.25901e+00
1.96842e+03	4.11068e+00
2.05933e+03	3.96687e+00
2.15443e+03	3.82749e+00
2.25393e+03	3.69245e+00
2.35803e+03	3.56165e+00
2.46693e+03	3.43499e+00
2.58086e+03	3.31238e+00
2.70005e+03	3.19373e+00
2.82475e+03	3.07892e+00
2.95521e+03	2.96787e+00
3.09169e+03	2.86047e+00
3.23448e+03	2.75664e+00
3.38386e+03	2.65628e+00
3.54013e+03	2.55928e+00
3.70363e+03	2.46557e+00
3.87468e+03	2.37503e+00
4.05362e+03	2.28760e+00
4.24083e+03	2.20316e+00
4.43669e+03	2.12164e+00
4.64159e+03	2.04295e+00
4.85595e+03	1.96700e+00
5.08022e+03	1.89370e+00
5.31484e+03	1.82299e+00
5.56030e+03	1.75477e+00
5.81709e+03	1.68897e+00
6.08574e+03	1.62552e+00
6.36681e+03	1.56432e+00
6.66085e+03	1.50532e+00
6.96847e+03	1.44845e+00
7.29030e+03	1.39362e+00
7.62699e+03	1.34078e+00
7.97923e+03	1.28986e+00
8.34773e+03	1.24079e+00
8.73326e+03	1.19352e+00
9.13659e+03	1.14797e+00
9.55855e+03	1.10410e+00
1.00000e+04	1.06185e+00
1.04618e+04	1.02115e+00
1.09450e+04	9.81964e-01
1.14505e+04	9.44228e-01
1.19793e+04	9.07895e-01
1.25325e+04	8.72915e-01
1.31113e+04	8.39242e-01
1.37169e+04	8.06828e-01
1.43504e+04	7.75629e-01
1.50131e+04	7.45603e-01
1.57065e+04	7.16706e-01
1.64318e+04	6.88899e-01
1.71907e+04	6.62143e-01
1.79847e+04	6.36398e-01
1.88152e+04	6.11630e-01
1.96842e+04	5.87801e-01
2.05933e+04	5.64879e-01
2.15443e+04	5.42830e-01
2.25393e+04	5.21621e-01
2.35803e+04	5.01223e-01
2.46693e+04	4.81604e-01
2.58086e+04	4.62738e-01
2.70005e+04	4.44594e-01
2.82475e+04	4.27148e-01
2.95521e+04	4.10372e-01
3.09169e+04	3.94242e-01
3.23448e+04	3.78734e-01
3.38386e+04	3.63825e-01
3.54013e+04	3.49492e-01
3.70363e+04	3.35713e-01
3.87468e+04	3.22467e-01
4.05362e+04	3.09735e-01
4.24083e+04	2.97498e-01
4.43669e+04	2.85735e-01
4.64159e+04	2.74430e-01
4.85595e+04	2.63565e-01
5.08022e+04	2.53124e-01
5.31484e+04	2.43089e-01
5.56030e+04	2.33446e-01
5.81709e+04	2.24180e-01
6.08574e+04	2.15277e-01
6.36681e+04	2.06721e-01
6.66085e+04	1.98501e-01
6.96847e+04	1.90603e-01
7.29029e+04	1.83015e-01
7.62699e+04	1.75726e-01
7.97923e+04	1.68722e-01
8.34773e+04	1.61994e-01
8.73326e+04	1.55530e-01
9.13659e+04	1.49322e-01
9.55855e+04	1.43358e-01
1.00000e+05	1.37629e-01
1.04618e+05	1.32126e-01
1.09450e+05	1.26841e-01
1.14505e+05	1.21765e-01
1.19793e+05	1.16889e-01
1.25325e+05	1.12206e-01
1.31113e+05	1.07709e-01
1.37169e+05	1.03390e-01
1.43504e+05	9.92423e-02
1.50131e+05	9.52591e-02
1.57065e+05	9.14341e-02
1.64318e+05	8.77609e-02
1.71907e+05	8.42338e-02
1.79846e+05	8.08470e-02
1.88152e+05	7.75949e-02
1.96842e+05	7.44723e-02
2.05933e+05	7.14741e-02
2.15444e+05	6.85954e-02
2.25393e+05	6.58315e-02
2.35803e+05	6.31778e-02
2.46693e+05	6.06302e-02
2.58086e+05	5.81842e-02
2.70006e+05	5.58361e-02
2.82475e+05	5.35818e-02
2.95521e+05	5.14176e-02
3.09169e+05	4.93401e-02
3.23448e+05	4.73458e-02
3.38386e+05	4.54314e-02
3.54013e+05	4.35937e-02
3.70363e+05	4.18297e-02
3.87468e+05	4.01364e-02
4.05362e+05	3.85111e-02
4.24083e+05	3.69511e-02
4.43669e+05	3.54537e-02
4.64159e+05	3.40165e-02
4.85595e+05	3.26371e-02
5.08022e+05	3.13132e-02
5.31484e+05	3.00425e-02
5.56030e+05	2.88230e-02
5.81709e+05	2.76526e-02
6.08574e+05	2.65294e-02
6.36680e+05	2.54514e-02
6.66085e+05	2.44169e-02
6.96847e+05	2.34241e-02
7.29030e+05	2.24714e-02
7.62699e+05	2.15571e-02
7.97923e+05	2.06798e-02
8.34773e+05	1.98379e-02
8.73326e+05	1.90300e-02
9.13659e+05	1.82548e-02
9.55855e+05	1.75110e-02
1.00000e+06	1.67972e-02
