# OH+ cross section
256
1.00000e+01	0.00000e+00
1.04600e+01	0.00000e+00
1.09400e+01	0.00000e+00
1.14500e+01	0.00000e+00
1.19800e+01	0.00000e+00
1.25300e+01	0.00000e+00
1.31100e+01	0.00000e+00
1.37200e+01	0.00000e+00
1.43500e+01	0.00000e+00
1.50100e+01	0.00000e+00
1.57100e+01	0.00000e+00
1.64300e+01	0.00000e+00
1.71900e+01	0.00000e+00
1.79800e+01	0.00000e+00
1.88200e+01	0.00000e+00
1.96800e+01	0.00000e+00
2.05900e+01	0.00000e+00
2.15400e+01	0.00000e+00
2.25400e+01	0.00000e+00
2.35800e+01	0.00000e+00
2.46700e+01	0.00000e+00
2.58100e+01	0.00000e+00
2.70000e+01	0.00000e+00
2.82500e+01	0.00000e+00
2.95500e+01	0.00000e+00
3.09200e+01	1.34100e-02
3.23400e+01	5.44500e-02
3.38400e+01	1.13700e-01
3.54000e+01	1.76500e-01
3.70400e+01	2.42100e-01
3.87500e+01	3.09500e-01
4.05400e+01	3.78000e-01
4.24100e+01	4.47100e-01
4.43700e+01	5.18800e-01
4.64200e+01	5.95400e-01
4.85600e+01	6.74100e-01
5.08000e+01	7.56200e-01
5.31500e+01	8.37500e-01
5.56000e+01	9.17400e-01
5.81700e+01	9.95600e-01
6.08600e+01	1.07200e+00
6.36700e+01	1.14500e+00
6.66100e+01	1.21600e+00
6.96800e+01	1.28400e+00
7.29000e+01	1.34800e+00
7.62700e+01	1.40900e+00
7.97900e+01	1.46700e+00
8.34800e+01	1.52200e+00
8.73300e+01	1.57200e+00
9.13700e+01	1.61900e+00
9.55900e+01	1.66300e+00
1.00000e+02	1.70300e+00
1.04600e+02	1.73900e+00
1.09400e+02	1.77100e+00
1.14500e+02	1.80000e+00
1.19800e+02	1.82500e+00
1.25300e+02	1.84700e+00
1.31100e+02	1.86600e+00
1.37200e+02	1.88100e+00
1.43500e+02	1.89300e+00
1.50100e+02	1.90100e+00
1.57100e+02	1.90700e+00
1.64300e+02	1.91000e+00
1.71900e+02	1.91000e+00
1.79800e+02	1.90700e+00
1.88200e+02	1.90200e+00
1.96800e+02	1.89400e+00
2.05900e+02	1.88400e+00
2.15400e+02	1.87200e+00
2.25400e+02	1.85800e+00
2.35800e+02	1.84100e+00
2.46700e+02	1.82300e+00
2.58100e+02	1.80400e+00
2.70000e+02	1.78200e+00
2.82500e+02	1.76000e+00
2.95500e+02	1.73600e+00
3.09200e+02	1.71000e+00
3.23400e+02	1.68400e+00
3.38400e+02	1.65700e+00
3.54000e+02	1.62900e+00
3.70400e+02	1.60000e+00
3.87500e+02	1.57000e+00
4.05400e+02	1.54000e+00
4.24100e+02	1.50900e+00
4.43700e+02	1.47800e+00
4.64200e+02	1.44700e+00
4.85600e+02	1.41500e+00
5.08000e+02	1.38300e+00
5.31500e+02	1.35100e+00
5.56000e+02	1.31900e+00
5.81700e+02	1.28700e+00
6.08600e+02	1.25600e+00
6.36700e+02	1.22400e+00
6.66100e+02	1.19300e+00
6.96800e+02	1.16200e+00
7.29000e+02	1.13100e+00
7.62700e+02	1.10100e+00
7.97900e+02	1.07100e+00
8.34800e+02	1.04100e+00
8.73300e+02	1.01200e+00
9.13700e+02	9.82800e-01
9.55900e+02	9.54400e-01
1.00000e+03	9.26500e-01
1.04600e+03	8.99100e-01
1.09400e+03	8.72300e-01
1.14500e+03	8.45900e-01
1.19800e+03	8.20100e-01
1.25300e+03	7.94900e-01
1.31100e+03	7.70200e-01
1.37200e+03	7.46000e-01
1.43500e+03	7.22400e-01
1.50100e+03	6.99400e-01
1.57100e+03	6.76900e-01
1.64300e+03	6.55000e-01
1.71900e+03	6.33600e-01
1.79800e+03	6.12800e-01
1.88200e+03	5.92600e-01
1.96800e+03	5.72900e-01
2.05900e+03	5.53700e-01
2.15400e+03	5.35100e-01
2.25400e+03	5.17000e-01
2.35800e+03	4.99400e-01
2.46700e+03	4.82300e-01
2.58100e+03	4.65700e-01
2.70000e+03	4.49600e-01
2.82500e+03	4.34000e-01
2.95500e+03	4.18900e-01
3.09200e+03	4.04200e-01
3.23400e+03	3.90000e-01
3.38400e+03	3.76300e-01
3.54000e+03	3.62900e-01
3.70400e+03	3.50000e-01
3.87500e+03	3.37500e-01
4.05400e+03	3.25400e-01
4.24100e+03	3.13800e-01
4.43700e+03	3.02400e-01
4.64200e+03	2.91500e-01
4.85600e+03	2.80900e-01
5.08000e+03	2.70700e-01
5.31500e+03	2.60800e-01
5.56000e+03	2.51300e-01
5.81700e+03	2.42100e-01
6.08600e+03	2.33200e-01
6.36700e+03	2.24600e-01
6.66100e+03	2.16300e-01
6.96800e+03	2.08300e-01
7.29000e+03	2.00500e-01
7.62700e+03	1.93100e-01
7.97900e+03	1.85900e-01
8.34800e+03	1.78900e-01
8.73300e+03	1.72200e-01
9.13700e+03	1.65800e-01
9.55900e+03	1.59600e-01
1.00000e+04	1.53500e-01
1.04600e+04	1.47800e-01
1.09400e+04	1.42200e-01
1.14500e+04	1.36800e-01
1.19800e+04	1.31600e-01
1.25300e+04	1.26600e-01
1.31100e+04	1.21800e-01
1.37200e+04	1.17200e-01
1.43500e+04	1.12700e-01
1.50100e+04	1.08400e-01
1.57100e+04	1.04200e-01
1.64300e+04	1.00200e-01
1.71900e+04	9.64000e-02
1.79800e+04	9.27000e-02
1.88200e+04	8.91400e-02
1.96800e+04	8.57000e-02
2.05900e+04	8.24000e-02
2.15400e+04	7.92200e-02
2.25400e+04	7.61600e-02
2.35800e+04	7.32200e-02
2.46700e+04	7.03800e-02
2.58100e+04	6.76500e-02
2.70000e+04	6.50300e-02
2.82500e+04	6.25000e-02
2.95500e+04	6.00700e-02
3.09200e+04	5.77300e-02
3.23400e+04	5.54900e-02
3.38400e+04	5.33200e-02
3.54000e+04	5.12400e-02
3.70400e+04	4.92400e-02
3.87500e+04	4.73100e-02
4.05400e+04	4.54600e-02
4.24100e+04	4.36800e-02
4.43700e+04	4.19700e-02
4.64200e+04	4.03200e-02
4.85600e+04	3.87400e-02
5.08000e+04	3.72200e-02
5.31500e+04	3.57600e-02
5.56000e+04	3.43500e-02
5.81700e+04	3.30000e-02
6.08600e+04	3.17000e-02
6.36700e+04	3.04500e-02
6.66100e+04	2.92400e-02
6.96800e+04	2.80900e-02
7.29000e+04	2.69800e-02
7.62700e+04	2.59100e-02
7.97900e+04	2.48900e-02
8.34800e+04	2.39000e-02
8.73300e+04	2.29600e-02
9.13700e+04	2.20500e-02
9.55900e+04	2.11700e-02
1.00000e+05	2.03300e-02
1.04600e+05	1.95200e-02
1.09400e+05	1.87500e-02
1.14500e+05	1.80000e-02
1.19800e+05	1.72900e-02
1.25300e+05	1.66000e-02
1.31100e+05	1.59400e-02
1.37200e+05	1.53000e-02
1.43500e+05	1.46900e-02
1.50100e+05	1.41100e-02
1.57100e+05	1.35400e-02
1.64300e+05	1.30000e-02
1.71900e+05	1.24800e-02
1.79800e+05	1.19800e-02
1.88200e+05	1.15000e-02
1.96800e+05	1.10400e-02
2.05900e+05	1.06000e-02
2.15400e+05	1.01800e-02
2.25400e+05	9.76900e-03
2.35800e+05	9.37800e-03
2.46700e+05	9.00100e-03
2.58100e+05	8.64000e-03
2.70000e+05	8.29300e-03
2.82500e+05	7.96000e-03
2.95500e+05	7.64100e-03
3.09200e+05	7.33300e-03
3.23400e+05	7.03800e-03
3.38400e+05	6.75500e-03
3.54000e+05	6.48300e-03
3.70400e+05	6.22200e-03
3.87500e+05	5.97200e-03
4.05400e+05	5.73100e-03
4.24100e+05	5.50000e-03
4.43700e+05	5.27800e-03
4.64200e+05	5.06500e-03
4.85600e+05	4.86100e-03
5.08000e+05	4.66500e-03
5.31500e+05	4.47600e-03
5.56000e+05	4.29500e-03
5.81700e+05	4.12200e-03
6.08600e+05	3.95500e-03
6.36700e+05	3.79500e-03
6.66100e+05	3.64100e-03
6.96800e+05	3.49400e-03
7.29000e+05	3.35300e-03
7.62700e+05	3.21700e-03
7.97900e+05	3.08600e-03
8.34800e+05	2.96100e-03
8.73300e+05	2.84100e-03
9.13700e+05	2.72600e-03
9.55900e+05	2.61500e-03
1.00000e+06	2.50900e-03
