# PH2 cross section
256
1.00000e+01	6.14267e-02
1.04618e+01	1.70419e-01
1.09450e+01	3.06182e-01
1.14505e+01	5.28183e-01
1.19793e+01	8.37491e-01
1.25325e+01	1.16345e+00
1.31113e+01	1.50184e+00
1.37169e+01	1.86774e+00
1.43504e+01	2.35067e+00
1.50131e+01	2.86345e+00
1.57065e+01	3.38571e+00
1.64318e+01	3.91273e+00
1.71907e+01	4.44039e+00
1.79846e+01	4.96509e+00
1.88152e+01	5.48371e+00
1.96842e+01	5.99352e+00
2.05933e+01	6.49217e+00
2.15444e+01	6.97853e+00
2.25393e+01	7.48011e+00
2.35803e+01	7.97292e+00
2.46693e+01	8.47179e+00
2.58086e+01	8.95535e+00
2.70006e+01	9.42170e+00
2.82475e+01	9.86924e+00
2.95521e+01	1.02966e+01
3.09169e+01	1.07027e+01
3.23448e+01	1.10866e+01
3.38385e+01	1.14476e+01
3.54013e+01	1.17851e+01
3.70363e+01	1.20988e+01
3.87467e+01	1.23883e+01
4.05362e+01	1.26535e+01
4.24083e+01	1.28945e+01
4.43669e+01	1.31112e+01
4.64159e+01	1.33039e+01
4.85595e+01	1.34728e+01
5.08022e+01	1.36183e+01
5.31484e+01	1.37407e+01
5.56030e+01	1.38406e+01
5.81709e+01	1.39185e+01
6.08575e+01	1.39749e+01
6.36681e+01	1.40106e+01
6.66085e+01	1.40262e+01
6.96847e+01	1.40224e+01
7.29030e+01	1.40000e+01
7.62699e+01	1.39597e+01
7.97923e+01	1.39023e+01
8.34773e+01	1.38288e+01
8.73326e+01	1.37398e+01
9.13659e+01	1.36362e+01
9.55855e+01	1.35189e+01
1.00000e+02	1.33888e+01
1.04618e+02	1.32466e+01
1.09450e+02	1.30932e+01
1.14505e+02	1.29294e+01
1.19793e+02	1.27561e+01
1.25325e+02	1.25741e+01
1.31113e+02	1.23841e+01
1.37169e+02	1.21870e+01
1.43504e+02	1.19834e+01
1.50131e+02	1.17758e+01
1.57065e+02	1.15649e+01
1.64318e+02	1.13500e+01
1.71907e+02	1.11316e+01
1.79846e+02	1.09102e+01
1.88152e+02	1.06866e+01
1.96842e+02	1.04611e+01
2.05933e+02	1.02343e+01
2.15444e+02	1.00073e+01
2.25393e+02	9.77993e+00
2.35803e+02	9.55262e+00
2.46693e+02	9.32577e+00
2.58086e+02	9.09974e+00
2.70005e+02	8.87489e+00
2.82475e+02	8.65152e+00
2.95521e+02	8.42994e+00
3.09169e+02	8.21042e+00
3.23448e+02	7.99320e+00
3.38385e+02	7.77853e+00
3.54013e+02	7.56659e+00
3.70363e+02	7.35759e+00
3.87467e+02	7.15169e+00
4.05362e+02	6.94904e+00
4.24083e+02	6.74977e+00
4.43669e+02	6.55399e+00
4.64159e+02	6.36181e+00
4.85595e+02	6.17330e+00
5.08022e+02	5.98855e+00
5.31484e+02	5.80760e+00
5.56030e+02	5.63050e+00
5.81709e+02	5.45728e+00
6.08574e+02	5.28796e+00
6.36681e+02	5.12256e+00
6.66085e+02	4.96107e+00
6.96847e+02	4.80350e+00
7.29029e+02	4.64983e+00
7.62699e+02	4.50003e+00
7.97923e+02	4.35409e+00
8.34773e+02	4.21197e+00
8.73326e+02	4.07363e+00
9.13659e+02	3.93903e+00
9.55855e+02	3.80812e+00
1.00000e+03	3.68085e+00
1.04618e+03	3.55717e+00
1.09450e+03	3.43703e+00
1.14505e+03	3.32035e+00
1.19793e+03	3.20708e+00
1.25325e+03	3.09716e+00
1.31113e+03	2.99052e+00
1.37169e+03	2.88710e+00
1.43504e+03	2.78683e+00
1.50131e+03	2.68964e+00
1.57065e+03	2.59546e+00
1.64318e+03	2.50422e+00
1.71907e+03	2.41586e+00
1.79846e+03	2.33030e+00
1.88152e+03	2.24748e+00
1.96842e+03	2.16733e+00
2.05933e+03	2.08978e+00
2.15443e+03	2.01476e+00
2.25393e+03	1.94221e+00
2.35803e+03	1.87206e+00
2.46693e+03	1.80425e+00
2.58086e+03	1.73870e+00
2.70005e+03	1.67536e+00
2.82475e+03	1.61416e+00
2.95521e+03	1.55504e+00
3.09169e+03	1.49794e+00
3.23448e+03	1.44280e+00
3.38386e+03	1.38956e+00
3.54013e+03	1.33817e+00
3.70363e+03	1.28856e+00
3.87468e+03	1.24068e+00
4.05362e+03	1.19449e+00
4.24083e+03	1.14992e+00
4.43669e+03	1.10693e+00
4.64159e+03	1.06546e+00
4.85595e+03	1.02547e+00
5.08022e+03	9.86900e-01
5.31484e+03	9.49719e-01
5.56030e+03	9.13874e-01
5.81709e+03	8.79321e-01
6.08574e+03	8.46019e-01
6.36681e+03	8.13925e-01
6.66085e+03	7.82999e-01
6.96847e+03	7.53202e-01
7.29030e+03	7.24495e-01
7.62699e+03	6.96840e-01
7.97923e+03	6.70203e-01
8.34773e+03	6.44548e-01
8.73326e+03	6.19841e-01
9.13659e+03	5.96049e-01
9.55855e+03	5.73140e-01
1.00000e+04	5.51083e-01
1.04618e+04	5.29849e-01
1.09450e+04	5.09408e-01
1.14505e+04	4.89732e-01
1.19793e+04	4.70794e-01
1.25325e+04	4.52568e-01
1.31113e+04	4.35028e-01
1.37169e+04	4.18149e-01
1.43504e+04	4.01908e-01
1.50131e+04	3.86282e-01
1.57065e+04	3.71248e-01
1.64318e+04	3.56784e-01
1.71907e+04	3.42871e-01
1.79847e+04	3.29488e-01
1.88152e+04	3.16615e-01
1.96842e+04	3.04233e-01
2.05933e+04	2.92326e-01
2.15443e+04	2.80874e-01
2.25393e+04	2.69861e-01
2.35803e+04	2.59272e-01
2.46693e+04	2.49089e-01
2.58086e+04	2.39299e-01
2.70005e+04	2.29886e-01
2.82475e+04	2.20836e-01
2.95521e+04	2.12136e-01
3.09169e+04	2.03772e-01
3.23448e+04	1.95733e-01
3.38386e+04	1.88005e-01
3.54013e+04	1.80576e-01
3.70363e+04	1.73437e-01
3.87468e+04	1.66574e-01
4.05362e+04	1.59979e-01
4.24083e+04	1.53641e-01
4.43669e+04	1.47551e-01
4.64159e+04	1.41697e-01
4.85595e+04	1.36073e-01
5.08022e+04	1.30668e-01
5.31484e+04	1.25475e-01
5.56030e+04	1.20486e-01
5.81709e+04	1.15692e-01
6.08574e+04	1.11086e-01
6.36681e+04	1.06661e-01
6.66085e+04	1.02409e-01
6.96847e+04	9.83253e-02
7.29029e+04	9.44020e-02
7.62699e+04	9.06332e-02
7.97923e+04	8.70130e-02
8.34773e+04	8.35356e-02
8.73326e+04	8.01954e-02
9.13659e+04	7.69872e-02
9.55855e+04	7.39058e-02
1.00000e+05	7.09462e-02
1.04618e+05	6.81038e-02
1.09450e+05	6.53739e-02
1.14505e+05	6.27523e-02
1.19793e+05	6.02345e-02
1.25325e+05	5.78167e-02
1.31113e+05	5.54949e-02
1.37169e+05	5.32653e-02
1.43504e+05	5.11244e-02
1.50131e+05	4.90686e-02
1.57065e+05	4.70946e-02
1.64318e+05	4.51992e-02
1.71907e+05	4.33793e-02
1.79846e+05	4.16319e-02
1.88152e+05	3.99543e-02
1.96842e+05	3.83436e-02
2.05933e+05	3.67972e-02
2.15444e+05	3.53125e-02
2.25393e+05	3.38872e-02
2.35803e+05	3.25189e-02
2.46693e+05	3.12053e-02
2.58086e+05	2.99444e-02
2.70006e+05	2.87339e-02
2.82475e+05	2.75719e-02
2.95521e+05	2.64565e-02
3.09169e+05	2.53858e-02
3.23448e+05	2.43580e-02
3.38386e+05	2.33716e-02
3.54013e+05	2.24247e-02
3.70363e+05	2.15158e-02
3.87468e+05	2.06436e-02
4.05362e+05	1.98063e-02
4.24083e+05	1.90028e-02
4.43669e+05	1.82316e-02
4.64159e+05	1.74914e-02
4.85595e+05	1.67810e-02
5.08022e+05	1.60993e-02
5.31484e+05	1.54451e-02
5.56030e+05	1.48172e-02
5.81709e+05	1.42147e-02
6.08574e+05	1.36365e-02
6.36680e+05	1.30816e-02
6.66085e+05	1.25491e-02
6.96847e+05	1.20382e-02
7.29030e+05	1.15479e-02
7.62699e+05	1.10774e-02
7.97923e+05	1.06260e-02
8.34773e+05	1.01928e-02
8.73326e+05	9.77715e-03
9.13659e+05	9.37834e-03
9.55855e+05	8.99569e-03
1.00000e+06	8.62854e-03
