# PO cross section
256
1.00000e+01	3.70697e-01
1.04618e+01	4.98799e-01
1.09450e+01	6.31329e-01
1.14505e+01	7.67048e-01
1.19793e+01	9.04869e-01
1.25325e+01	1.04384e+00
1.31113e+01	1.19544e+00
1.37169e+01	1.42470e+00
1.43504e+01	1.83711e+00
1.50131e+01	2.30670e+00
1.57065e+01	2.79525e+00
1.64318e+01	3.29745e+00
1.71907e+01	3.80864e+00
1.79846e+01	4.33843e+00
1.88152e+01	4.88812e+00
1.96842e+01	5.43853e+00
2.05933e+01	5.98634e+00
2.15444e+01	6.54519e+00
2.25393e+01	7.10602e+00
2.35803e+01	7.65847e+00
2.46693e+01	8.20014e+00
2.58086e+01	8.72895e+00
2.70006e+01	9.24307e+00
2.82475e+01	9.74091e+00
2.95521e+01	1.02211e+01
3.09169e+01	1.06825e+01
3.23448e+01	1.11240e+01
3.38385e+01	1.15448e+01
3.54013e+01	1.19443e+01
3.70363e+01	1.23280e+01
3.87467e+01	1.27037e+01
4.05362e+01	1.30581e+01
4.24083e+01	1.33906e+01
4.43669e+01	1.37006e+01
4.64159e+01	1.39878e+01
4.85595e+01	1.42519e+01
5.08022e+01	1.44927e+01
5.31484e+01	1.47102e+01
5.56030e+01	1.49044e+01
5.81709e+01	1.50754e+01
6.08575e+01	1.52234e+01
6.36681e+01	1.53487e+01
6.66085e+01	1.54516e+01
6.96847e+01	1.55326e+01
7.29030e+01	1.55920e+01
7.62699e+01	1.56304e+01
7.97923e+01	1.56484e+01
8.34773e+01	1.56466e+01
8.73326e+01	1.56255e+01
9.13659e+01	1.55860e+01
9.55855e+01	1.55286e+01
1.00000e+02	1.54542e+01
1.04618e+02	1.53635e+01
1.09450e+02	1.52572e+01
1.14505e+02	1.51362e+01
1.19793e+02	1.50013e+01
1.25325e+02	1.48532e+01
1.31113e+02	1.46929e+01
1.37169e+02	1.45211e+01
1.43504e+02	1.43386e+01
1.50131e+02	1.41469e+01
1.57065e+02	1.39487e+01
1.64318e+02	1.37425e+01
1.71907e+02	1.35290e+01
1.79846e+02	1.33088e+01
1.88152e+02	1.30827e+01
1.96842e+02	1.28514e+01
2.05933e+02	1.26155e+01
2.15444e+02	1.23763e+01
2.25393e+02	1.21337e+01
2.35803e+02	1.18885e+01
2.46693e+02	1.16411e+01
2.58086e+02	1.13922e+01
2.70005e+02	1.11421e+01
2.82475e+02	1.08914e+01
2.95521e+02	1.06406e+01
3.09169e+02	1.03901e+01
3.23448e+02	1.01403e+01
3.38385e+02	9.89155e+00
3.54013e+02	9.64428e+00
3.70363e+02	9.39879e+00
3.87467e+02	9.15540e+00
4.05362e+02	8.91440e+00
4.24083e+02	8.67604e+00
4.43669e+02	8.44057e+00
4.64159e+02	8.20820e+00
4.85595e+02	7.97913e+00
5.08022e+02	7.75354e+00
5.31484e+02	7.53159e+00
5.56030e+02	7.31341e+00
5.81709e+02	7.09921e+00
6.08574e+02	6.88902e+00
6.36681e+02	6.68293e+00
6.66085e+02	6.48100e+00
6.96847e+02	6.28328e+00
7.29029e+02	6.08983e+00
7.62699e+02	5.90068e+00
7.97923e+02	5.71584e+00
8.34773e+02	5.53533e+00
8.73326e+02	5.35914e+00
9.13659e+02	5.18727e+00
9.55855e+02	5.01971e+00
1.00000e+03	4.85642e+00
1.04618e+03	4.69739e+00
1.09450e+03	4.54256e+00
1.14505e+03	4.39190e+00
1.19793e+03	4.24536e+00
1.25325e+03	4.10289e+00
1.31113e+03	3.96443e+00
1.37169e+03	3.82992e+00
1.43504e+03	3.69930e+00
1.50131e+03	3.57249e+00
1.57065e+03	3.44944e+00
1.64318e+03	3.33008e+00
1.71907e+03	3.21432e+00
1.79846e+03	3.10209e+00
1.88152e+03	2.99333e+00
1.96842e+03	2.88795e+00
2.05933e+03	2.78588e+00
2.15443e+03	2.68704e+00
2.25393e+03	2.59136e+00
2.35803e+03	2.49876e+00
2.46693e+03	2.40916e+00
2.58086e+03	2.32249e+00
2.70005e+03	2.23866e+00
2.82475e+03	2.15761e+00
2.95521e+03	2.07925e+00
3.09169e+03	2.00352e+00
3.23448e+03	1.93034e+00
3.38386e+03	1.85963e+00
3.54013e+03	1.79134e+00
3.70363e+03	1.72538e+00
3.87468e+03	1.66169e+00
4.05362e+03	1.60020e+00
4.24083e+03	1.54084e+00
4.43669e+03	1.48356e+00
4.64159e+03	1.42828e+00
4.85595e+03	1.37495e+00
5.08022e+03	1.32350e+00
5.31484e+03	1.27388e+00
5.56030e+03	1.22602e+00
5.81709e+03	1.17986e+00
6.08574e+03	1.13537e+00
6.36681e+03	1.09247e+00
6.66085e+03	1.05112e+00
6.96847e+03	1.01127e+00
7.29030e+03	9.72867e-01
7.62699e+03	9.35860e-01
7.97923e+03	9.00205e-01
8.34773e+03	8.65855e-01
8.73326e+03	8.32766e-01
9.13659e+03	8.00895e-01
9.55855e+03	7.70200e-01
1.00000e+04	7.40641e-01
1.04618e+04	7.12178e-01
1.09450e+04	6.84772e-01
1.14505e+04	6.58388e-01
1.19793e+04	6.32988e-01
1.25325e+04	6.08538e-01
1.31113e+04	5.85005e-01
1.37169e+04	5.62355e-01
1.43504e+04	5.40558e-01
1.50131e+04	5.19582e-01
1.57065e+04	4.99398e-01
1.64318e+04	4.79978e-01
1.71907e+04	4.61294e-01
1.79847e+04	4.43319e-01
1.88152e+04	4.26028e-01
1.96842e+04	4.09394e-01
2.05933e+04	3.93396e-01
2.15443e+04	3.78008e-01
2.25393e+04	3.63209e-01
2.35803e+04	3.48976e-01
2.46693e+04	3.35290e-01
2.58086e+04	3.22129e-01
2.70005e+04	3.09474e-01
2.82475e+04	2.97306e-01
2.95521e+04	2.85608e-01
3.09169e+04	2.74361e-01
3.23448e+04	2.63549e-01
3.38386e+04	2.53154e-01
3.54013e+04	2.43163e-01
3.70363e+04	2.33559e-01
3.87468e+04	2.24328e-01
4.05362e+04	2.15455e-01
4.24083e+04	2.06927e-01
4.43669e+04	1.98732e-01
4.64159e+04	1.90856e-01
4.85595e+04	1.83287e-01
5.08022e+04	1.76013e-01
5.31484e+04	1.69024e-01
5.56030e+04	1.62308e-01
5.81709e+04	1.55856e-01
6.08574e+04	1.49655e-01
6.36681e+04	1.43699e-01
6.66085e+04	1.37976e-01
6.96847e+04	1.32477e-01
7.29029e+04	1.27195e-01
7.62699e+04	1.22121e-01
7.97923e+04	1.17246e-01
8.34773e+04	1.12564e-01
8.73326e+04	1.08066e-01
9.13659e+04	1.03746e-01
9.55855e+04	9.95960e-02
1.00000e+05	9.56102e-02
1.04618e+05	9.17820e-02
1.09450e+05	8.81053e-02
1.14505e+05	8.45741e-02
1.19793e+05	8.11829e-02
1.25325e+05	7.79261e-02
1.31113e+05	7.47985e-02
1.37169e+05	7.17950e-02
1.43504e+05	6.89109e-02
1.50131e+05	6.61413e-02
1.57065e+05	6.34819e-02
1.64318e+05	6.09283e-02
1.71907e+05	5.84764e-02
1.79846e+05	5.61221e-02
1.88152e+05	5.38616e-02
1.96842e+05	5.16913e-02
2.05933e+05	4.96076e-02
2.15444e+05	4.76071e-02
2.25393e+05	4.56865e-02
2.35803e+05	4.38426e-02
2.46693e+05	4.20724e-02
2.58086e+05	4.03731e-02
2.70006e+05	3.87417e-02
2.82475e+05	3.71757e-02
2.95521e+05	3.56724e-02
3.09169e+05	3.42294e-02
3.23448e+05	3.28442e-02
3.38386e+05	3.15146e-02
3.54013e+05	3.02383e-02
3.70363e+05	2.90133e-02
3.87468e+05	2.78375e-02
4.05362e+05	2.67090e-02
4.24083e+05	2.56258e-02
4.43669e+05	2.45862e-02
4.64159e+05	2.35885e-02
4.85595e+05	2.26309e-02
5.08022e+05	2.17118e-02
5.31484e+05	2.08298e-02
5.56030e+05	1.99834e-02
5.81709e+05	1.91710e-02
6.08574e+05	1.83915e-02
6.36680e+05	1.76434e-02
6.66085e+05	1.69255e-02
6.96847e+05	1.62366e-02
7.29030e+05	1.55756e-02
7.62699e+05	1.49412e-02
7.97923e+05	1.43325e-02
8.34773e+05	1.37484e-02
8.73326e+05	1.31880e-02
9.13659e+05	1.26502e-02
9.55855e+05	1.21342e-02
1.00000e+06	1.16391e-02
