# SO cross section
256
1.00000e+01	0.00000e+00
1.04618e+01	0.00000e+00
1.09450e+01	1.02646e-01
1.14505e+01	2.42954e-01
1.19793e+01	3.93876e-01
1.25325e+01	5.53267e-01
1.31113e+01	7.19237e-01
1.37169e+01	8.90925e-01
1.43504e+01	1.17257e+00
1.50131e+01	1.47286e+00
1.57065e+01	1.81566e+00
1.64318e+01	2.19165e+00
1.71907e+01	2.58779e+00
1.79846e+01	2.99032e+00
1.88152e+01	3.42041e+00
1.96842e+01	3.89041e+00
2.05933e+01	4.36373e+00
2.15444e+01	4.83718e+00
2.25393e+01	5.32090e+00
2.35803e+01	5.80906e+00
2.46693e+01	6.29162e+00
2.58086e+01	6.76633e+00
2.70006e+01	7.24524e+00
2.82475e+01	7.71656e+00
2.95521e+01	8.17603e+00
3.09169e+01	8.62205e+00
3.23448e+01	9.05324e+00
3.38385e+01	9.46839e+00
3.54013e+01	9.86649e+00
3.70363e+01	1.02482e+01
3.87467e+01	1.06201e+01
4.05362e+01	1.09777e+01
4.24083e+01	1.13211e+01
4.43669e+01	1.16454e+01
4.64159e+01	1.19500e+01
4.85595e+01	1.22344e+01
5.08022e+01	1.24983e+01
5.31484e+01	1.27413e+01
5.56030e+01	1.29634e+01
5.81709e+01	1.31644e+01
6.08575e+01	1.33443e+01
6.36681e+01	1.35033e+01
6.66085e+01	1.36416e+01
6.96847e+01	1.37593e+01
7.29030e+01	1.38567e+01
7.62699e+01	1.39342e+01
7.97923e+01	1.39923e+01
8.34773e+01	1.40313e+01
8.73326e+01	1.40517e+01
9.13659e+01	1.40542e+01
9.55855e+01	1.40392e+01
1.00000e+02	1.40074e+01
1.04618e+02	1.39595e+01
1.09450e+02	1.38960e+01
1.14505e+02	1.38177e+01
1.19793e+02	1.37252e+01
1.25325e+02	1.36194e+01
1.31113e+02	1.35008e+01
1.37169e+02	1.33702e+01
1.43504e+02	1.32285e+01
1.50131e+02	1.30762e+01
1.57065e+02	1.29141e+01
1.64318e+02	1.27431e+01
1.71907e+02	1.25637e+01
1.79846e+02	1.23766e+01
1.88152e+02	1.21839e+01
1.96842e+02	1.19860e+01
2.05933e+02	1.17827e+01
2.15444e+02	1.15746e+01
2.25393e+02	1.13623e+01
2.35803e+02	1.11464e+01
2.46693e+02	1.09275e+01
2.58086e+02	1.07064e+01
2.70005e+02	1.04834e+01
2.82475e+02	1.02589e+01
2.95521e+02	1.00334e+01
3.09169e+02	9.80733e+00
3.23448e+02	9.58110e+00
3.38385e+02	9.35512e+00
3.54013e+02	9.12976e+00
3.70363e+02	8.90537e+00
3.87467e+02	8.68228e+00
4.05362e+02	8.46080e+00
4.24083e+02	8.24120e+00
4.43669e+02	8.02376e+00
4.64159e+02	7.80870e+00
4.85595e+02	7.59625e+00
5.08022e+02	7.38660e+00
5.31484e+02	7.17994e+00
5.56030e+02	6.97643e+00
5.81709e+02	6.77628e+00
6.08574e+02	6.57958e+00
6.36681e+02	6.38641e+00
6.66085e+02	6.19686e+00
6.96847e+02	6.01101e+00
7.29029e+02	5.82892e+00
7.62699e+02	5.65066e+00
7.97923e+02	5.47625e+00
8.34773e+02	5.30573e+00
8.73326e+02	5.13912e+00
9.13659e+02	4.97642e+00
9.55855e+02	4.81764e+00
1.00000e+03	4.66277e+00
1.04618e+03	4.51179e+00
1.09450e+03	4.36468e+00
1.14505e+03	4.22142e+00
1.19793e+03	4.08196e+00
1.25325e+03	3.94628e+00
1.31113e+03	3.81432e+00
1.37169e+03	3.68604e+00
1.43504e+03	3.56139e+00
1.50131e+03	3.44030e+00
1.57065e+03	3.32273e+00
1.64318e+03	3.20861e+00
1.71907e+03	3.09789e+00
1.79846e+03	2.99048e+00
1.88152e+03	2.88634e+00
1.96842e+03	2.78539e+00
2.05933e+03	2.68756e+00
2.15443e+03	2.59279e+00
2.25393e+03	2.50100e+00
2.35803e+03	2.41213e+00
2.46693e+03	2.32610e+00
2.58086e+03	2.24285e+00
2.70005e+03	2.16231e+00
2.82475e+03	2.08440e+00
2.95521e+03	2.00907e+00
3.09169e+03	1.93623e+00
3.23448e+03	1.86582e+00
3.38386e+03	1.79777e+00
3.54013e+03	1.73202e+00
3.70363e+03	1.66850e+00
3.87468e+03	1.60716e+00
4.05362e+03	1.54791e+00
4.24083e+03	1.49071e+00
4.43669e+03	1.43549e+00
4.64159e+03	1.38219e+00
4.85595e+03	1.33075e+00
5.08022e+03	1.28112e+00
5.31484e+03	1.23323e+00
5.56030e+03	1.18704e+00
5.81709e+03	1.14250e+00
6.08574e+03	1.09953e+00
6.36681e+03	1.05811e+00
6.66085e+03	1.01817e+00
6.96847e+03	9.79675e-01
7.29030e+03	9.42567e-01
7.62699e+03	9.06805e-01
7.97923e+03	8.72342e-01
8.34773e+03	8.39135e-01
8.73326e+03	8.07143e-01
9.13659e+03	7.76323e-01
9.55855e+03	7.46637e-01
1.00000e+04	7.18044e-01
1.04618e+04	6.90508e-01
1.09450e+04	6.63991e-01
1.14505e+04	6.38459e-01
1.19793e+04	6.13876e-01
1.25325e+04	5.90210e-01
1.31113e+04	5.67428e-01
1.37169e+04	5.45499e-01
1.43504e+04	5.24393e-01
1.50131e+04	5.04080e-01
1.57065e+04	4.84532e-01
1.64318e+04	4.65722e-01
1.71907e+04	4.47622e-01
1.79847e+04	4.30208e-01
1.88152e+04	4.13454e-01
1.96842e+04	3.97336e-01
2.05933e+04	3.81832e-01
2.15443e+04	3.66918e-01
2.25393e+04	3.52573e-01
2.35803e+04	3.38777e-01
2.46693e+04	3.25509e-01
2.58086e+04	3.12749e-01
2.70005e+04	3.00479e-01
2.82475e+04	2.88680e-01
2.95521e+04	2.77336e-01
3.09169e+04	2.66428e-01
3.23448e+04	2.55941e-01
3.38386e+04	2.45859e-01
3.54013e+04	2.36167e-01
3.70363e+04	2.26850e-01
3.87468e+04	2.17894e-01
4.05362e+04	2.09286e-01
4.24083e+04	2.01011e-01
4.43669e+04	1.93058e-01
4.64159e+04	1.85415e-01
4.85595e+04	1.78070e-01
5.08022e+04	1.71011e-01
5.31484e+04	1.64227e-01
5.56030e+04	1.57708e-01
5.81709e+04	1.51445e-01
6.08574e+04	1.45426e-01
6.36681e+04	1.39643e-01
6.66085e+04	1.34086e-01
6.96847e+04	1.28748e-01
7.29029e+04	1.23619e-01
7.62699e+04	1.18692e-01
7.97923e+04	1.13958e-01
8.34773e+04	1.09411e-01
8.73326e+04	1.05043e-01
9.13659e+04	1.00847e-01
9.55855e+04	9.68167e-02
1.00000e+05	9.29453e-02
1.04618e+05	8.92268e-02
1.09450e+05	8.56553e-02
1.14505e+05	8.22250e-02
1.19793e+05	7.89306e-02
1.25325e+05	7.57665e-02
1.31113e+05	7.27279e-02
1.37169e+05	6.98098e-02
1.43504e+05	6.70074e-02
1.50131e+05	6.43164e-02
1.57065e+05	6.17322e-02
1.64318e+05	5.92507e-02
1.71907e+05	5.68680e-02
1.79846e+05	5.45800e-02
1.88152e+05	5.23832e-02
1.96842e+05	5.02739e-02
2.05933e+05	4.82487e-02
2.15444e+05	4.63043e-02
2.25393e+05	4.44374e-02
2.35803e+05	4.26451e-02
2.46693e+05	4.09244e-02
2.58086e+05	3.92725e-02
2.70006e+05	3.76866e-02
2.82475e+05	3.61642e-02
2.95521e+05	3.47027e-02
3.09169e+05	3.32997e-02
3.23448e+05	3.19530e-02
3.38386e+05	3.06602e-02
3.54013e+05	2.94193e-02
3.70363e+05	2.82282e-02
3.87468e+05	2.70849e-02
4.05362e+05	2.59875e-02
4.24083e+05	2.49342e-02
4.43669e+05	2.39232e-02
4.64159e+05	2.29529e-02
4.85595e+05	2.20216e-02
5.08022e+05	2.11278e-02
5.31484e+05	2.02700e-02
5.56030e+05	1.94467e-02
5.81709e+05	1.86567e-02
6.08574e+05	1.78984e-02
6.36680e+05	1.71708e-02
6.66085e+05	1.64725e-02
6.96847e+05	1.58023e-02
7.29030e+05	1.51593e-02
7.62699e+05	1.45422e-02
7.97923e+05	1.39501e-02
8.34773e+05	1.33819e-02
8.73326e+05	1.28366e-02
9.13659e+05	1.23135e-02
9.55855e+05	1.18114e-02
1.00000e+06	1.13298e-02
