# SO2 cross section
256
1.00000e+01	0.00000e+00
1.04618e+01	0.00000e+00
1.09450e+01	0.00000e+00
1.14505e+01	0.00000e+00
1.19793e+01	0.00000e+00
1.25325e+01	0.00000e+00
1.31113e+01	8.11800e-02
1.37169e+01	2.92348e-01
1.43504e+01	6.05284e-01
1.50131e+01	9.40175e-01
1.57065e+01	1.29232e+00
1.64318e+01	1.65758e+00
1.71907e+01	2.12459e+00
1.79846e+01	2.72592e+00
1.88152e+01	3.34814e+00
1.96842e+01	3.98497e+00
2.05933e+01	4.63090e+00
2.15444e+01	5.28111e+00
2.25393e+01	5.93134e+00
2.35803e+01	6.57787e+00
2.46693e+01	7.24280e+00
2.58086e+01	7.91097e+00
2.70006e+01	8.56959e+00
2.82475e+01	9.21582e+00
2.95521e+01	9.84721e+00
3.09169e+01	1.04616e+01
3.23448e+01	1.10571e+01
3.38385e+01	1.16321e+01
3.54013e+01	1.21851e+01
3.70363e+01	1.27151e+01
3.87467e+01	1.32303e+01
4.05362e+01	1.37307e+01
4.24083e+01	1.42239e+01
4.43669e+01	1.46936e+01
4.64159e+01	1.51383e+01
4.85595e+01	1.55572e+01
5.08022e+01	1.59495e+01
5.31484e+01	1.63147e+01
5.56030e+01	1.66523e+01
5.81709e+01	1.69620e+01
6.08575e+01	1.72437e+01
6.36681e+01	1.74973e+01
6.66085e+01	1.77230e+01
6.96847e+01	1.79209e+01
7.29030e+01	1.80912e+01
7.62699e+01	1.82344e+01
7.97923e+01	1.83508e+01
8.34773e+01	1.84410e+01
8.73326e+01	1.85056e+01
9.13659e+01	1.85451e+01
9.55855e+01	1.85603e+01
1.00000e+02	1.85520e+01
1.04618e+02	1.85209e+01
1.09450e+02	1.84679e+01
1.14505e+02	1.83939e+01
1.19793e+02	1.82996e+01
1.25325e+02	1.81862e+01
1.31113e+02	1.80544e+01
1.37169e+02	1.79054e+01
1.43504e+02	1.77400e+01
1.50131e+02	1.75592e+01
1.57065e+02	1.73640e+01
1.64318e+02	1.71554e+01
1.71907e+02	1.69344e+01
1.79846e+02	1.67019e+01
1.88152e+02	1.64594e+01
1.96842e+02	1.62089e+01
2.05933e+02	1.59500e+01
2.15444e+02	1.56834e+01
2.25393e+02	1.54101e+01
2.35803e+02	1.51308e+01
2.46693e+02	1.48463e+01
2.58086e+02	1.45577e+01
2.70005e+02	1.42656e+01
2.82475e+02	1.39705e+01
2.95521e+02	1.36732e+01
3.09169e+02	1.33743e+01
3.23448e+02	1.30744e+01
3.38385e+02	1.27740e+01
3.54013e+02	1.24738e+01
3.70363e+02	1.21743e+01
3.87467e+02	1.18758e+01
4.05362e+02	1.15789e+01
4.24083e+02	1.12841e+01
4.43669e+02	1.09916e+01
4.64159e+02	1.07019e+01
4.85595e+02	1.04152e+01
5.08022e+02	1.01319e+01
5.31484e+02	9.85235e+00
5.56030e+02	9.57666e+00
5.81709e+02	9.30526e+00
6.08574e+02	9.03825e+00
6.36681e+02	8.77577e+00
6.66085e+02	8.51795e+00
6.96847e+02	8.26493e+00
7.29029e+02	8.01683e+00
7.62699e+02	7.77372e+00
7.97923e+02	7.53569e+00
8.34773e+02	7.30279e+00
8.73326e+02	7.07507e+00
9.13659e+02	6.85256e+00
9.55855e+02	6.63527e+00
1.00000e+03	6.42320e+00
1.04618e+03	6.21635e+00
1.09450e+03	6.01470e+00
1.14505e+03	5.81823e+00
1.19793e+03	5.62688e+00
1.25325e+03	5.44064e+00
1.31113e+03	5.25943e+00
1.37169e+03	5.08320e+00
1.43504e+03	4.91190e+00
1.50131e+03	4.74545e+00
1.57065e+03	4.58377e+00
1.64318e+03	4.42680e+00
1.71907e+03	4.27445e+00
1.79846e+03	4.12663e+00
1.88152e+03	3.98326e+00
1.96842e+03	3.84426e+00
2.05933e+03	3.70953e+00
2.15443e+03	3.57898e+00
2.25393e+03	3.45252e+00
2.35803e+03	3.33005e+00
2.46693e+03	3.21148e+00
2.58086e+03	3.09673e+00
2.70005e+03	2.98569e+00
2.82475e+03	2.87827e+00
2.95521e+03	2.77437e+00
3.09169e+03	2.67391e+00
3.23448e+03	2.57679e+00
3.38386e+03	2.48292e+00
3.54013e+03	2.39221e+00
3.70363e+03	2.30458e+00
3.87468e+03	2.21992e+00
4.05362e+03	2.13816e+00
4.24083e+03	2.05922e+00
4.43669e+03	1.98300e+00
4.64159e+03	1.90943e+00
4.85595e+03	1.83843e+00
5.08022e+03	1.76991e+00
5.31484e+03	1.70381e+00
5.56030e+03	1.64004e+00
5.81709e+03	1.57853e+00
6.08574e+03	1.51921e+00
6.36681e+03	1.46201e+00
6.66085e+03	1.40686e+00
6.96847e+03	1.35370e+00
7.29030e+03	1.30245e+00
7.62699e+03	1.25306e+00
7.97923e+03	1.20547e+00
8.34773e+03	1.15960e+00
8.73326e+03	1.11541e+00
9.13659e+03	1.07285e+00
9.55855e+03	1.03184e+00
1.00000e+04	9.92344e-01
1.04618e+04	9.54306e-01
1.09450e+04	9.17676e-01
1.14505e+04	8.82404e-01
1.19793e+04	8.48444e-01
1.25325e+04	8.15749e-01
1.31113e+04	7.84275e-01
1.37169e+04	7.53979e-01
1.43504e+04	7.24818e-01
1.50131e+04	6.96753e-01
1.57065e+04	6.69744e-01
1.64318e+04	6.43754e-01
1.71907e+04	6.18745e-01
1.79847e+04	5.94683e-01
1.88152e+04	5.71532e-01
1.96842e+04	5.49261e-01
2.05933e+04	5.27837e-01
2.15443e+04	5.07228e-01
2.25393e+04	4.87405e-01
2.35803e+04	4.68340e-01
2.46693e+04	4.50004e-01
2.58086e+04	4.32370e-01
2.70005e+04	4.15413e-01
2.82475e+04	3.99107e-01
2.95521e+04	3.83429e-01
3.09169e+04	3.68354e-01
3.23448e+04	3.53860e-01
3.38386e+04	3.39925e-01
3.54013e+04	3.26530e-01
3.70363e+04	3.13652e-01
3.87468e+04	3.01273e-01
4.05362e+04	2.89375e-01
4.24083e+04	2.77938e-01
4.43669e+04	2.66945e-01
4.64159e+04	2.56380e-01
4.85595e+04	2.46227e-01
5.08022e+04	2.36469e-01
5.31484e+04	2.27092e-01
5.56030e+04	2.18080e-01
5.81709e+04	2.09421e-01
6.08574e+04	2.01101e-01
6.36681e+04	1.93107e-01
6.66085e+04	1.85425e-01
6.96847e+04	1.78045e-01
7.29029e+04	1.70955e-01
7.62699e+04	1.64143e-01
7.97923e+04	1.57599e-01
8.34773e+04	1.51312e-01
8.73326e+04	1.45273e-01
9.13659e+04	1.39472e-01
9.55855e+04	1.33899e-01
1.00000e+05	1.28547e-01
1.04618e+05	1.23405e-01
1.09450e+05	1.18467e-01
1.14505e+05	1.13724e-01
1.19793e+05	1.09169e-01
1.25325e+05	1.04794e-01
1.31113e+05	1.00593e-01
1.37169e+05	9.65574e-02
1.43504e+05	9.26824e-02
1.50131e+05	8.89613e-02
1.57065e+05	8.53879e-02
1.64318e+05	8.19565e-02
1.71907e+05	7.86615e-02
1.79846e+05	7.54976e-02
1.88152e+05	7.24597e-02
1.96842e+05	6.95427e-02
2.05933e+05	6.67420e-02
2.15444e+05	6.40530e-02
2.25393e+05	6.14713e-02
2.35803e+05	5.89926e-02
2.46693e+05	5.66129e-02
2.58086e+05	5.43282e-02
2.70006e+05	5.21349e-02
2.82475e+05	5.00294e-02
2.95521e+05	4.80081e-02
3.09169e+05	4.60677e-02
3.23448e+05	4.42050e-02
3.38386e+05	4.24170e-02
3.54013e+05	4.07007e-02
3.70363e+05	3.90532e-02
3.87468e+05	3.74718e-02
4.05362e+05	3.59539e-02
4.24083e+05	3.44970e-02
4.43669e+05	3.30987e-02
4.64159e+05	3.17565e-02
4.85595e+05	3.04683e-02
5.08022e+05	2.92320e-02
5.31484e+05	2.80454e-02
5.56030e+05	2.69066e-02
5.81709e+05	2.58137e-02
6.08574e+05	2.47648e-02
6.36680e+05	2.37582e-02
6.66085e+05	2.27923e-02
6.96847e+05	2.18653e-02
7.29030e+05	2.09757e-02
7.62699e+05	2.01220e-02
7.97923e+05	1.93028e-02
8.34773e+05	1.85168e-02
8.73326e+05	1.77625e-02
9.13659e+05	1.70387e-02
9.55855e+05	1.63442e-02
1.00000e+06	1.56778e-02
