# SO3 cross section
256
1.00000e+01	0.00000e+00
1.04618e+01	0.00000e+00
1.09450e+01	0.00000e+00
1.14505e+01	0.00000e+00
1.19793e+01	0.00000e+00
1.25325e+01	0.00000e+00
1.31113e+01	1.06032e-02
1.37169e+01	1.01358e-01
1.43504e+01	2.00469e-01
1.50131e+01	4.56819e-01
1.57065e+01	8.79458e-01
1.64318e+01	1.36518e+00
1.71907e+01	1.87650e+00
1.79846e+01	2.40721e+00
1.88152e+01	3.01837e+00
1.96842e+01	3.75758e+00
2.05933e+01	4.51681e+00
2.15444e+01	5.28899e+00
2.25393e+01	6.06800e+00
2.35803e+01	6.84847e+00
2.46693e+01	7.65290e+00
2.58086e+01	8.46053e+00
2.70006e+01	9.25986e+00
2.82475e+01	1.00471e+01
2.95521e+01	1.08191e+01
3.09169e+01	1.15728e+01
3.23448e+01	1.23057e+01
3.38385e+01	1.30157e+01
3.54013e+01	1.37009e+01
3.70363e+01	1.43596e+01
3.87467e+01	1.49905e+01
4.05362e+01	1.56229e+01
4.24083e+01	1.62331e+01
4.43669e+01	1.68272e+01
4.64159e+01	1.73964e+01
4.85595e+01	1.79358e+01
5.08022e+01	1.84443e+01
5.31484e+01	1.89209e+01
5.56030e+01	1.93649e+01
5.81709e+01	1.97758e+01
6.08575e+01	2.01531e+01
6.36681e+01	2.04967e+01
6.66085e+01	2.08066e+01
6.96847e+01	2.10827e+01
7.29030e+01	2.13254e+01
7.62699e+01	2.15348e+01
7.97923e+01	2.17115e+01
8.34773e+01	2.18559e+01
8.73326e+01	2.19687e+01
9.13659e+01	2.20506e+01
9.55855e+01	2.21023e+01
1.00000e+02	2.21247e+01
1.04618e+02	2.21186e+01
1.09450e+02	2.20851e+01
1.14505e+02	2.20252e+01
1.19793e+02	2.19398e+01
1.25325e+02	2.18302e+01
1.31113e+02	2.16974e+01
1.37169e+02	2.15424e+01
1.43504e+02	2.13667e+01
1.50131e+02	2.11712e+01
1.57065e+02	2.09571e+01
1.64318e+02	2.07257e+01
1.71907e+02	2.04781e+01
1.79846e+02	2.02156e+01
1.88152e+02	1.99392e+01
1.96842e+02	1.96520e+01
2.05933e+02	1.93536e+01
2.15444e+02	1.90449e+01
2.25393e+02	1.87269e+01
2.35803e+02	1.84007e+01
2.46693e+02	1.80672e+01
2.58086e+02	1.77277e+01
2.70005e+02	1.73831e+01
2.82475e+02	1.70340e+01
2.95521e+02	1.66813e+01
3.09169e+02	1.63259e+01
3.23448e+02	1.59686e+01
3.38385e+02	1.56099e+01
3.54013e+02	1.52508e+01
3.70363e+02	1.48918e+01
3.87467e+02	1.45335e+01
4.05362e+02	1.41765e+01
4.24083e+02	1.38215e+01
4.43669e+02	1.34688e+01
4.64159e+02	1.31190e+01
4.85595e+02	1.27725e+01
5.08022e+02	1.24297e+01
5.31484e+02	1.20909e+01
5.56030e+02	1.17565e+01
5.81709e+02	1.14271e+01
6.08574e+02	1.11027e+01
6.36681e+02	1.07835e+01
6.66085e+02	1.04697e+01
6.96847e+02	1.01615e+01
7.29029e+02	9.85913e+00
7.62699e+02	9.56261e+00
7.97923e+02	9.27208e+00
8.34773e+02	8.98764e+00
8.73326e+02	8.70935e+00
9.13659e+02	8.43726e+00
9.55855e+02	8.17142e+00
1.00000e+03	7.91183e+00
1.04618e+03	7.65851e+00
1.09450e+03	7.41143e+00
1.14505e+03	7.17059e+00
1.19793e+03	6.93595e+00
1.25325e+03	6.70745e+00
1.31113e+03	6.48506e+00
1.37169e+03	6.26870e+00
1.43504e+03	6.05830e+00
1.50131e+03	5.85381e+00
1.57065e+03	5.65511e+00
1.64318e+03	5.46214e+00
1.71907e+03	5.27480e+00
1.79846e+03	5.09298e+00
1.88152e+03	4.91660e+00
1.96842e+03	4.74554e+00
2.05933e+03	4.57969e+00
2.15443e+03	4.41896e+00
2.25393e+03	4.26323e+00
2.35803e+03	4.11239e+00
2.46693e+03	3.96632e+00
2.58086e+03	3.82493e+00
2.70005e+03	3.68808e+00
2.82475e+03	3.55568e+00
2.95521e+03	3.42760e+00
3.09169e+03	3.30373e+00
3.23448e+03	3.18397e+00
3.38386e+03	3.06819e+00
3.54013e+03	2.95630e+00
3.70363e+03	2.84819e+00
3.87468e+03	2.74374e+00
4.05362e+03	2.64285e+00
4.24083e+03	2.54543e+00
4.43669e+03	2.45136e+00
4.64159e+03	2.36055e+00
4.85595e+03	2.27289e+00
5.08022e+03	2.18830e+00
5.31484e+03	2.10668e+00
5.56030e+03	2.02794e+00
5.81709e+03	1.95198e+00
6.08574e+03	1.87871e+00
6.36681e+03	1.80807e+00
6.66085e+03	1.73994e+00
6.96847e+03	1.67427e+00
7.29030e+03	1.61096e+00
7.62699e+03	1.54993e+00
7.97923e+03	1.49112e+00
8.34773e+03	1.43445e+00
8.73326e+03	1.37984e+00
9.13659e+03	1.32723e+00
9.55855e+03	1.27656e+00
1.00000e+04	1.22774e+00
1.04618e+04	1.18072e+00
1.09450e+04	1.13544e+00
1.14505e+04	1.09184e+00
1.19793e+04	1.04985e+00
1.25325e+04	1.00943e+00
1.31113e+04	9.70519e-01
1.37169e+04	9.33059e-01
1.43504e+04	8.97002e-01
1.50131e+04	8.62297e-01
1.57065e+04	8.28897e-01
1.64318e+04	7.96755e-01
1.71907e+04	7.65825e-01
1.79847e+04	7.36065e-01
1.88152e+04	7.07432e-01
1.96842e+04	6.79884e-01
2.05933e+04	6.53383e-01
2.15443e+04	6.27890e-01
2.25393e+04	6.03369e-01
2.35803e+04	5.79783e-01
2.46693e+04	5.57099e-01
2.58086e+04	5.35283e-01
2.70005e+04	5.14303e-01
2.82475e+04	4.94128e-01
2.95521e+04	4.74729e-01
3.09169e+04	4.56076e-01
3.23448e+04	4.38141e-01
3.38386e+04	4.20898e-01
3.54013e+04	4.04321e-01
3.70363e+04	3.88385e-01
3.87468e+04	3.73065e-01
4.05362e+04	3.58339e-01
4.24083e+04	3.44185e-01
4.43669e+04	3.30580e-01
4.64159e+04	3.17503e-01
4.85595e+04	3.04936e-01
5.08022e+04	2.92858e-01
5.31484e+04	2.81250e-01
5.56030e+04	2.70096e-01
5.81709e+04	2.59377e-01
6.08574e+04	2.49078e-01
6.36681e+04	2.39181e-01
6.66085e+04	2.29671e-01
6.96847e+04	2.20535e-01
7.29029e+04	2.11757e-01
7.62699e+04	2.03323e-01
7.97923e+04	1.95221e-01
8.34773e+04	1.87437e-01
8.73326e+04	1.79959e-01
9.13659e+04	1.72776e-01
9.55855e+04	1.65876e-01
1.00000e+05	1.59248e-01
1.04618e+05	1.52882e-01
1.09450e+05	1.46767e-01
1.14505e+05	1.40894e-01
1.19793e+05	1.35252e-01
1.25325e+05	1.29835e-01
1.31113e+05	1.24631e-01
1.37169e+05	1.19634e-01
1.43504e+05	1.14835e-01
1.50131e+05	1.10226e-01
1.57065e+05	1.05801e-01
1.64318e+05	1.01551e-01
1.71907e+05	9.74694e-02
1.79846e+05	9.35506e-02
1.88152e+05	8.97877e-02
1.96842e+05	8.61747e-02
2.05933e+05	8.27055e-02
2.15444e+05	7.93746e-02
2.25393e+05	7.61765e-02
2.35803e+05	7.31060e-02
2.46693e+05	7.01581e-02
2.58086e+05	6.73279e-02
2.70006e+05	6.46108e-02
2.82475e+05	6.20023e-02
2.95521e+05	5.94982e-02
3.09169e+05	5.70942e-02
3.23448e+05	5.47866e-02
3.38386e+05	5.25713e-02
3.54013e+05	5.04448e-02
3.70363e+05	4.84036e-02
3.87468e+05	4.64443e-02
4.05362e+05	4.45636e-02
4.24083e+05	4.27584e-02
4.43669e+05	4.10258e-02
4.64159e+05	3.93627e-02
4.85595e+05	3.77665e-02
5.08022e+05	3.62345e-02
5.31484e+05	3.47642e-02
5.56030e+05	3.33530e-02
5.81709e+05	3.19987e-02
6.08574e+05	3.06989e-02
6.36680e+05	2.94515e-02
6.66085e+05	2.82545e-02
6.96847e+05	2.71057e-02
7.29030e+05	2.60032e-02
7.62699e+05	2.49453e-02
7.97923e+05	2.39300e-02
8.34773e+05	2.29558e-02
8.73326e+05	2.20210e-02
9.13659e+05	2.11240e-02
9.55855e+05	2.02632e-02
1.00000e+06	1.94373e-02
