# c-C6H6 cross section
256
1.00000e+01	0.00000e+00
1.04618e+01	0.00000e+00
1.09450e+01	0.00000e+00
1.14505e+01	2.24786e-01
1.19793e+01	1.92395e+00
1.25325e+01	4.25882e+00
1.31113e+01	6.57259e+00
1.37169e+01	8.85505e+00
1.43504e+01	1.16391e+01
1.50131e+01	1.39784e+01
1.57065e+01	1.60726e+01
1.64318e+01	1.80784e+01
1.71907e+01	2.01027e+01
1.79846e+01	2.22072e+01
1.88152e+01	2.44160e+01
1.96842e+01	2.67250e+01
2.05933e+01	2.91107e+01
2.15444e+01	3.15374e+01
2.25393e+01	3.39642e+01
2.35803e+01	3.63495e+01
2.46693e+01	3.86551e+01
2.58086e+01	4.08481e+01
2.70006e+01	4.29023e+01
2.82475e+01	4.47988e+01
2.95521e+01	4.65250e+01
3.09169e+01	4.80747e+01
3.23448e+01	4.94466e+01
3.38385e+01	5.06436e+01
3.54013e+01	5.16716e+01
3.70363e+01	5.25390e+01
3.87467e+01	5.32553e+01
4.05362e+01	5.38309e+01
4.24083e+01	5.42767e+01
4.43669e+01	5.46033e+01
4.64159e+01	5.48210e+01
4.85595e+01	5.49396e+01
5.08022e+01	5.49684e+01
5.31484e+01	5.49157e+01
5.56030e+01	5.47893e+01
5.81709e+01	5.45962e+01
6.08575e+01	5.43428e+01
6.36681e+01	5.40348e+01
6.66085e+01	5.36775e+01
6.96847e+01	5.32755e+01
7.29030e+01	5.28329e+01
7.62699e+01	5.23536e+01
7.97923e+01	5.18410e+01
8.34773e+01	5.12982e+01
8.73326e+01	5.07281e+01
9.13659e+01	5.01332e+01
9.55855e+01	4.95158e+01
1.00000e+02	4.88783e+01
1.04618e+02	4.82225e+01
1.09450e+02	4.75504e+01
1.14505e+02	4.68637e+01
1.19793e+02	4.61640e+01
1.25325e+02	4.54528e+01
1.31113e+02	4.47316e+01
1.37169e+02	4.40017e+01
1.43504e+02	4.32644e+01
1.50131e+02	4.25209e+01
1.57065e+02	4.17723e+01
1.64318e+02	4.10197e+01
1.71907e+02	4.02641e+01
1.79846e+02	3.95066e+01
1.88152e+02	3.87479e+01
1.96842e+02	3.79891e+01
2.05933e+02	3.72308e+01
2.15444e+02	3.64741e+01
2.25393e+02	3.57195e+01
2.35803e+02	3.49677e+01
2.46693e+02	3.42196e+01
2.58086e+02	3.34757e+01
2.70005e+02	3.27365e+01
2.82475e+02	3.20028e+01
2.95521e+02	3.12750e+01
3.09169e+02	3.05537e+01
3.23448e+02	2.98392e+01
3.38385e+02	2.91321e+01
3.54013e+02	2.84328e+01
3.70363e+02	2.77417e+01
3.87467e+02	2.70590e+01
4.05362e+02	2.63853e+01
4.24083e+02	2.57207e+01
4.43669e+02	2.50655e+01
4.64159e+02	2.44200e+01
4.85595e+02	2.37844e+01
5.08022e+02	2.31589e+01
5.31484e+02	2.25437e+01
5.56030e+02	2.19390e+01
5.81709e+02	2.13449e+01
6.08574e+02	2.07615e+01
6.36681e+02	2.01889e+01
6.66085e+02	1.96272e+01
6.96847e+02	1.90764e+01
7.29029e+02	1.85366e+01
7.62699e+02	1.80078e+01
7.97923e+02	1.74901e+01
8.34773e+02	1.69833e+01
8.73326e+02	1.64875e+01
9.13659e+02	1.60027e+01
9.55855e+02	1.55288e+01
1.00000e+03	1.50657e+01
1.04618e+03	1.46134e+01
1.09450e+03	1.41718e+01
1.14505e+03	1.37407e+01
1.19793e+03	1.33202e+01
1.25325e+03	1.29101e+01
1.31113e+03	1.25102e+01
1.37169e+03	1.21205e+01
1.43504e+03	1.17408e+01
1.50131e+03	1.13710e+01
1.57065e+03	1.10109e+01
1.64318e+03	1.06604e+01
1.71907e+03	1.03193e+01
1.79846e+03	9.98749e+00
1.88152e+03	9.66480e+00
1.96842e+03	9.35107e+00
2.05933e+03	9.04613e+00
2.15443e+03	8.74981e+00
2.25393e+03	8.46195e+00
2.35803e+03	8.18237e+00
2.46693e+03	7.91090e+00
2.58086e+03	7.64738e+00
2.70005e+03	7.39162e+00
2.82475e+03	7.14347e+00
2.95521e+03	6.90274e+00
3.09169e+03	6.66927e+00
3.23448e+03	6.44289e+00
3.38386e+03	6.22343e+00
3.54013e+03	6.01072e+00
3.70363e+03	5.80459e+00
3.87468e+03	5.60488e+00
4.05362e+03	5.41143e+00
4.24083e+03	5.22408e+00
4.43669e+03	5.04266e+00
4.64159e+03	4.86702e+00
4.85595e+03	4.69702e+00
5.08022e+03	4.53248e+00
5.31484e+03	4.37327e+00
5.56030e+03	4.21924e+00
5.81709e+03	4.07024e+00
6.08574e+03	3.92613e+00
6.36681e+03	3.78677e+00
6.66085e+03	3.65202e+00
6.96847e+03	3.52176e+00
7.29030e+03	3.39585e+00
7.62699e+03	3.27415e+00
7.97923e+03	3.15656e+00
8.34773e+03	3.04293e+00
8.73326e+03	2.93316e+00
9.13659e+03	2.82713e+00
9.55855e+03	2.72471e+00
1.00000e+04	2.62581e+00
1.04618e+04	2.53030e+00
1.09450e+04	2.43809e+00
1.14505e+04	2.34907e+00
1.19793e+04	2.26314e+00
1.25325e+04	2.18020e+00
1.31113e+04	2.10016e+00
1.37169e+04	2.02292e+00
1.43504e+04	1.94840e+00
1.50131e+04	1.87650e+00
1.57065e+04	1.80713e+00
1.64318e+04	1.74022e+00
1.71907e+04	1.67569e+00
1.79847e+04	1.61345e+00
1.88152e+04	1.55344e+00
1.96842e+04	1.49557e+00
2.05933e+04	1.43977e+00
2.15443e+04	1.38597e+00
2.25393e+04	1.33411e+00
2.35803e+04	1.28413e+00
2.46693e+04	1.23595e+00
2.58086e+04	1.18951e+00
2.70005e+04	1.14476e+00
2.82475e+04	1.10164e+00
2.95521e+04	1.06009e+00
3.09169e+04	1.02005e+00
3.23448e+04	9.81486e-01
3.38386e+04	9.44330e-01
3.54013e+04	9.08538e-01
3.70363e+04	8.74062e-01
3.87468e+04	8.40857e-01
4.05362e+04	8.08876e-01
4.24083e+04	7.78078e-01
4.43669e+04	7.48420e-01
4.64159e+04	7.19862e-01
4.85595e+04	6.92365e-01
5.08022e+04	6.65890e-01
5.31484e+04	6.40401e-01
5.56030e+04	6.15863e-01
5.81709e+04	5.92242e-01
6.08574e+04	5.69505e-01
6.36681e+04	5.47619e-01
6.66085e+04	5.26555e-01
6.96847e+04	5.06282e-01
7.29029e+04	4.86771e-01
7.62699e+04	4.67996e-01
7.97923e+04	4.49928e-01
8.34773e+04	4.32542e-01
8.73326e+04	4.15814e-01
9.13659e+04	3.99719e-01
9.55855e+04	3.84234e-01
1.00000e+05	3.69337e-01
1.04618e+05	3.55005e-01
1.09450e+05	3.41218e-01
1.14505e+05	3.27956e-01
1.19793e+05	3.15200e-01
1.25325e+05	3.02930e-01
1.31113e+05	2.91129e-01
1.37169e+05	2.79779e-01
1.43504e+05	2.68863e-01
1.50131e+05	2.58365e-01
1.57065e+05	2.48270e-01
1.64318e+05	2.38563e-01
1.71907e+05	2.29228e-01
1.79846e+05	2.20252e-01
1.88152e+05	2.11622e-01
1.96842e+05	2.03325e-01
2.05933e+05	1.95347e-01
2.15444e+05	1.87677e-01
2.25393e+05	1.80304e-01
2.35803e+05	1.73216e-01
2.46693e+05	1.66402e-01
2.58086e+05	1.59851e-01
2.70006e+05	1.53555e-01
2.82475e+05	1.47503e-01
2.95521e+05	1.41686e-01
3.09169e+05	1.36095e-01
3.23448e+05	1.30721e-01
3.38386e+05	1.25557e-01
3.54013e+05	1.20594e-01
3.70363e+05	1.15824e-01
3.87468e+05	1.11240e-01
4.05362e+05	1.06835e-01
4.24083e+05	1.02602e-01
4.43669e+05	9.85349e-02
4.64159e+05	9.46266e-02
4.85595e+05	9.08713e-02
5.08022e+05	8.72632e-02
5.31484e+05	8.37964e-02
5.56030e+05	8.04656e-02
5.81709e+05	7.72656e-02
6.08574e+05	7.41913e-02
6.36680e+05	7.12378e-02
6.66085e+05	6.84004e-02
6.96847e+05	6.56747e-02
7.29030e+05	6.30563e-02
7.62699e+05	6.05412e-02
7.97923e+05	5.81251e-02
8.34773e+05	5.58044e-02
8.73326e+05	5.35753e-02
9.13659e+05	5.14342e-02
9.55855e+05	4.93777e-02
1.00000e+06	4.74026e-02
