# C2CCH cross section
256
1.00000e+01	0.00000e+00
1.04618e+01	0.00000e+00
1.09450e+01	0.00000e+00
1.14505e+01	1.12421e-01
1.19793e+01	9.64024e-01
1.25325e+01	2.13953e+00
1.31113e+01	3.31054e+00
1.37169e+01	4.47002e+00
1.43504e+01	5.88811e+00
1.50131e+01	7.08944e+00
1.57065e+01	8.17176e+00
1.64318e+01	9.21303e+00
1.71907e+01	1.02676e+01
1.79846e+01	1.13678e+01
1.88152e+01	1.25273e+01
1.96842e+01	1.37455e+01
2.05933e+01	1.50116e+01
2.15444e+01	1.63085e+01
2.25393e+01	1.76156e+01
2.35803e+01	1.89118e+01
2.46693e+01	2.01768e+01
2.58086e+01	2.13926e+01
2.70006e+01	2.25443e+01
2.82475e+01	2.36201e+01
2.95521e+01	2.46119e+01
3.09169e+01	2.55140e+01
3.23448e+01	2.63240e+01
3.38385e+01	2.70414e+01
3.54013e+01	2.76675e+01
3.70363e+01	2.82052e+01
3.87467e+01	2.86582e+01
4.05362e+01	2.90309e+01
4.24083e+01	2.93283e+01
4.43669e+01	2.95554e+01
4.64159e+01	2.97174e+01
4.85595e+01	2.98192e+01
5.08022e+01	2.98658e+01
5.31484e+01	2.98618e+01
5.56030e+01	2.98116e+01
5.81709e+01	2.97192e+01
6.08575e+01	2.95884e+01
6.36681e+01	2.94227e+01
6.66085e+01	2.92255e+01
6.96847e+01	2.89996e+01
7.29030e+01	2.87478e+01
7.62699e+01	2.84727e+01
7.97923e+01	2.81764e+01
8.34773e+01	2.78613e+01
8.73326e+01	2.75291e+01
9.13659e+01	2.71817e+01
9.55855e+01	2.68208e+01
1.00000e+02	2.64478e+01
1.04618e+02	2.60642e+01
1.09450e+02	2.56712e+01
1.14505e+02	2.52701e+01
1.19793e+02	2.48620e+01
1.25325e+02	2.44479e+01
1.31113e+02	2.40288e+01
1.37169e+02	2.36055e+01
1.43504e+02	2.31789e+01
1.50131e+02	2.27498e+01
1.57065e+02	2.23188e+01
1.64318e+02	2.18867e+01
1.71907e+02	2.14541e+01
1.79846e+02	2.10216e+01
1.88152e+02	2.05896e+01
1.96842e+02	2.01588e+01
2.05933e+02	1.97296e+01
2.15444e+02	1.93025e+01
2.25393e+02	1.88778e+01
2.35803e+02	1.84559e+01
2.46693e+02	1.80373e+01
2.58086e+02	1.76222e+01
2.70005e+02	1.72109e+01
2.82475e+02	1.68038e+01
2.95521e+02	1.64010e+01
3.09169e+02	1.60029e+01
3.23448e+02	1.56097e+01
3.38385e+02	1.52216e+01
3.54013e+02	1.48387e+01
3.70363e+02	1.44612e+01
3.87467e+02	1.40894e+01
4.05362e+02	1.37232e+01
4.24083e+02	1.33629e+01
4.43669e+02	1.30085e+01
4.64159e+02	1.26602e+01
4.85595e+02	1.23179e+01
5.08022e+02	1.19819e+01
5.31484e+02	1.16521e+01
5.56030e+02	1.13286e+01
5.81709e+02	1.10114e+01
6.08574e+02	1.07006e+01
6.36681e+02	1.03961e+01
6.66085e+02	1.00979e+01
6.96847e+02	9.80613e+00
7.29029e+02	9.52067e+00
7.62699e+02	9.24151e+00
7.97923e+02	8.96864e+00
8.34773e+02	8.70201e+00
8.73326e+02	8.44158e+00
9.13659e+02	8.18730e+00
9.55855e+02	7.93912e+00
1.00000e+03	7.69699e+00
1.04618e+03	7.46082e+00
1.09450e+03	7.23056e+00
1.14505e+03	7.00614e+00
1.19793e+03	6.78747e+00
1.25325e+03	6.57447e+00
1.31113e+03	6.36707e+00
1.37169e+03	6.16517e+00
1.43504e+03	5.96869e+00
1.50131e+03	5.77754e+00
1.57065e+03	5.59163e+00
1.64318e+03	5.41086e+00
1.71907e+03	5.23514e+00
1.79846e+03	5.06436e+00
1.88152e+03	4.89845e+00
1.96842e+03	4.73729e+00
2.05933e+03	4.58079e+00
2.15443e+03	4.42885e+00
2.25393e+03	4.28137e+00
2.35803e+03	4.13825e+00
2.46693e+03	3.99940e+00
2.58086e+03	3.86472e+00
2.70005e+03	3.73411e+00
2.82475e+03	3.60747e+00
2.95521e+03	3.48471e+00
3.09169e+03	3.36573e+00
3.23448e+03	3.25044e+00
3.38386e+03	3.13875e+00
3.54013e+03	3.03056e+00
3.70363e+03	2.92578e+00
3.87468e+03	2.82432e+00
4.05362e+03	2.72610e+00
4.24083e+03	2.63102e+00
4.43669e+03	2.53901e+00
4.64159e+03	2.44997e+00
4.85595e+03	2.36383e+00
5.08022e+03	2.28050e+00
5.31484e+03	2.19990e+00
5.56030e+03	2.12196e+00
5.81709e+03	2.04660e+00
6.08574e+03	1.97374e+00
6.36681e+03	1.90332e+00
6.66085e+03	1.83525e+00
6.96847e+03	1.76946e+00
7.29030e+03	1.70590e+00
7.62699e+03	1.64449e+00
7.97923e+03	1.58517e+00
8.34773e+03	1.52787e+00
8.73326e+03	1.47253e+00
9.13659e+03	1.41908e+00
9.55855e+03	1.36748e+00
1.00000e+04	1.31766e+00
1.04618e+04	1.26957e+00
1.09450e+04	1.22315e+00
1.14505e+04	1.17834e+00
1.19793e+04	1.13511e+00
1.25325e+04	1.09338e+00
1.31113e+04	1.05312e+00
1.37169e+04	1.01428e+00
1.43504e+04	9.76817e-01
1.50131e+04	9.40676e-01
1.57065e+04	9.05818e-01
1.64318e+04	8.72200e-01
1.71907e+04	8.39781e-01
1.79847e+04	8.08521e-01
1.88152e+04	7.78381e-01
1.96842e+04	7.49324e-01
2.05933e+04	7.21312e-01
2.15443e+04	6.94310e-01
2.25393e+04	6.68283e-01
2.35803e+04	6.43200e-01
2.46693e+04	6.19026e-01
2.58086e+04	5.95730e-01
2.70005e+04	5.73284e-01
2.82475e+04	5.51656e-01
2.95521e+04	5.30818e-01
3.09169e+04	5.10744e-01
3.23448e+04	4.91407e-01
3.38386e+04	4.72779e-01
3.54013e+04	4.54838e-01
3.70363e+04	4.37557e-01
3.87468e+04	4.20916e-01
4.05362e+04	4.04889e-01
4.24083e+04	3.89456e-01
4.43669e+04	3.74596e-01
4.64159e+04	3.60288e-01
4.85595e+04	3.46513e-01
5.08022e+04	3.33251e-01
5.31484e+04	3.20483e-01
5.56030e+04	3.08193e-01
5.81709e+04	2.96363e-01
6.08574e+04	2.84976e-01
6.36681e+04	2.74016e-01
6.66085e+04	2.63469e-01
6.96847e+04	2.53318e-01
7.29029e+04	2.43549e-01
7.62699e+04	2.34149e-01
7.97923e+04	2.25104e-01
8.34773e+04	2.16400e-01
8.73326e+04	2.08026e-01
9.13659e+04	1.99970e-01
9.55855e+04	1.92219e-01
1.00000e+05	1.84762e-01
1.04618e+05	1.77589e-01
1.09450e+05	1.70689e-01
1.14505e+05	1.64052e-01
1.19793e+05	1.57668e-01
1.25325e+05	1.51528e-01
1.31113e+05	1.45623e-01
1.37169e+05	1.39943e-01
1.43504e+05	1.34481e-01
1.50131e+05	1.29229e-01
1.57065e+05	1.24178e-01
1.64318e+05	1.19321e-01
1.71907e+05	1.14650e-01
1.79846e+05	1.10160e-01
1.88152e+05	1.05842e-01
1.96842e+05	1.01691e-01
2.05933e+05	9.76999e-02
2.15444e+05	9.38630e-02
2.25393e+05	9.01744e-02
2.35803e+05	8.66285e-02
2.46693e+05	8.32199e-02
2.58086e+05	7.99433e-02
2.70006e+05	7.67939e-02
2.82475e+05	7.37666e-02
2.95521e+05	7.08569e-02
3.09169e+05	6.80604e-02
3.23448e+05	6.53726e-02
3.38386e+05	6.27894e-02
3.54013e+05	6.03069e-02
3.70363e+05	5.79212e-02
3.87468e+05	5.56286e-02
4.05362e+05	5.34255e-02
4.24083e+05	5.13084e-02
4.43669e+05	4.92742e-02
4.64159e+05	4.73195e-02
4.85595e+05	4.54414e-02
5.08022e+05	4.36368e-02
5.31484e+05	4.19031e-02
5.56030e+05	4.02373e-02
5.81709e+05	3.86370e-02
6.08574e+05	3.70995e-02
6.36680e+05	3.56224e-02
6.66085e+05	3.42035e-02
6.96847e+05	3.28403e-02
7.29030e+05	3.15309e-02
7.62699e+05	3.02731e-02
7.97923e+05	2.90649e-02
8.34773e+05	2.79044e-02
8.73326e+05	2.67896e-02
9.13659e+05	2.57189e-02
9.55855e+05	2.46905e-02
1.00000e+06	2.37029e-02
