# C2H3NH2 cross section
256
1.00000e+01	0.00000e+00
1.04618e+01	0.00000e+00
1.09450e+01	0.00000e+00
1.14505e+01	7.49585e-02
1.19793e+01	6.43510e-01
1.25325e+01	1.43044e+00
1.31113e+01	2.21686e+00
1.37169e+01	3.11559e+00
1.43504e+01	4.60215e+00
1.50131e+01	6.30879e+00
1.57065e+01	7.85342e+00
1.64318e+01	9.18835e+00
1.71907e+01	1.04322e+01
1.79846e+01	1.16574e+01
1.88152e+01	1.29028e+01
1.96842e+01	1.41834e+01
2.05933e+01	1.54975e+01
2.15444e+01	1.68329e+01
2.25393e+01	1.81721e+01
2.35803e+01	1.94949e+01
2.46693e+01	2.07815e+01
2.58086e+01	2.20141e+01
2.70006e+01	2.31779e+01
2.82475e+01	2.42613e+01
2.95521e+01	2.52562e+01
3.09169e+01	2.61578e+01
3.23448e+01	2.69639e+01
3.38385e+01	2.76748e+01
3.54013e+01	2.82926e+01
3.70363e+01	2.88209e+01
3.87467e+01	2.92640e+01
4.05362e+01	2.96272e+01
4.24083e+01	2.99158e+01
4.43669e+01	3.01354e+01
4.64159e+01	3.02915e+01
4.85595e+01	3.03893e+01
5.08022e+01	3.04339e+01
5.31484e+01	3.04300e+01
5.56030e+01	3.03819e+01
5.81709e+01	3.02938e+01
6.08575e+01	3.01692e+01
6.36681e+01	3.00115e+01
6.66085e+01	2.98238e+01
6.96847e+01	2.96089e+01
7.29030e+01	2.93692e+01
7.62699e+01	2.91071e+01
7.97923e+01	2.88246e+01
8.34773e+01	2.85237e+01
8.73326e+01	2.82061e+01
9.13659e+01	2.78733e+01
9.55855e+01	2.75269e+01
1.00000e+02	2.71682e+01
1.04618e+02	2.67984e+01
1.09450e+02	2.64188e+01
1.14505e+02	2.60303e+01
1.19793e+02	2.56340e+01
1.25325e+02	2.52309e+01
1.31113e+02	2.48219e+01
1.37169e+02	2.44076e+01
1.43504e+02	2.39891e+01
1.50131e+02	2.35669e+01
1.57065e+02	2.31419e+01
1.64318e+02	2.27146e+01
1.71907e+02	2.22857e+01
1.79846e+02	2.18557e+01
1.88152e+02	2.14253e+01
1.96842e+02	2.09950e+01
2.05933e+02	2.05652e+01
2.15444e+02	2.01365e+01
2.25393e+02	1.97093e+01
2.35803e+02	1.92839e+01
2.46693e+02	1.88609e+01
2.58086e+02	1.84406e+01
2.70005e+02	1.80233e+01
2.82475e+02	1.76094e+01
2.95521e+02	1.71991e+01
3.09169e+02	1.67929e+01
3.23448e+02	1.63909e+01
3.38385e+02	1.59933e+01
3.54013e+02	1.56005e+01
3.70363e+02	1.52126e+01
3.87467e+02	1.48299e+01
4.05362e+02	1.44524e+01
4.24083e+02	1.40805e+01
4.43669e+02	1.37141e+01
4.64159e+02	1.33536e+01
4.85595e+02	1.29988e+01
5.08022e+02	1.26501e+01
5.31484e+02	1.23074e+01
5.56030e+02	1.19708e+01
5.81709e+02	1.16405e+01
6.08574e+02	1.13164e+01
6.36681e+02	1.09986e+01
6.66085e+02	1.06871e+01
6.96847e+02	1.03820e+01
7.29029e+02	1.00832e+01
7.62699e+02	9.79071e+00
7.97923e+02	9.50460e+00
8.34773e+02	9.22481e+00
8.73326e+02	8.95132e+00
9.13659e+02	8.68409e+00
9.55855e+02	8.42308e+00
1.00000e+03	8.16824e+00
1.04618e+03	7.91954e+00
1.09450e+03	7.67690e+00
1.14505e+03	7.44026e+00
1.19793e+03	7.20956e+00
1.25325e+03	6.98472e+00
1.31113e+03	6.76567e+00
1.37169e+03	6.55233e+00
1.43504e+03	6.34461e+00
1.50131e+03	6.14244e+00
1.57065e+03	5.94571e+00
1.64318e+03	5.75435e+00
1.71907e+03	5.56826e+00
1.79846e+03	5.38734e+00
1.88152e+03	5.21150e+00
1.96842e+03	5.04064e+00
2.05933e+03	4.87467e+00
2.15443e+03	4.71348e+00
2.25393e+03	4.55698e+00
2.35803e+03	4.40507e+00
2.46693e+03	4.25764e+00
2.58086e+03	4.11460e+00
2.70005e+03	3.97585e+00
2.82475e+03	3.84129e+00
2.95521e+03	3.71082e+00
3.09169e+03	3.58435e+00
3.23448e+03	3.46177e+00
3.38386e+03	3.34300e+00
3.54013e+03	3.22792e+00
3.70363e+03	3.11646e+00
3.87468e+03	3.00851e+00
4.05362e+03	2.90399e+00
4.24083e+03	2.80281e+00
4.43669e+03	2.70487e+00
4.64159e+03	2.61008e+00
4.85595e+03	2.51837e+00
5.08022e+03	2.42964e+00
5.31484e+03	2.34382e+00
5.56030e+03	2.26081e+00
5.81709e+03	2.18054e+00
6.08574e+03	2.10294e+00
6.36681e+03	2.02791e+00
6.66085e+03	1.95539e+00
6.96847e+03	1.88531e+00
7.29030e+03	1.81759e+00
7.62699e+03	1.75215e+00
7.97923e+03	1.68894e+00
8.34773e+03	1.62788e+00
8.73326e+03	1.56890e+00
9.13659e+03	1.51195e+00
9.55855e+03	1.45695e+00
1.00000e+04	1.40386e+00
1.04618e+04	1.35260e+00
1.09450e+04	1.30312e+00
1.14505e+04	1.25536e+00
1.19793e+04	1.20928e+00
1.25325e+04	1.16480e+00
1.31113e+04	1.12189e+00
1.37169e+04	1.08049e+00
1.43504e+04	1.04056e+00
1.50131e+04	1.00203e+00
1.57065e+04	9.64877e-01
1.64318e+04	9.29044e-01
1.71907e+04	8.94488e-01
1.79847e+04	8.61168e-01
1.88152e+04	8.29042e-01
1.96842e+04	7.98070e-01
2.05933e+04	7.68213e-01
2.15443e+04	7.39433e-01
2.25393e+04	7.11693e-01
2.35803e+04	6.84959e-01
2.46693e+04	6.59194e-01
2.58086e+04	6.34367e-01
2.70005e+04	6.10444e-01
2.82475e+04	5.87395e-01
2.95521e+04	5.65189e-01
3.09169e+04	5.43797e-01
3.23448e+04	5.23189e-01
3.38386e+04	5.03340e-01
3.54013e+04	4.84222e-01
3.70363e+04	4.65809e-01
3.87468e+04	4.48077e-01
4.05362e+04	4.31001e-01
4.24083e+04	4.14558e-01
4.43669e+04	3.98726e-01
4.64159e+04	3.83482e-01
4.85595e+04	3.68807e-01
5.08022e+04	3.54678e-01
5.31484e+04	3.41078e-01
5.56030e+04	3.27986e-01
5.81709e+04	3.15385e-01
6.08574e+04	3.03256e-01
6.36681e+04	2.91583e-01
6.66085e+04	2.80348e-01
6.96847e+04	2.69537e-01
7.29029e+04	2.59134e-01
7.62699e+04	2.49123e-01
7.97923e+04	2.39490e-01
8.34773e+04	2.30222e-01
8.73326e+04	2.21306e-01
9.13659e+04	2.12727e-01
9.55855e+04	2.04474e-01
1.00000e+05	1.96535e-01
1.04618e+05	1.88898e-01
1.09450e+05	1.81553e-01
1.14505e+05	1.74487e-01
1.19793e+05	1.67691e-01
1.25325e+05	1.61155e-01
1.31113e+05	1.54868e-01
1.37169e+05	1.48823e-01
1.43504e+05	1.43010e-01
1.50131e+05	1.37419e-01
1.57065e+05	1.32043e-01
1.64318e+05	1.26874e-01
1.71907e+05	1.21904e-01
1.79846e+05	1.17125e-01
1.88152e+05	1.12531e-01
1.96842e+05	1.08114e-01
2.05933e+05	1.03867e-01
2.15444e+05	9.97845e-02
2.25393e+05	9.58600e-02
2.35803e+05	9.20874e-02
2.46693e+05	8.84610e-02
2.58086e+05	8.49753e-02
2.70006e+05	8.16249e-02
2.82475e+05	7.84047e-02
2.95521e+05	7.53096e-02
3.09169e+05	7.23349e-02
3.23448e+05	6.94761e-02
3.38386e+05	6.67287e-02
3.54013e+05	6.40884e-02
3.70363e+05	6.15511e-02
3.87468e+05	5.91130e-02
4.05362e+05	5.67701e-02
4.24083e+05	5.45188e-02
4.43669e+05	5.23557e-02
4.64159e+05	5.02773e-02
4.85595e+05	4.82803e-02
5.08022e+05	4.63616e-02
5.31484e+05	4.45182e-02
5.56030e+05	4.27472e-02
5.81709e+05	4.10458e-02
6.08574e+05	3.94113e-02
6.36680e+05	3.78411e-02
6.66085e+05	3.63327e-02
6.96847e+05	3.48838e-02
7.29030e+05	3.34919e-02
7.62699e+05	3.21550e-02
7.97923e+05	3.08708e-02
8.34773e+05	2.96373e-02
8.73326e+05	2.84525e-02
9.13659e+05	2.73146e-02
9.55855e+05	2.62217e-02
1.00000e+06	2.51721e-02
