# C2H3CHO cross section
256
1.00000e+01	0.00000e+00
1.02746e+01	0.00000e+00
1.05567e+01	0.00000e+00
1.08466e+01	0.00000e+00
1.11445e+01	0.00000e+00
1.14505e+01	1.12426e-01
1.17649e+01	5.56431e-01
1.20880e+01	1.18829e+00
1.24199e+01	1.89956e+00
1.27609e+01	2.62181e+00
1.31113e+01	3.31540e+00
1.34714e+01	3.96075e+00
1.38413e+01	4.95668e+00
1.42214e+01	6.00037e+00
1.46119e+01	6.89429e+00
1.50131e+01	7.69302e+00
1.54254e+01	8.43860e+00
1.58489e+01	9.16239e+00
1.62841e+01	9.88691e+00
1.67313e+01	1.06274e+01
1.71907e+01	1.13935e+01
1.76628e+01	1.21901e+01
1.81478e+01	1.30187e+01
1.86461e+01	1.38780e+01
1.91581e+01	1.47651e+01
1.96842e+01	1.56753e+01
2.02247e+01	1.66033e+01
2.07801e+01	1.75432e+01
2.13507e+01	1.84888e+01
2.19370e+01	1.94340e+01
2.25393e+01	2.03728e+01
2.31583e+01	2.12997e+01
2.37942e+01	2.22095e+01
2.44475e+01	2.30977e+01
2.51189e+01	2.39601e+01
2.58086e+01	2.47935e+01
2.65173e+01	2.55948e+01
2.72455e+01	2.63620e+01
2.79936e+01	2.70931e+01
2.87623e+01	2.77870e+01
2.95521e+01	2.84429e+01
3.03636e+01	2.90604e+01
3.11974e+01	2.96396e+01
3.20540e+01	3.01806e+01
3.29342e+01	3.06842e+01
3.38385e+01	3.11511e+01
3.47677e+01	3.15821e+01
3.57225e+01	3.19785e+01
3.67034e+01	3.23413e+01
3.77112e+01	3.26719e+01
3.87467e+01	3.29715e+01
3.98107e+01	3.32413e+01
4.09039e+01	3.34828e+01
4.20271e+01	3.36972e+01
4.31811e+01	3.38858e+01
4.43669e+01	3.40497e+01
4.55852e+01	3.41902e+01
4.68369e+01	3.43084e+01
4.81230e+01	3.44054e+01
4.94445e+01	3.44822e+01
5.08022e+01	3.45397e+01
5.21972e+01	3.45789e+01
5.36305e+01	3.46007e+01
5.51032e+01	3.46058e+01
5.66163e+01	3.45951e+01
5.81709e+01	3.45692e+01
5.97683e+01	3.45289e+01
6.14095e+01	3.44747e+01
6.30957e+01	3.44073e+01
6.48283e+01	3.43273e+01
6.66085e+01	3.42352e+01
6.84375e+01	3.41315e+01
7.03168e+01	3.40167e+01
7.22476e+01	3.38913e+01
7.42315e+01	3.37557e+01
7.62699e+01	3.36103e+01
7.83642e+01	3.34556e+01
8.05160e+01	3.32919e+01
8.27270e+01	3.31196e+01
8.49986e+01	3.29392e+01
8.73326e+01	3.27508e+01
8.97307e+01	3.25550e+01
9.21947e+01	3.23520e+01
9.47263e+01	3.21421e+01
9.73274e+01	3.19256e+01
1.00000e+02	3.17029e+01
1.02746e+02	3.14743e+01
1.05567e+02	3.12399e+01
1.08466e+02	3.10003e+01
1.11445e+02	3.07555e+01
1.14505e+02	3.05059e+01
1.17649e+02	3.02517e+01
1.20880e+02	2.99932e+01
1.24199e+02	2.97307e+01
1.27609e+02	2.94644e+01
1.31113e+02	2.91945e+01
1.34714e+02	2.89213e+01
1.38413e+02	2.86449e+01
1.42214e+02	2.83657e+01
1.46119e+02	2.80839e+01
1.50131e+02	2.77996e+01
1.54254e+02	2.75131e+01
1.58489e+02	2.72246e+01
1.62841e+02	2.69342e+01
1.67313e+02	2.66422e+01
1.71907e+02	2.63488e+01
1.76628e+02	2.60541e+01
1.81478e+02	2.57583e+01
1.86461e+02	2.54616e+01
1.91581e+02	2.51642e+01
1.96842e+02	2.48663e+01
2.02247e+02	2.45678e+01
2.07801e+02	2.42692e+01
2.13507e+02	2.39704e+01
2.19370e+02	2.36717e+01
2.25393e+02	2.33731e+01
2.31583e+02	2.30749e+01
2.37942e+02	2.27771e+01
2.44476e+02	2.24798e+01
2.51189e+02	2.21833e+01
2.58086e+02	2.18876e+01
2.65173e+02	2.15928e+01
2.72455e+02	2.12990e+01
2.79936e+02	2.10064e+01
2.87623e+02	2.07150e+01
2.95521e+02	2.04249e+01
3.03636e+02	2.01363e+01
3.11974e+02	1.98491e+01
3.20540e+02	1.95636e+01
3.29342e+02	1.92798e+01
3.38385e+02	1.89977e+01
3.47677e+02	1.87175e+01
3.57224e+02	1.84392e+01
3.67034e+02	1.81628e+01
3.77112e+02	1.78885e+01
3.87467e+02	1.76163e+01
3.98107e+02	1.73462e+01
4.09039e+02	1.70784e+01
4.20271e+02	1.68128e+01
4.31811e+02	1.65495e+01
4.43669e+02	1.62886e+01
4.55852e+02	1.60300e+01
4.68369e+02	1.57739e+01
4.81230e+02	1.55203e+01
4.94445e+02	1.52692e+01
5.08022e+02	1.50206e+01
5.21972e+02	1.47745e+01
5.36305e+02	1.45311e+01
5.51032e+02	1.42902e+01
5.66163e+02	1.40520e+01
5.81709e+02	1.38165e+01
5.97683e+02	1.35836e+01
6.14095e+02	1.33534e+01
6.30957e+02	1.31259e+01
6.48283e+02	1.29011e+01
6.66085e+02	1.26790e+01
6.84375e+02	1.24597e+01
7.03168e+02	1.22431e+01
7.22476e+02	1.20292e+01
7.42315e+02	1.18180e+01
7.62699e+02	1.16096e+01
7.83642e+02	1.14039e+01
8.05160e+02	1.12009e+01
8.27270e+02	1.10007e+01
8.49986e+02	1.08032e+01
8.73326e+02	1.06084e+01
8.97307e+02	1.04163e+01
9.21947e+02	1.02269e+01
9.47263e+02	1.00402e+01
9.73274e+02	9.85618e+00
1.00000e+03	9.67481e+00
1.02746e+03	9.49609e+00
1.05567e+03	9.32001e+00
1.08466e+03	9.14654e+00
1.11444e+03	8.97568e+00
1.14505e+03	8.80741e+00
1.17649e+03	8.64170e+00
1.20880e+03	8.47854e+00
1.24199e+03	8.31791e+00
1.27609e+03	8.15979e+00
1.31113e+03	8.00417e+00
1.34714e+03	7.85101e+00
1.38413e+03	7.70029e+00
1.42214e+03	7.55201e+00
1.46119e+03	7.40613e+00
1.50131e+03	7.26262e+00
1.54254e+03	7.12147e+00
1.58489e+03	6.98266e+00
1.62841e+03	6.84615e+00
1.67313e+03	6.71193e+00
1.71907e+03	6.57997e+00
1.76628e+03	6.45024e+00
1.81478e+03	6.32272e+00
1.86461e+03	6.19738e+00
1.91581e+03	6.07421e+00
1.96842e+03	5.95316e+00
2.02247e+03	5.83423e+00
2.07801e+03	5.71737e+00
2.13507e+03	5.60257e+00
2.19370e+03	5.48980e+00
2.25393e+03	5.37903e+00
2.31583e+03	5.27023e+00
2.37942e+03	5.16339e+00
2.44476e+03	5.05847e+00
2.51189e+03	4.95545e+00
2.58086e+03	4.85430e+00
2.65173e+03	4.75500e+00
2.72455e+03	4.65752e+00
2.79936e+03	4.56183e+00
2.87623e+03	4.46791e+00
2.95521e+03	4.37573e+00
3.03636e+03	4.28527e+00
3.11974e+03	4.19650e+00
3.20540e+03	4.10939e+00
3.29342e+03	4.02393e+00
3.38386e+03	3.94008e+00
3.47677e+03	3.85783e+00
3.57224e+03	3.77713e+00
3.67034e+03	3.69798e+00
3.77112e+03	3.62035e+00
3.87468e+03	3.54421e+00
3.98107e+03	3.46954e+00
4.09039e+03	3.39632e+00
4.20271e+03	3.32452e+00
4.31811e+03	3.25411e+00
4.43669e+03	3.18508e+00
4.55852e+03	3.11741e+00
4.68369e+03	3.05106e+00
4.81230e+03	2.98602e+00
4.94445e+03	2.92227e+00
5.08022e+03	2.85978e+00
5.21972e+03	2.79854e+00
5.36305e+03	2.73851e+00
5.51032e+03	2.67968e+00
5.66163e+03	2.62203e+00
5.81709e+03	2.56554e+00
5.97683e+03	2.51019e+00
6.14095e+03	2.45595e+00
6.30957e+03	2.40282e+00
6.48283e+03	2.35075e+00
6.66085e+03	2.29975e+00
6.84375e+03	2.24979e+00
7.03168e+03	2.20085e+00
7.22476e+03	2.15291e+00
7.42315e+03	2.10595e+00
7.62699e+03	2.05996e+00
7.83642e+03	2.01491e+00
8.05160e+03	1.97080e+00
8.27270e+03	1.92760e+00
8.49986e+03	1.88529e+00
8.73326e+03	1.84387e+00
8.97307e+03	1.80330e+00
9.21947e+03	1.76358e+00
9.47263e+03	1.72469e+00
9.73274e+03	1.68662e+00
1.00000e+04	1.64934e+00
