# C2H6 cross section
256
1.00000e+01	0.00000e+00
1.02746e+01	0.00000e+00
1.05567e+01	0.00000e+00
1.08466e+01	0.00000e+00
1.11445e+01	0.00000e+00
1.14505e+01	7.49625e-02
1.17649e+01	3.71236e-01
1.20880e+01	7.93478e-01
1.24199e+01	1.26967e+00
1.27609e+01	1.75416e+00
1.31113e+01	2.22034e+00
1.34714e+01	2.65490e+00
1.38413e+01	3.52090e+00
1.42214e+01	4.51058e+00
1.46119e+01	5.38841e+00
1.50131e+01	6.18535e+00
1.54254e+01	6.92747e+00
1.58489e+01	7.63586e+00
1.62841e+01	8.32691e+00
1.67313e+01	9.01279e+00
1.71907e+01	9.70202e+00
1.76628e+01	1.04000e+01
1.81478e+01	1.11096e+01
1.86461e+01	1.18315e+01
1.91581e+01	1.25648e+01
1.96842e+01	1.33075e+01
2.02247e+01	1.40562e+01
2.07801e+01	1.48074e+01
2.13507e+01	1.55567e+01
2.19370e+01	1.62999e+01
2.25393e+01	1.70327e+01
2.31583e+01	1.77507e+01
2.37942e+01	1.84501e+01
2.44475e+01	1.91273e+01
2.51189e+01	1.97791e+01
2.58086e+01	2.04028e+01
2.65173e+01	2.09960e+01
2.72455e+01	2.15571e+01
2.79936e+01	2.20846e+01
2.87623e+01	2.25777e+01
2.95521e+01	2.30359e+01
3.03636e+01	2.34591e+01
3.11974e+01	2.38474e+01
3.20540e+01	2.42014e+01
3.29342e+01	2.45218e+01
3.38385e+01	2.48095e+01
3.47677e+01	2.50656e+01
3.57225e+01	2.52914e+01
3.67034e+01	2.54881e+01
3.77112e+01	2.56572e+01
3.87467e+01	2.58001e+01
3.98107e+01	2.59182e+01
4.09039e+01	2.60130e+01
4.20271e+01	2.60858e+01
4.31811e+01	2.61380e+01
4.43669e+01	2.61710e+01
4.55852e+01	2.61859e+01
4.68369e+01	2.61842e+01
4.81230e+01	2.61668e+01
4.94445e+01	2.61349e+01
5.08022e+01	2.60896e+01
5.21972e+01	2.60317e+01
5.36305e+01	2.59621e+01
5.51032e+01	2.58818e+01
5.66163e+01	2.57915e+01
5.81709e+01	2.56918e+01
5.97683e+01	2.55835e+01
6.14095e+01	2.54672e+01
6.30957e+01	2.53434e+01
6.48283e+01	2.52127e+01
6.66085e+01	2.50755e+01
6.84375e+01	2.49322e+01
7.03168e+01	2.47834e+01
7.22476e+01	2.46294e+01
7.42315e+01	2.44704e+01
7.62699e+01	2.43069e+01
7.83642e+01	2.41392e+01
8.05160e+01	2.39674e+01
8.27270e+01	2.37920e+01
8.49986e+01	2.36130e+01
8.73326e+01	2.34308e+01
8.97307e+01	2.32456e+01
9.21947e+01	2.30575e+01
9.47263e+01	2.28668e+01
9.73274e+01	2.26735e+01
1.00000e+02	2.24780e+01
1.02746e+02	2.22803e+01
1.05567e+02	2.20806e+01
1.08466e+02	2.18791e+01
1.11445e+02	2.16758e+01
1.14505e+02	2.14710e+01
1.17649e+02	2.12647e+01
1.20880e+02	2.10570e+01
1.24199e+02	2.08482e+01
1.27609e+02	2.06382e+01
1.31113e+02	2.04273e+01
1.34714e+02	2.02155e+01
1.38413e+02	2.00029e+01
1.42214e+02	1.97896e+01
1.46119e+02	1.95758e+01
1.50131e+02	1.93614e+01
1.54254e+02	1.91467e+01
1.58489e+02	1.89317e+01
1.62841e+02	1.87165e+01
1.67313e+02	1.85011e+01
1.71907e+02	1.82858e+01
1.76628e+02	1.80704e+01
1.81478e+02	1.78552e+01
1.86461e+02	1.76402e+01
1.91581e+02	1.74254e+01
1.96842e+02	1.72110e+01
2.02247e+02	1.69970e+01
2.07801e+02	1.67835e+01
2.13507e+02	1.65706e+01
2.19370e+02	1.63582e+01
2.25393e+02	1.61466e+01
2.31583e+02	1.59356e+01
2.37942e+02	1.57255e+01
2.44476e+02	1.55163e+01
2.51189e+02	1.53079e+01
2.58086e+02	1.51006e+01
2.65173e+02	1.48942e+01
2.72455e+02	1.46889e+01
2.79936e+02	1.44848e+01
2.87623e+02	1.42818e+01
2.95521e+02	1.40800e+01
3.03636e+02	1.38795e+01
3.11974e+02	1.36803e+01
3.20540e+02	1.34824e+01
3.29342e+02	1.32859e+01
3.38385e+02	1.30908e+01
3.47677e+02	1.28971e+01
3.57224e+02	1.27050e+01
3.67034e+02	1.25143e+01
3.77112e+02	1.23252e+01
3.87467e+02	1.21377e+01
3.98107e+02	1.19517e+01
4.09039e+02	1.17674e+01
4.20271e+02	1.15848e+01
4.31811e+02	1.14038e+01
4.43669e+02	1.12245e+01
4.55852e+02	1.10469e+01
4.68369e+02	1.08711e+01
4.81230e+02	1.06970e+01
4.94445e+02	1.05247e+01
5.08022e+02	1.03541e+01
5.21972e+02	1.01854e+01
5.36305e+02	1.00184e+01
5.51032e+02	9.85333e+00
5.66163e+02	9.69004e+00
5.81709e+02	9.52859e+00
5.97683e+02	9.36898e+00
6.14095e+02	9.21123e+00
6.30957e+02	9.05533e+00
6.48283e+02	8.90129e+00
6.66085e+02	8.74912e+00
6.84375e+02	8.59881e+00
7.03168e+02	8.45037e+00
7.22476e+02	8.30379e+00
7.42315e+02	8.15909e+00
7.62699e+02	8.01625e+00
7.83642e+02	7.87527e+00
8.05160e+02	7.73615e+00
8.27270e+02	7.59889e+00
8.49986e+02	7.46348e+00
8.73326e+02	7.32991e+00
8.97307e+02	7.19819e+00
9.21947e+02	7.06829e+00
9.47263e+02	6.94022e+00
9.73274e+02	6.81397e+00
1.00000e+03	6.68953e+00
1.02746e+03	6.56688e+00
1.05567e+03	6.44602e+00
1.08466e+03	6.32694e+00
1.11444e+03	6.20963e+00
1.14505e+03	6.09407e+00
1.17649e+03	5.98025e+00
1.20880e+03	5.86817e+00
1.24199e+03	5.75780e+00
1.27609e+03	5.64914e+00
1.31113e+03	5.54216e+00
1.34714e+03	5.43687e+00
1.38413e+03	5.33323e+00
1.42214e+03	5.23124e+00
1.46119e+03	5.13089e+00
1.50131e+03	5.03215e+00
1.54254e+03	4.93501e+00
1.58489e+03	4.83946e+00
1.62841e+03	4.74549e+00
1.67313e+03	4.65306e+00
1.71907e+03	4.56217e+00
1.76628e+03	4.47280e+00
1.81478e+03	4.38494e+00
1.86461e+03	4.29856e+00
1.91581e+03	4.21366e+00
1.96842e+03	4.13020e+00
2.02247e+03	4.04819e+00
2.07801e+03	3.96759e+00
2.13507e+03	3.88839e+00
2.19370e+03	3.81058e+00
2.25393e+03	3.73413e+00
2.31583e+03	3.65904e+00
2.37942e+03	3.58528e+00
2.44476e+03	3.51282e+00
2.51189e+03	3.44167e+00
2.58086e+03	3.37180e+00
2.65173e+03	3.30319e+00
2.72455e+03	3.23583e+00
2.79936e+03	3.16969e+00
2.87623e+03	3.10476e+00
2.95521e+03	3.04102e+00
3.03636e+03	2.97846e+00
3.11974e+03	2.91707e+00
3.20540e+03	2.85681e+00
3.29342e+03	2.79767e+00
3.38386e+03	2.73965e+00
3.47677e+03	2.68271e+00
3.57224e+03	2.62685e+00
3.67034e+03	2.57205e+00
3.77112e+03	2.51829e+00
3.87468e+03	2.46556e+00
3.98107e+03	2.41383e+00
4.09039e+03	2.36310e+00
4.20271e+03	2.31334e+00
4.31811e+03	2.26455e+00
4.43669e+03	2.21670e+00
4.55852e+03	2.16979e+00
4.68369e+03	2.12378e+00
4.81230e+03	2.07868e+00
4.94445e+03	2.03447e+00
5.08022e+03	1.99112e+00
5.21972e+03	1.94863e+00
5.36305e+03	1.90698e+00
5.51032e+03	1.86616e+00
5.66163e+03	1.82615e+00
5.81709e+03	1.78694e+00
5.97683e+03	1.74851e+00
6.14095e+03	1.71085e+00
6.30957e+03	1.67395e+00
6.48283e+03	1.63780e+00
6.66085e+03	1.60238e+00
6.84375e+03	1.56767e+00
7.03168e+03	1.53367e+00
7.22476e+03	1.50036e+00
7.42315e+03	1.46773e+00
7.62699e+03	1.43576e+00
7.83642e+03	1.40446e+00
8.05160e+03	1.37379e+00
8.27270e+03	1.34376e+00
8.49986e+03	1.31434e+00
8.73326e+03	1.28554e+00
8.97307e+03	1.25733e+00
9.21947e+03	1.22970e+00
9.47263e+03	1.20265e+00
9.73274e+03	1.17617e+00
1.00000e+04	1.15023e+00
