# C2N2 cross section
256
1.00000e+01	0.00000e+00
1.04618e+01	0.00000e+00
1.09450e+01	0.00000e+00
1.14505e+01	7.49594e-02
1.19793e+01	6.43573e-01
1.25325e+01	1.43075e+00
1.31113e+01	2.21760e+00
1.37169e+01	2.91992e+00
1.43504e+01	3.52573e+00
1.50131e+01	5.00527e+00
1.57065e+01	6.39362e+00
1.64318e+01	7.45427e+00
1.71907e+01	8.35003e+00
1.79846e+01	9.19117e+00
1.88152e+01	1.00470e+01
1.96842e+01	1.09559e+01
2.05933e+01	1.19339e+01
2.15444e+01	1.29814e+01
2.25393e+01	1.40886e+01
2.35803e+01	1.52398e+01
2.46693e+01	1.64165e+01
2.58086e+01	1.75995e+01
2.70006e+01	1.87707e+01
2.82475e+01	1.99138e+01
2.95521e+01	2.10150e+01
3.09169e+01	2.20629e+01
3.23448e+01	2.30487e+01
3.38385e+01	2.39661e+01
3.54013e+01	2.48106e+01
3.70363e+01	2.55799e+01
3.87467e+01	2.62729e+01
4.05362e+01	2.68899e+01
4.24083e+01	2.74320e+01
4.43669e+01	2.79014e+01
4.64159e+01	2.83006e+01
4.85595e+01	2.86324e+01
5.08022e+01	2.89002e+01
5.31484e+01	2.91073e+01
5.56030e+01	2.92571e+01
5.81709e+01	2.93531e+01
6.08575e+01	2.93988e+01
6.36681e+01	2.93975e+01
6.66085e+01	2.93524e+01
6.96847e+01	2.92667e+01
7.29030e+01	2.91434e+01
7.62699e+01	2.89853e+01
7.97923e+01	2.87953e+01
8.34773e+01	2.85757e+01
8.73326e+01	2.83292e+01
9.13659e+01	2.80580e+01
9.55855e+01	2.77643e+01
1.00000e+02	2.74502e+01
1.04618e+02	2.71176e+01
1.09450e+02	2.67682e+01
1.14505e+02	2.64039e+01
1.19793e+02	2.60263e+01
1.25325e+02	2.56367e+01
1.31113e+02	2.52367e+01
1.37169e+02	2.48276e+01
1.43504e+02	2.44106e+01
1.50131e+02	2.39869e+01
1.57065e+02	2.35576e+01
1.64318e+02	2.31237e+01
1.71907e+02	2.26862e+01
1.79846e+02	2.22459e+01
1.88152e+02	2.18037e+01
1.96842e+02	2.13604e+01
2.05933e+02	2.09168e+01
2.15444e+02	2.04734e+01
2.25393e+02	2.00309e+01
2.35803e+02	1.95900e+01
2.46693e+02	1.91511e+01
2.58086e+02	1.87148e+01
2.70005e+02	1.82815e+01
2.82475e+02	1.78517e+01
2.95521e+02	1.74258e+01
3.09169e+02	1.70040e+01
3.23448e+02	1.65869e+01
3.38385e+02	1.61746e+01
3.54013e+02	1.57675e+01
3.70363e+02	1.53658e+01
3.87467e+02	1.49696e+01
4.05362e+02	1.45794e+01
4.24083e+02	1.41951e+01
4.43669e+02	1.38170e+01
4.64159e+02	1.34452e+01
4.85595e+02	1.30798e+01
5.08022e+02	1.27210e+01
5.31484e+02	1.23688e+01
5.56030e+02	1.20232e+01
5.81709e+02	1.16844e+01
6.08574e+02	1.13524e+01
6.36681e+02	1.10272e+01
6.66085e+02	1.07088e+01
6.96847e+02	1.03972e+01
7.29029e+02	1.00924e+01
7.62699e+02	9.79448e+00
7.97923e+02	9.50328e+00
8.34773e+02	9.21882e+00
8.73326e+02	8.94105e+00
9.13659e+02	8.66991e+00
9.55855e+02	8.40536e+00
1.00000e+03	8.14732e+00
1.04618e+03	7.89573e+00
1.09450e+03	7.65051e+00
1.14505e+03	7.41157e+00
1.19793e+03	7.17884e+00
1.25325e+03	6.95223e+00
1.31113e+03	6.73164e+00
1.37169e+03	6.51698e+00
1.43504e+03	6.30814e+00
1.50131e+03	6.10504e+00
1.57065e+03	5.90757e+00
1.64318e+03	5.71563e+00
1.71907e+03	5.52910e+00
1.79846e+03	5.34789e+00
1.88152e+03	5.17188e+00
1.96842e+03	5.00097e+00
2.05933e+03	4.83506e+00
2.15443e+03	4.67403e+00
2.25393e+03	4.51777e+00
2.35803e+03	4.36618e+00
2.46693e+03	4.21914e+00
2.58086e+03	4.07656e+00
2.70005e+03	3.93833e+00
2.82475e+03	3.80433e+00
2.95521e+03	3.67447e+00
3.09169e+03	3.54865e+00
3.23448e+03	3.42675e+00
3.38386e+03	3.30868e+00
3.54013e+03	3.19434e+00
3.70363e+03	3.08363e+00
3.87468e+03	2.97645e+00
4.05362e+03	2.87271e+00
4.24083e+03	2.77231e+00
4.43669e+03	2.67517e+00
4.64159e+03	2.58118e+00
4.85595e+03	2.49026e+00
5.08022e+03	2.40233e+00
5.31484e+03	2.31730e+00
5.56030e+03	2.23508e+00
5.81709e+03	2.15559e+00
6.08574e+03	2.07876e+00
6.36681e+03	2.00449e+00
6.66085e+03	1.93273e+00
6.96847e+03	1.86338e+00
7.29030e+03	1.79638e+00
7.62699e+03	1.73166e+00
7.97923e+03	1.66914e+00
8.34773e+03	1.60876e+00
8.73326e+03	1.55045e+00
9.13659e+03	1.49415e+00
9.55855e+03	1.43979e+00
1.00000e+04	1.38732e+00
1.04618e+04	1.33666e+00
1.09450e+04	1.28777e+00
1.14505e+04	1.24059e+00
1.19793e+04	1.19505e+00
1.25325e+04	1.15112e+00
1.31113e+04	1.10873e+00
1.37169e+04	1.06784e+00
1.43504e+04	1.02839e+00
1.50131e+04	9.90340e-01
1.57065e+04	9.53644e-01
1.64318e+04	9.18254e-01
1.71907e+04	8.84128e-01
1.79847e+04	8.51224e-01
1.88152e+04	8.19498e-01
1.96842e+04	7.88913e-01
2.05933e+04	7.59429e-01
2.15443e+04	7.31009e-01
2.25393e+04	7.03616e-01
2.35803e+04	6.77215e-01
2.46693e+04	6.51773e-01
2.58086e+04	6.27255e-01
2.70005e+04	6.03631e-01
2.82475e+04	5.80869e-01
2.95521e+04	5.58939e-01
3.09169e+04	5.37812e-01
3.23448e+04	5.17459e-01
3.38386e+04	4.97855e-01
3.54013e+04	4.78973e-01
3.70363e+04	4.60786e-01
3.87468e+04	4.43271e-01
4.05362e+04	4.26403e-01
4.24083e+04	4.10161e-01
4.43669e+04	3.94520e-01
4.64159e+04	3.79461e-01
4.85595e+04	3.64962e-01
5.08022e+04	3.51003e-01
5.31484e+04	3.37565e-01
5.56030e+04	3.24628e-01
5.81709e+04	3.12176e-01
6.08574e+04	3.00190e-01
6.36681e+04	2.88654e-01
6.66085e+04	2.77550e-01
6.96847e+04	2.66865e-01
7.29029e+04	2.56581e-01
7.62699e+04	2.46685e-01
7.97923e+04	2.37163e-01
8.34773e+04	2.28000e-01
8.73326e+04	2.19184e-01
9.13659e+04	2.10702e-01
9.55855e+04	2.02541e-01
1.00000e+05	1.94690e-01
1.04618e+05	1.87137e-01
1.09450e+05	1.79872e-01
1.14505e+05	1.72883e-01
1.19793e+05	1.66161e-01
1.25325e+05	1.59695e-01
1.31113e+05	1.53476e-01
1.37169e+05	1.47495e-01
1.43504e+05	1.41742e-01
1.50131e+05	1.36210e-01
1.57065e+05	1.30891e-01
1.64318e+05	1.25775e-01
1.71907e+05	1.20856e-01
1.79846e+05	1.16126e-01
1.88152e+05	1.11578e-01
1.96842e+05	1.07205e-01
2.05933e+05	1.03001e-01
2.15444e+05	9.89587e-02
2.25393e+05	9.50729e-02
2.35803e+05	9.13372e-02
2.46693e+05	8.77460e-02
2.58086e+05	8.42938e-02
2.70006e+05	8.09754e-02
2.82475e+05	7.77857e-02
2.95521e+05	7.47198e-02
3.09169e+05	7.17729e-02
3.23448e+05	6.89406e-02
3.38386e+05	6.62185e-02
3.54013e+05	6.36023e-02
3.70363e+05	6.10881e-02
3.87468e+05	5.86719e-02
4.05362e+05	5.63499e-02
4.24083e+05	5.41186e-02
4.43669e+05	5.19744e-02
4.64159e+05	4.99141e-02
4.85595e+05	4.79344e-02
5.08022e+05	4.60322e-02
5.31484e+05	4.42046e-02
5.56030e+05	4.24485e-02
5.81709e+05	4.07614e-02
6.08574e+05	3.91405e-02
6.36680e+05	3.75832e-02
6.66085e+05	3.60872e-02
6.96847e+05	3.46500e-02
7.29030e+05	3.32694e-02
7.62699e+05	3.19431e-02
7.97923e+05	3.06691e-02
8.34773e+05	2.94453e-02
8.73326e+05	2.82698e-02
9.13659e+05	2.71406e-02
9.55855e+05	2.60561e-02
1.00000e+06	2.50145e-02
