# C3 cross section
256
1.00000e+01	0.00000e+00
1.02746e+01	0.00000e+00
1.05567e+01	0.00000e+00
1.08466e+01	0.00000e+00
1.11445e+01	0.00000e+00
1.14505e+01	1.12422e-01
1.17649e+01	5.56318e-01
1.20880e+01	1.18777e+00
1.24199e+01	1.89824e+00
1.27609e+01	2.61929e+00
1.31113e+01	3.31136e+00
1.34714e+01	3.95498e+00
1.38413e+01	4.54419e+00
1.42214e+01	5.08166e+00
1.46119e+01	5.57517e+00
1.50131e+01	6.03509e+00
1.54254e+01	6.47269e+00
1.58489e+01	6.89895e+00
1.62841e+01	7.32384e+00
1.67313e+01	7.75589e+00
1.71907e+01	8.20192e+00
1.76628e+01	8.66709e+00
1.81478e+01	9.15484e+00
1.86461e+01	9.66709e+00
1.91581e+01	1.02044e+01
1.96842e+01	1.07661e+01
2.02247e+01	1.13507e+01
2.07801e+01	1.19558e+01
2.13507e+01	1.25783e+01
2.19370e+01	1.32150e+01
2.25393e+01	1.38622e+01
2.31583e+01	1.45162e+01
2.37942e+01	1.51732e+01
2.44475e+01	1.58295e+01
2.51189e+01	1.64816e+01
2.58086e+01	1.71261e+01
2.65173e+01	1.77599e+01
2.72455e+01	1.83802e+01
2.79936e+01	1.89845e+01
2.87623e+01	1.95705e+01
2.95521e+01	2.01362e+01
3.03636e+01	2.06801e+01
3.11974e+01	2.12007e+01
3.20540e+01	2.16969e+01
3.29342e+01	2.21678e+01
3.38385e+01	2.26127e+01
3.47677e+01	2.30313e+01
3.57225e+01	2.34232e+01
3.67034e+01	2.37884e+01
3.77112e+01	2.41269e+01
3.87467e+01	2.44389e+01
3.98107e+01	2.47247e+01
4.09039e+01	2.49848e+01
4.20271e+01	2.52196e+01
4.31811e+01	2.54297e+01
4.43669e+01	2.56158e+01
4.55852e+01	2.57785e+01
4.68369e+01	2.59185e+01
4.81230e+01	2.60367e+01
4.94445e+01	2.61336e+01
5.08022e+01	2.62103e+01
5.21972e+01	2.62674e+01
5.36305e+01	2.63057e+01
5.51032e+01	2.63261e+01
5.66163e+01	2.63293e+01
5.81709e+01	2.63162e+01
5.97683e+01	2.62874e+01
6.14095e+01	2.62438e+01
6.30957e+01	2.61861e+01
6.48283e+01	2.61150e+01
6.66085e+01	2.60312e+01
6.84375e+01	2.59354e+01
7.03168e+01	2.58283e+01
7.22476e+01	2.57104e+01
7.42315e+01	2.55824e+01
7.62699e+01	2.54450e+01
7.83642e+01	2.52986e+01
8.05160e+01	2.51438e+01
8.27270e+01	2.49811e+01
8.49986e+01	2.48111e+01
8.73326e+01	2.46342e+01
8.97307e+01	2.44509e+01
9.21947e+01	2.42616e+01
9.47263e+01	2.40668e+01
9.73274e+01	2.38669e+01
1.00000e+02	2.36621e+01
1.02746e+02	2.34530e+01
1.05567e+02	2.32399e+01
1.08466e+02	2.30230e+01
1.11445e+02	2.28027e+01
1.14505e+02	2.25794e+01
1.17649e+02	2.23532e+01
1.20880e+02	2.21245e+01
1.24199e+02	2.18936e+01
1.27609e+02	2.16606e+01
1.31113e+02	2.14259e+01
1.34714e+02	2.11896e+01
1.38413e+02	2.09520e+01
1.42214e+02	2.07132e+01
1.46119e+02	2.04735e+01
1.50131e+02	2.02331e+01
1.54254e+02	1.99920e+01
1.58489e+02	1.97506e+01
1.62841e+02	1.95089e+01
1.67313e+02	1.92670e+01
1.71907e+02	1.90253e+01
1.76628e+02	1.87836e+01
1.81478e+02	1.85423e+01
1.86461e+02	1.83014e+01
1.91581e+02	1.80611e+01
1.96842e+02	1.78213e+01
2.02247e+02	1.75824e+01
2.07801e+02	1.73443e+01
2.13507e+02	1.71071e+01
2.19370e+02	1.68710e+01
2.25393e+02	1.66360e+01
2.31583e+02	1.64021e+01
2.37942e+02	1.61696e+01
2.44476e+02	1.59384e+01
2.51189e+02	1.57086e+01
2.58086e+02	1.54803e+01
2.65173e+02	1.52535e+01
2.72455e+02	1.50284e+01
2.79936e+02	1.48048e+01
2.87623e+02	1.45830e+01
2.95521e+02	1.43629e+01
3.03636e+02	1.41446e+01
3.11974e+02	1.39281e+01
3.20540e+02	1.37135e+01
3.29342e+02	1.35007e+01
3.38385e+02	1.32900e+01
3.47677e+02	1.30811e+01
3.57224e+02	1.28743e+01
3.67034e+02	1.26695e+01
3.77112e+02	1.24667e+01
3.87467e+02	1.22660e+01
3.98107e+02	1.20674e+01
4.09039e+02	1.18709e+01
4.20271e+02	1.16766e+01
4.31811e+02	1.14843e+01
4.43669e+02	1.12942e+01
4.55852e+02	1.11062e+01
4.68369e+02	1.09205e+01
4.81230e+02	1.07369e+01
4.94445e+02	1.05554e+01
5.08022e+02	1.03762e+01
5.21972e+02	1.01992e+01
5.36305e+02	1.00243e+01
5.51032e+02	9.85165e+00
5.66163e+02	9.68119e+00
5.81709e+02	9.51291e+00
5.97683e+02	9.34683e+00
6.14095e+02	9.18293e+00
6.30957e+02	9.02121e+00
6.48283e+02	8.86167e+00
6.66085e+02	8.70430e+00
6.84375e+02	8.54908e+00
7.03168e+02	8.39603e+00
7.22476e+02	8.24511e+00
7.42315e+02	8.09633e+00
7.62699e+02	7.94968e+00
7.83642e+02	7.80513e+00
8.05160e+02	7.66269e+00
8.27270e+02	7.52233e+00
8.49986e+02	7.38405e+00
8.73326e+02	7.24783e+00
8.97307e+02	7.11366e+00
9.21947e+02	6.98151e+00
9.47263e+02	6.85138e+00
9.73274e+02	6.72325e+00
1.00000e+03	6.59711e+00
1.02746e+03	6.47293e+00
1.05567e+03	6.35070e+00
1.08466e+03	6.23040e+00
1.11444e+03	6.11202e+00
1.14505e+03	5.99553e+00
1.17649e+03	5.88092e+00
1.20880e+03	5.76817e+00
1.24199e+03	5.65725e+00
1.27609e+03	5.54816e+00
1.31113e+03	5.44087e+00
1.34714e+03	5.33537e+00
1.38413e+03	5.23162e+00
1.42214e+03	5.12962e+00
1.46119e+03	5.02934e+00
1.50131e+03	4.93076e+00
1.54254e+03	4.83387e+00
1.58489e+03	4.73863e+00
1.62841e+03	4.64504e+00
1.67313e+03	4.55307e+00
1.71907e+03	4.46270e+00
1.76628e+03	4.37391e+00
1.81478e+03	4.28668e+00
1.86461e+03	4.20099e+00
1.91581e+03	4.11682e+00
1.96842e+03	4.03415e+00
2.02247e+03	3.95295e+00
2.07801e+03	3.87322e+00
2.13507e+03	3.79492e+00
2.19370e+03	3.71804e+00
2.25393e+03	3.64256e+00
2.31583e+03	3.56846e+00
2.37942e+03	3.49571e+00
2.44476e+03	3.42430e+00
2.51189e+03	3.35421e+00
2.58086e+03	3.28542e+00
2.65173e+03	3.21791e+00
2.72455e+03	3.15166e+00
2.79936e+03	3.08664e+00
2.87623e+03	3.02285e+00
2.95521e+03	2.96027e+00
3.03636e+03	2.89886e+00
3.11974e+03	2.83862e+00
3.20540e+03	2.77953e+00
3.29342e+03	2.72157e+00
3.38386e+03	2.66472e+00
3.47677e+03	2.60896e+00
3.57224e+03	2.55427e+00
3.67034e+03	2.50064e+00
3.77112e+03	2.44805e+00
3.87468e+03	2.39649e+00
3.98107e+03	2.34593e+00
4.09039e+03	2.29635e+00
4.20271e+03	2.24775e+00
4.31811e+03	2.20011e+00
4.43669e+03	2.15340e+00
4.55852e+03	2.10761e+00
4.68369e+03	2.06274e+00
4.81230e+03	2.01875e+00
4.94445e+03	1.97564e+00
5.08022e+03	1.93339e+00
5.21972e+03	1.89198e+00
5.36305e+03	1.85141e+00
5.51032e+03	1.81165e+00
5.66163e+03	1.77269e+00
5.81709e+03	1.73452e+00
5.97683e+03	1.69712e+00
6.14095e+03	1.66047e+00
6.30957e+03	1.62458e+00
6.48283e+03	1.58941e+00
6.66085e+03	1.55496e+00
6.84375e+03	1.52122e+00
7.03168e+03	1.48816e+00
7.22476e+03	1.45579e+00
7.42315e+03	1.42408e+00
7.62699e+03	1.39303e+00
7.83642e+03	1.36261e+00
8.05160e+03	1.33283e+00
8.27270e+03	1.30366e+00
8.49986e+03	1.27510e+00
8.73326e+03	1.24713e+00
8.97307e+03	1.21975e+00
9.21947e+03	1.19294e+00
9.47263e+03	1.16668e+00
9.73274e+03	1.14098e+00
1.00000e+04	1.11582e+00
