# C4H10 cross section
256
1.00000e+01	0.00000e+00
1.04618e+01	0.00000e+00
1.09450e+01	0.00000e+00
1.14505e+01	1.49899e-01
1.19793e+01	1.28572e+00
1.25325e+01	2.85445e+00
1.31113e+01	4.41825e+00
1.37169e+01	6.20175e+00
1.43504e+01	9.12679e+00
1.50131e+01	1.15439e+01
1.57065e+01	1.36830e+01
1.64318e+01	1.57081e+01
1.71907e+01	1.77229e+01
1.79846e+01	1.97819e+01
1.88152e+01	2.19033e+01
1.96842e+01	2.40793e+01
2.05933e+01	2.62855e+01
2.15444e+01	2.84884e+01
2.25393e+01	3.06507e+01
2.35803e+01	3.27363e+01
2.46693e+01	3.47128e+01
2.58086e+01	3.65538e+01
2.70006e+01	3.82395e+01
2.82475e+01	3.97570e+01
2.95521e+01	4.10999e+01
3.09169e+01	4.22673e+01
3.23448e+01	4.32631e+01
3.38385e+01	4.40946e+01
3.54013e+01	4.47716e+01
3.70363e+01	4.53057e+01
3.87467e+01	4.57092e+01
4.05362e+01	4.59947e+01
4.24083e+01	4.61745e+01
4.43669e+01	4.62603e+01
4.64159e+01	4.62631e+01
4.85595e+01	4.61929e+01
5.08022e+01	4.60585e+01
5.31484e+01	4.58680e+01
5.56030e+01	4.56283e+01
5.81709e+01	4.53455e+01
6.08575e+01	4.50248e+01
6.36681e+01	4.46708e+01
6.66085e+01	4.42873e+01
6.96847e+01	4.38777e+01
7.29030e+01	4.34449e+01
7.62699e+01	4.29912e+01
7.97923e+01	4.25188e+01
8.34773e+01	4.20296e+01
8.73326e+01	4.15251e+01
9.13659e+01	4.10068e+01
9.55855e+01	4.04759e+01
1.00000e+02	3.99337e+01
1.04618e+02	3.93812e+01
1.09450e+02	3.88193e+01
1.14505e+02	3.82489e+01
1.19793e+02	3.76710e+01
1.25325e+02	3.70863e+01
1.31113e+02	3.64957e+01
1.37169e+02	3.58998e+01
1.43504e+02	3.52994e+01
1.50131e+02	3.46952e+01
1.57065e+02	3.40880e+01
1.64318e+02	3.34783e+01
1.71907e+02	3.28667e+01
1.79846e+02	3.22541e+01
1.88152e+02	3.16408e+01
1.96842e+02	3.10276e+01
2.05933e+02	3.04150e+01
2.15444e+02	2.98036e+01
2.25393e+02	2.91939e+01
2.35803e+02	2.85864e+01
2.46693e+02	2.79816e+01
2.58086e+02	2.73800e+01
2.70005e+02	2.67821e+01
2.82475e+02	2.61883e+01
2.95521e+02	2.55990e+01
3.09169e+02	2.50146e+01
3.23448e+02	2.44356e+01
3.38385e+02	2.38622e+01
3.54013e+02	2.32948e+01
3.70363e+02	2.27337e+01
3.87467e+02	2.21792e+01
4.05362e+02	2.16316e+01
4.24083e+02	2.10912e+01
4.43669e+02	2.05582e+01
4.64159e+02	2.00327e+01
4.85595e+02	1.95150e+01
5.08022e+02	1.90054e+01
5.31484e+02	1.85038e+01
5.56030e+02	1.80106e+01
5.81709e+02	1.75258e+01
6.08574e+02	1.70495e+01
6.36681e+02	1.65818e+01
6.66085e+02	1.61228e+01
6.96847e+02	1.56725e+01
7.29029e+02	1.52310e+01
7.62699e+02	1.47984e+01
7.97923e+02	1.43747e+01
8.34773e+02	1.39597e+01
8.73326e+02	1.35537e+01
9.13659e+02	1.31565e+01
9.55855e+02	1.27681e+01
1.00000e+03	1.23884e+01
1.04618e+03	1.20175e+01
1.09450e+03	1.16552e+01
1.14505e+03	1.13016e+01
1.19793e+03	1.09564e+01
1.25325e+03	1.06197e+01
1.31113e+03	1.02914e+01
1.37169e+03	9.97134e+00
1.43504e+03	9.65942e+00
1.50131e+03	9.35555e+00
1.57065e+03	9.05963e+00
1.64318e+03	8.77152e+00
1.71907e+03	8.49113e+00
1.79846e+03	8.21832e+00
1.88152e+03	7.95296e+00
1.96842e+03	7.69493e+00
2.05933e+03	7.44410e+00
2.15443e+03	7.20033e+00
2.25393e+03	6.96349e+00
2.35803e+03	6.73344e+00
2.46693e+03	6.51004e+00
2.58086e+03	6.29316e+00
2.70005e+03	6.08266e+00
2.82475e+03	5.87839e+00
2.95521e+03	5.68023e+00
3.09169e+03	5.48803e+00
3.23448e+03	5.30165e+00
3.38386e+03	5.12096e+00
3.54013e+03	4.94581e+00
3.70363e+03	4.77609e+00
3.87468e+03	4.61164e+00
4.05362e+03	4.45234e+00
4.24083e+03	4.29806e+00
4.43669e+03	4.14866e+00
4.64159e+03	4.00403e+00
4.85595e+03	3.86402e+00
5.08022e+03	3.72852e+00
5.31484e+03	3.59741e+00
5.56030e+03	3.47055e+00
5.81709e+03	3.34785e+00
6.08574e+03	3.22917e+00
6.36681e+03	3.11441e+00
6.66085e+03	3.00344e+00
6.96847e+03	2.89617e+00
7.29030e+03	2.79249e+00
7.62699e+03	2.69228e+00
7.97923e+03	2.59545e+00
8.34773e+03	2.50189e+00
8.73326e+03	2.41151e+00
9.13659e+03	2.32420e+00
9.55855e+03	2.23988e+00
1.00000e+04	2.15845e+00
1.04618e+04	2.07983e+00
1.09450e+04	2.00392e+00
1.14505e+04	1.93064e+00
1.19793e+04	1.85991e+00
1.25325e+04	1.79164e+00
1.31113e+04	1.72576e+00
1.37169e+04	1.66219e+00
1.43504e+04	1.60086e+00
1.50131e+04	1.54169e+00
1.57065e+04	1.48461e+00
1.64318e+04	1.42955e+00
1.71907e+04	1.37646e+00
1.79847e+04	1.32525e+00
1.88152e+04	1.27588e+00
1.96842e+04	1.22827e+00
2.05933e+04	1.18237e+00
2.15443e+04	1.13812e+00
2.25393e+04	1.09546e+00
2.35803e+04	1.05435e+00
2.46693e+04	1.01473e+00
2.58086e+04	9.76544e-01
2.70005e+04	9.39746e-01
2.82475e+04	9.04290e-01
2.95521e+04	8.70128e-01
3.09169e+04	8.37215e-01
3.23448e+04	8.05508e-01
3.38386e+04	7.74965e-01
3.54013e+04	7.45546e-01
3.70363e+04	7.17210e-01
3.87468e+04	6.89920e-01
4.05362e+04	6.63639e-01
4.24083e+04	6.38331e-01
4.43669e+04	6.13962e-01
4.64159e+04	5.90498e-01
4.85595e+04	5.67906e-01
5.08022e+04	5.46157e-01
5.31484e+04	5.25219e-01
5.56030e+04	5.05064e-01
5.81709e+04	4.85663e-01
6.08574e+04	4.66989e-01
6.36681e+04	4.49016e-01
6.66085e+04	4.31719e-01
6.96847e+04	4.15072e-01
7.29029e+04	3.99052e-01
7.62699e+04	3.83638e-01
7.97923e+04	3.68805e-01
8.34773e+04	3.54533e-01
8.73326e+04	3.40802e-01
9.13659e+04	3.27591e-01
9.55855e+04	3.14882e-01
1.00000e+05	3.02656e-01
1.04618e+05	2.90895e-01
1.09450e+05	2.79583e-01
1.14505e+05	2.68701e-01
1.19793e+05	2.58235e-01
1.25325e+05	2.48168e-01
1.31113e+05	2.38487e-01
1.37169e+05	2.29177e-01
1.43504e+05	2.20223e-01
1.50131e+05	2.11613e-01
1.57065e+05	2.03334e-01
1.64318e+05	1.95373e-01
1.71907e+05	1.87718e-01
1.79846e+05	1.80358e-01
1.88152e+05	1.73282e-01
1.96842e+05	1.66479e-01
2.05933e+05	1.59939e-01
2.15444e+05	1.53651e-01
2.25393e+05	1.47607e-01
2.35803e+05	1.41797e-01
2.46693e+05	1.36212e-01
2.58086e+05	1.30844e-01
2.70006e+05	1.25684e-01
2.82475e+05	1.20724e-01
2.95521e+05	1.15958e-01
3.09169e+05	1.11376e-01
3.23448e+05	1.06973e-01
3.38386e+05	1.02742e-01
3.54013e+05	9.86761e-02
3.70363e+05	9.47686e-02
3.87468e+05	9.10138e-02
4.05362e+05	8.74057e-02
4.24083e+05	8.39387e-02
4.43669e+05	8.06075e-02
4.64159e+05	7.74067e-02
4.85595e+05	7.43314e-02
5.08022e+05	7.13767e-02
5.31484e+05	6.85380e-02
5.56030e+05	6.58108e-02
5.81709e+05	6.31908e-02
6.08574e+05	6.06738e-02
6.36680e+05	5.82559e-02
6.66085e+05	5.59332e-02
6.96847e+05	5.37020e-02
7.29030e+05	5.15587e-02
7.62699e+05	4.95001e-02
7.97923e+05	4.75226e-02
8.34773e+05	4.56233e-02
8.73326e+05	4.37991e-02
9.13659e+05	4.20470e-02
9.55855e+05	4.03642e-02
1.00000e+06	3.87480e-02
