# C4H4 cross section
256
1.00000e+01	0.00000e+00
1.04618e+01	0.00000e+00
1.09450e+01	0.00000e+00
1.14505e+01	1.49885e-01
1.19793e+01	1.28469e+00
1.25325e+01	2.84936e+00
1.31113e+01	4.40604e+00
1.37169e+01	5.94591e+00
1.43504e+01	7.82754e+00
1.50131e+01	9.41792e+00
1.57065e+01	1.08482e+01
1.64318e+01	1.22226e+01
1.71907e+01	1.36133e+01
1.79846e+01	1.50627e+01
1.88152e+01	1.65887e+01
1.96842e+01	1.81899e+01
2.05933e+01	1.98515e+01
2.15444e+01	2.15505e+01
2.25393e+01	2.32593e+01
2.35803e+01	2.49499e+01
2.46693e+01	2.65956e+01
2.58086e+01	2.81731e+01
2.70006e+01	2.96630e+01
2.82475e+01	3.10506e+01
2.95521e+01	3.23255e+01
3.09169e+01	3.34813e+01
3.23448e+01	3.45153e+01
3.38385e+01	3.54275e+01
3.54013e+01	3.62206e+01
3.70363e+01	3.68986e+01
3.87467e+01	3.74669e+01
4.05362e+01	3.79320e+01
4.24083e+01	3.83004e+01
4.43669e+01	3.85791e+01
4.64159e+01	3.87749e+01
4.85595e+01	3.88946e+01
5.08022e+01	3.89444e+01
5.31484e+01	3.89304e+01
5.56030e+01	3.88583e+01
5.81709e+01	3.87334e+01
6.08575e+01	3.85603e+01
6.36681e+01	3.83437e+01
6.66085e+01	3.80875e+01
6.96847e+01	3.77955e+01
7.29030e+01	3.74711e+01
7.62699e+01	3.71174e+01
7.97923e+01	3.67373e+01
8.34773e+01	3.63334e+01
8.73326e+01	3.59081e+01
9.13659e+01	3.54635e+01
9.55855e+01	3.50018e+01
1.00000e+02	3.45247e+01
1.04618e+02	3.40340e+01
1.09450e+02	3.35313e+01
1.14505e+02	3.30180e+01
1.19793e+02	3.24956e+01
1.25325e+02	3.19652e+01
1.31113e+02	3.14281e+01
1.37169e+02	3.08854e+01
1.43504e+02	3.03382e+01
1.50131e+02	2.97873e+01
1.57065e+02	2.92338e+01
1.64318e+02	2.86783e+01
1.71907e+02	2.81218e+01
1.79846e+02	2.75650e+01
1.88152e+02	2.70085e+01
1.96842e+02	2.64531e+01
2.05933e+02	2.58994e+01
2.15444e+02	2.53478e+01
2.25393e+02	2.47990e+01
2.35803e+02	2.42535e+01
2.46693e+02	2.37117e+01
2.58086e+02	2.31741e+01
2.70005e+02	2.26411e+01
2.82475e+02	2.21131e+01
2.95521e+02	2.15903e+01
3.09169e+02	2.10733e+01
3.23448e+02	2.05622e+01
3.38385e+02	2.00573e+01
3.54013e+02	1.95590e+01
3.70363e+02	1.90674e+01
3.87467e+02	1.85827e+01
4.05362e+02	1.81052e+01
4.24083e+02	1.76350e+01
4.43669e+02	1.71723e+01
4.64159e+02	1.67172e+01
4.85595e+02	1.62698e+01
5.08022e+02	1.58303e+01
5.31484e+02	1.53986e+01
5.56030e+02	1.49750e+01
5.81709e+02	1.45594e+01
6.08574e+02	1.41519e+01
6.36681e+02	1.37525e+01
6.66085e+02	1.33612e+01
6.96847e+02	1.29781e+01
7.29029e+02	1.26031e+01
7.62699e+02	1.22363e+01
7.97923e+02	1.18775e+01
8.34773e+02	1.15268e+01
8.73326e+02	1.11841e+01
9.13659e+02	1.08494e+01
9.55855e+02	1.05226e+01
1.00000e+03	1.02035e+01
1.04618e+03	9.89227e+00
1.09450e+03	9.58867e+00
1.14505e+03	9.29266e+00
1.19793e+03	9.00413e+00
1.25325e+03	8.72300e+00
1.31113e+03	8.44916e+00
1.37169e+03	8.18251e+00
1.43504e+03	7.92292e+00
1.50131e+03	7.67031e+00
1.57065e+03	7.42454e+00
1.64318e+03	7.18550e+00
1.71907e+03	6.95306e+00
1.79846e+03	6.72712e+00
1.88152e+03	6.50755e+00
1.96842e+03	6.29421e+00
2.05933e+03	6.08700e+00
2.15443e+03	5.88577e+00
2.25393e+03	5.69041e+00
2.35803e+03	5.50078e+00
2.46693e+03	5.31677e+00
2.58086e+03	5.13824e+00
2.70005e+03	4.96508e+00
2.82475e+03	4.79715e+00
2.95521e+03	4.63433e+00
3.09169e+03	4.47649e+00
3.23448e+03	4.32353e+00
3.38386e+03	4.17531e+00
3.54013e+03	4.03171e+00
3.70363e+03	3.89262e+00
3.87468e+03	3.75792e+00
4.05362e+03	3.62750e+00
4.24083e+03	3.50123e+00
4.43669e+03	3.37901e+00
4.64159e+03	3.26073e+00
4.85595e+03	3.14629e+00
5.08022e+03	3.03556e+00
5.31484e+03	2.92845e+00
5.56030e+03	2.82486e+00
5.81709e+03	2.72469e+00
6.08574e+03	2.62783e+00
6.36681e+03	2.53420e+00
6.66085e+03	2.44369e+00
6.96847e+03	2.35621e+00
7.29030e+03	2.27168e+00
7.62699e+03	2.19000e+00
7.97923e+03	2.11109e+00
8.34773e+03	2.03486e+00
8.73326e+03	1.96124e+00
9.13659e+03	1.89014e+00
9.55855e+03	1.82148e+00
1.00000e+04	1.75518e+00
1.04618e+04	1.69118e+00
1.09450e+04	1.62940e+00
1.14505e+04	1.56976e+00
1.19793e+04	1.51221e+00
1.25325e+04	1.45667e+00
1.31113e+04	1.40308e+00
1.37169e+04	1.35137e+00
1.43504e+04	1.30149e+00
1.50131e+04	1.25337e+00
1.57065e+04	1.20695e+00
1.64318e+04	1.16219e+00
1.71907e+04	1.11902e+00
1.79847e+04	1.07739e+00
1.88152e+04	1.03725e+00
1.96842e+04	9.98547e-01
2.05933e+04	9.61238e-01
2.15443e+04	9.25273e-01
2.25393e+04	8.90606e-01
2.35803e+04	8.57193e-01
2.46693e+04	8.24991e-01
2.58086e+04	7.93959e-01
2.70005e+04	7.64055e-01
2.82475e+04	7.35242e-01
2.95521e+04	7.07481e-01
3.09169e+04	6.80736e-01
3.23448e+04	6.54971e-01
3.38386e+04	6.30153e-01
3.54013e+04	6.06247e-01
3.70363e+04	5.83222e-01
3.87468e+04	5.61047e-01
4.05362e+04	5.39691e-01
4.24083e+04	5.19126e-01
4.43669e+04	4.99324e-01
4.64159e+04	4.80257e-01
4.85595e+04	4.61899e-01
5.08022e+04	4.44225e-01
5.31484e+04	4.27210e-01
5.56030e+04	4.10831e-01
5.81709e+04	3.95064e-01
6.08574e+04	3.79888e-01
6.36681e+04	3.65281e-01
6.66085e+04	3.51223e-01
6.96847e+04	3.37694e-01
7.29029e+04	3.24674e-01
7.62699e+04	3.12144e-01
7.97923e+04	3.00088e-01
8.34773e+04	2.88488e-01
8.73326e+04	2.77326e-01
9.13659e+04	2.66587e-01
9.55855e+04	2.56256e-01
1.00000e+05	2.46316e-01
1.04618e+05	2.36755e-01
1.09450e+05	2.27557e-01
1.14505e+05	2.18710e-01
1.19793e+05	2.10200e-01
1.25325e+05	2.02015e-01
1.31113e+05	1.94143e-01
1.37169e+05	1.86572e-01
1.43504e+05	1.79291e-01
1.50131e+05	1.72289e-01
1.57065e+05	1.65555e-01
1.64318e+05	1.59080e-01
1.71907e+05	1.52854e-01
1.79846e+05	1.46868e-01
1.88152e+05	1.41112e-01
1.96842e+05	1.35578e-01
2.05933e+05	1.30257e-01
2.15444e+05	1.25142e-01
2.25393e+05	1.20224e-01
2.35803e+05	1.15497e-01
2.46693e+05	1.10953e-01
2.58086e+05	1.06585e-01
2.70006e+05	1.02386e-01
2.82475e+05	9.83501e-02
2.95521e+05	9.44709e-02
3.09169e+05	9.07426e-02
3.23448e+05	8.71592e-02
3.38386e+05	8.37153e-02
3.54013e+05	8.04056e-02
3.70363e+05	7.72250e-02
3.87468e+05	7.41684e-02
4.05362e+05	7.12311e-02
4.24083e+05	6.84086e-02
4.43669e+05	6.56965e-02
4.64159e+05	6.30905e-02
4.85595e+05	6.05865e-02
5.08022e+05	5.81806e-02
5.31484e+05	5.58690e-02
5.56030e+05	5.36481e-02
5.81709e+05	5.15145e-02
6.08574e+05	4.94646e-02
6.36680e+05	4.74953e-02
6.66085e+05	4.56034e-02
6.96847e+05	4.37861e-02
7.29030e+05	4.20403e-02
7.62699e+05	4.03633e-02
7.97923e+05	3.87524e-02
8.34773e+05	3.72050e-02
8.73326e+05	3.57188e-02
9.13659e+05	3.42913e-02
9.55855e+05	3.29201e-02
1.00000e+06	3.16032e-02
