# C4H5 cross section
256
1.00000e+01	0.00000e+00
1.04618e+01	0.00000e+00
1.09450e+01	0.00000e+00
1.14505e+01	1.49887e-01
1.19793e+01	1.28484e+00
1.25325e+01	2.85010e+00
1.31113e+01	4.40780e+00
1.37169e+01	5.98816e+00
1.43504e+01	8.04436e+00
1.50131e+01	9.77384e+00
1.57065e+01	1.13239e+01
1.64318e+01	1.28086e+01
1.71907e+01	1.43052e+01
1.79846e+01	1.58584e+01
1.88152e+01	1.74858e+01
1.96842e+01	1.91852e+01
2.05933e+01	2.09403e+01
2.15444e+01	2.27263e+01
2.25393e+01	2.45141e+01
2.35803e+01	2.62742e+01
2.46693e+01	2.79791e+01
2.58086e+01	2.96048e+01
2.70006e+01	3.11319e+01
2.82475e+01	3.25460e+01
2.95521e+01	3.38371e+01
3.09169e+01	3.49998e+01
3.23448e+01	3.60323e+01
3.38385e+01	3.69360e+01
3.54013e+01	3.77143e+01
3.70363e+01	3.83727e+01
3.87467e+01	3.89177e+01
4.05362e+01	3.93566e+01
4.24083e+01	3.96970e+01
4.43669e+01	3.99466e+01
4.64159e+01	4.01129e+01
4.85595e+01	4.02030e+01
5.08022e+01	4.02239e+01
5.31484e+01	4.01819e+01
5.56030e+01	4.00829e+01
5.81709e+01	3.99322e+01
6.08575e+01	3.97348e+01
6.36681e+01	3.94952e+01
6.66085e+01	3.92174e+01
6.96847e+01	3.89051e+01
7.29030e+01	3.85617e+01
7.62699e+01	3.81902e+01
7.97923e+01	3.77933e+01
8.34773e+01	3.73736e+01
8.73326e+01	3.69333e+01
9.13659e+01	3.64746e+01
9.55855e+01	3.59994e+01
1.00000e+02	3.55093e+01
1.04618e+02	3.50062e+01
1.09450e+02	3.44913e+01
1.14505e+02	3.39663e+01
1.19793e+02	3.34323e+01
1.25325e+02	3.28905e+01
1.31113e+02	3.23421e+01
1.37169e+02	3.17882e+01
1.43504e+02	3.12297e+01
1.50131e+02	3.06677e+01
1.57065e+02	3.01028e+01
1.64318e+02	2.95360e+01
1.71907e+02	2.89681e+01
1.79846e+02	2.83998e+01
1.88152e+02	2.78316e+01
1.96842e+02	2.72645e+01
2.05933e+02	2.66988e+01
2.15444e+02	2.61353e+01
2.25393e+02	2.55743e+01
2.35803e+02	2.50166e+01
2.46693e+02	2.44624e+01
2.58086e+02	2.39123e+01
2.70005e+02	2.33668e+01
2.82475e+02	2.28261e+01
2.95521e+02	2.22906e+01
3.09169e+02	2.17608e+01
3.23448e+02	2.12369e+01
3.38385e+02	2.07191e+01
3.54013e+02	2.02079e+01
3.70363e+02	1.97034e+01
3.87467e+02	1.92058e+01
4.05362e+02	1.87154e+01
4.24083e+02	1.82323e+01
4.43669e+02	1.77567e+01
4.64159e+02	1.72888e+01
4.85595e+02	1.68287e+01
5.08022e+02	1.63764e+01
5.31484e+02	1.59322e+01
5.56030e+02	1.54961e+01
5.81709e+02	1.50681e+01
6.08574e+02	1.46483e+01
6.36681e+02	1.42368e+01
6.66085e+02	1.38335e+01
6.96847e+02	1.34385e+01
7.29029e+02	1.30518e+01
7.62699e+02	1.26734e+01
7.97923e+02	1.23032e+01
8.34773e+02	1.19412e+01
8.73326e+02	1.15874e+01
9.13659e+02	1.12418e+01
9.55855e+02	1.09042e+01
1.00000e+03	1.05746e+01
1.04618e+03	1.02530e+01
1.09450e+03	9.93921e+00
1.14505e+03	9.63321e+00
1.19793e+03	9.33490e+00
1.25325e+03	9.04417e+00
1.31113e+03	8.76093e+00
1.37169e+03	8.48508e+00
1.43504e+03	8.21649e+00
1.50131e+03	7.95507e+00
1.57065e+03	7.70069e+00
1.64318e+03	7.45324e+00
1.71907e+03	7.21260e+00
1.79846e+03	6.97864e+00
1.88152e+03	6.75124e+00
1.96842e+03	6.53028e+00
2.05933e+03	6.31562e+00
2.15443e+03	6.10714e+00
2.25393e+03	5.90472e+00
2.35803e+03	5.70821e+00
2.46693e+03	5.51750e+00
2.58086e+03	5.33246e+00
2.70005e+03	5.15296e+00
2.82475e+03	4.97886e+00
2.95521e+03	4.81005e+00
3.09169e+03	4.64640e+00
3.23448e+03	4.48777e+00
3.38386e+03	4.33406e+00
3.54013e+03	4.18513e+00
3.70363e+03	4.04086e+00
3.87468e+03	3.90113e+00
4.05362e+03	3.76583e+00
4.24083e+03	3.63484e+00
4.43669e+03	3.50803e+00
4.64159e+03	3.38531e+00
4.85595e+03	3.26655e+00
5.08022e+03	3.15166e+00
5.31484e+03	3.04051e+00
5.56030e+03	2.93300e+00
5.81709e+03	2.82904e+00
6.08574e+03	2.72851e+00
6.36681e+03	2.63132e+00
6.66085e+03	2.53737e+00
6.96847e+03	2.44657e+00
7.29030e+03	2.35882e+00
7.62699e+03	2.27403e+00
7.97923e+03	2.19211e+00
8.34773e+03	2.11297e+00
8.73326e+03	2.03654e+00
9.13659e+03	1.96271e+00
9.55855e+03	1.89143e+00
1.00000e+04	1.82259e+00
1.04618e+04	1.75614e+00
1.09450e+04	1.69199e+00
1.14505e+04	1.63007e+00
1.19793e+04	1.57031e+00
1.25325e+04	1.51264e+00
1.31113e+04	1.45699e+00
1.37169e+04	1.40329e+00
1.43504e+04	1.35149e+00
1.50131e+04	1.30152e+00
1.57065e+04	1.25332e+00
1.64318e+04	1.20684e+00
1.71907e+04	1.16200e+00
1.79847e+04	1.11877e+00
1.88152e+04	1.07709e+00
1.96842e+04	1.03690e+00
2.05933e+04	9.98153e-01
2.15443e+04	9.60803e-01
2.25393e+04	9.24801e-01
2.35803e+04	8.90101e-01
2.46693e+04	8.56659e-01
2.58086e+04	8.24431e-01
2.70005e+04	7.93375e-01
2.82475e+04	7.63452e-01
2.95521e+04	7.34622e-01
3.09169e+04	7.06846e-01
3.23448e+04	6.80089e-01
3.38386e+04	6.54314e-01
3.54013e+04	6.29487e-01
3.70363e+04	6.05576e-01
3.87468e+04	5.82546e-01
4.05362e+04	5.60368e-01
4.24083e+04	5.39011e-01
4.43669e+04	5.18446e-01
4.64159e+04	4.98645e-01
4.85595e+04	4.79581e-01
5.08022e+04	4.61226e-01
5.31484e+04	4.43557e-01
5.56030e+04	4.26547e-01
5.81709e+04	4.10174e-01
6.08574e+04	3.94414e-01
6.36681e+04	3.79246e-01
6.66085e+04	3.64647e-01
6.96847e+04	3.50598e-01
7.29029e+04	3.37077e-01
7.62699e+04	3.24066e-01
7.97923e+04	3.11547e-01
8.34773e+04	2.99501e-01
8.73326e+04	2.87910e-01
9.13659e+04	2.76759e-01
9.55855e+04	2.66031e-01
1.00000e+05	2.55710e-01
1.04618e+05	2.45782e-01
1.09450e+05	2.36232e-01
1.14505e+05	2.27045e-01
1.19793e+05	2.18209e-01
1.25325e+05	2.09710e-01
1.31113e+05	2.01536e-01
1.37169e+05	1.93675e-01
1.43504e+05	1.86115e-01
1.50131e+05	1.78845e-01
1.57065e+05	1.71853e-01
1.64318e+05	1.65131e-01
1.71907e+05	1.58666e-01
1.79846e+05	1.52451e-01
1.88152e+05	1.46475e-01
1.96842e+05	1.40729e-01
2.05933e+05	1.35205e-01
2.15444e+05	1.29895e-01
2.25393e+05	1.24789e-01
2.35803e+05	1.19882e-01
2.46693e+05	1.15164e-01
2.58086e+05	1.10629e-01
2.70006e+05	1.06270e-01
2.82475e+05	1.02080e-01
2.95521e+05	9.80526e-02
3.09169e+05	9.41821e-02
3.23448e+05	9.04621e-02
3.38386e+05	8.68870e-02
3.54013e+05	8.34511e-02
3.70363e+05	8.01493e-02
3.87468e+05	7.69763e-02
4.05362e+05	7.39272e-02
4.24083e+05	7.09973e-02
4.43669e+05	6.81819e-02
4.64159e+05	6.54768e-02
4.85595e+05	6.28775e-02
5.08022e+05	6.03802e-02
5.31484e+05	5.79807e-02
5.56030e+05	5.56755e-02
5.81709e+05	5.34607e-02
6.08574e+05	5.13330e-02
6.36680e+05	4.92889e-02
6.66085e+05	4.73252e-02
6.96847e+05	4.54388e-02
7.29030e+05	4.36268e-02
7.62699e+05	4.18862e-02
7.97923e+05	4.02142e-02
8.34773e+05	3.86082e-02
8.73326e+05	3.70656e-02
9.13659e+05	3.55839e-02
9.55855e+05	3.41609e-02
1.00000e+06	3.27941e-02
