# C5H5 cross section
256
1.00000e+01	0.00000e+00
1.04618e+01	0.00000e+00
1.09450e+01	0.00000e+00
1.14505e+01	1.87347e-01
1.19793e+01	1.60516e+00
1.25325e+01	3.55825e+00
1.31113e+01	5.49929e+00
1.37169e+01	7.41787e+00
1.43504e+01	9.76028e+00
1.50131e+01	1.17362e+01
1.57065e+01	1.35104e+01
1.64318e+01	1.52135e+01
1.71907e+01	1.69355e+01
1.79846e+01	1.87290e+01
1.88152e+01	2.06154e+01
1.96842e+01	2.25927e+01
2.05933e+01	2.46419e+01
2.15444e+01	2.67339e+01
2.25393e+01	2.88343e+01
2.35803e+01	3.09082e+01
2.46693e+01	3.29227e+01
2.58086e+01	3.48489e+01
2.70006e+01	3.66636e+01
2.82475e+01	3.83491e+01
2.95521e+01	3.98931e+01
3.09169e+01	4.12887e+01
3.23448e+01	4.25331e+01
3.38385e+01	4.36272e+01
3.54013e+01	4.45748e+01
3.70363e+01	4.53815e+01
3.87467e+01	4.60548e+01
4.05362e+01	4.66026e+01
4.24083e+01	4.70337e+01
4.43669e+01	4.73567e+01
4.64159e+01	4.75802e+01
4.85595e+01	4.77126e+01
5.08022e+01	4.77618e+01
5.31484e+01	4.77352e+01
5.56030e+01	4.76395e+01
5.81709e+01	4.74812e+01
6.08575e+01	4.72661e+01
6.36681e+01	4.69995e+01
6.66085e+01	4.66861e+01
6.96847e+01	4.63305e+01
7.29030e+01	4.59367e+01
7.62699e+01	4.55082e+01
7.97923e+01	4.50484e+01
8.34773e+01	4.45604e+01
8.73326e+01	4.40469e+01
9.13659e+01	4.35106e+01
9.55855e+01	4.29536e+01
1.00000e+02	4.23783e+01
1.04618e+02	4.17865e+01
1.09450e+02	4.11802e+01
1.14505e+02	4.05611e+01
1.19793e+02	3.99306e+01
1.25325e+02	3.92904e+01
1.31113e+02	3.86419e+01
1.37169e+02	3.79862e+01
1.43504e+02	3.73246e+01
1.50131e+02	3.66583e+01
1.57065e+02	3.59884e+01
1.64318e+02	3.53158e+01
1.71907e+02	3.46414e+01
1.79846e+02	3.39663e+01
1.88152e+02	3.32912e+01
1.96842e+02	3.26168e+01
2.05933e+02	3.19441e+01
2.15444e+02	3.12735e+01
2.25393e+02	3.06059e+01
2.35803e+02	2.99419e+01
2.46693e+02	2.92819e+01
2.58086e+02	2.86266e+01
2.70005e+02	2.79765e+01
2.82475e+02	2.73320e+01
2.95521e+02	2.66937e+01
3.09169e+02	2.60618e+01
3.23448e+02	2.54369e+01
3.38385e+02	2.48192e+01
3.54013e+02	2.42092e+01
3.70363e+02	2.36070e+01
3.87467e+02	2.30130e+01
4.05362e+02	2.24274e+01
4.24083e+02	2.18504e+01
4.43669e+02	2.12824e+01
4.64159e+02	2.07234e+01
4.85595e+02	2.01735e+01
5.08022e+02	1.96331e+01
5.31484e+02	1.91021e+01
5.56030e+02	1.85807e+01
5.81709e+02	1.80690e+01
6.08574e+02	1.75670e+01
6.36681e+02	1.70747e+01
6.66085e+02	1.65923e+01
6.96847e+02	1.61198e+01
7.29029e+02	1.56570e+01
7.62699e+02	1.52042e+01
7.97923e+02	1.47611e+01
8.34773e+02	1.43278e+01
8.73326e+02	1.39042e+01
9.13659e+02	1.34904e+01
9.55855e+02	1.30861e+01
1.00000e+03	1.26914e+01
1.04618e+03	1.23062e+01
1.09450e+03	1.19304e+01
1.14505e+03	1.15638e+01
1.19793e+03	1.12063e+01
1.25325e+03	1.08580e+01
1.31113e+03	1.05185e+01
1.37169e+03	1.01879e+01
1.43504e+03	9.86598e+00
1.50131e+03	9.55260e+00
1.57065e+03	9.24764e+00
1.64318e+03	8.95096e+00
1.71907e+03	8.66241e+00
1.79846e+03	8.38185e+00
1.88152e+03	8.10913e+00
1.96842e+03	7.84411e+00
2.05933e+03	7.58664e+00
2.15443e+03	7.33655e+00
2.25393e+03	7.09371e+00
2.35803e+03	6.85795e+00
2.46693e+03	6.62913e+00
2.58086e+03	6.40709e+00
2.70005e+03	6.19168e+00
2.82475e+03	5.98275e+00
2.95521e+03	5.78015e+00
3.09169e+03	5.58371e+00
3.23448e+03	5.39331e+00
3.38386e+03	5.20879e+00
3.54013e+03	5.03000e+00
3.70363e+03	4.85679e+00
3.87468e+03	4.68903e+00
4.05362e+03	4.52657e+00
4.24083e+03	4.36927e+00
4.43669e+03	4.21700e+00
4.64159e+03	4.06962e+00
4.85595e+03	3.92699e+00
5.08022e+03	3.78899e+00
5.31484e+03	3.65549e+00
5.56030e+03	3.52636e+00
5.81709e+03	3.40147e+00
6.08574e+03	3.28071e+00
6.36681e+03	3.16395e+00
6.66085e+03	3.05108e+00
6.96847e+03	2.94198e+00
7.29030e+03	2.83655e+00
7.62699e+03	2.73467e+00
7.97923e+03	2.63623e+00
8.34773e+03	2.54113e+00
8.73326e+03	2.44928e+00
9.13659e+03	2.36056e+00
9.55855e+03	2.27488e+00
1.00000e+04	2.19216e+00
1.04618e+04	2.11228e+00
1.09450e+04	2.03518e+00
1.14505e+04	1.96075e+00
1.19793e+04	1.88891e+00
1.25325e+04	1.81958e+00
1.31113e+04	1.75268e+00
1.37169e+04	1.68813e+00
1.43504e+04	1.62586e+00
1.50131e+04	1.56578e+00
1.57065e+04	1.50783e+00
1.64318e+04	1.45193e+00
1.71907e+04	1.39803e+00
1.79847e+04	1.34605e+00
1.88152e+04	1.29592e+00
1.96842e+04	1.24760e+00
2.05933e+04	1.20100e+00
2.15443e+04	1.15609e+00
2.25393e+04	1.11279e+00
2.35803e+04	1.07106e+00
2.46693e+04	1.03084e+00
2.58086e+04	9.92075e-01
2.70005e+04	9.54724e-01
2.82475e+04	9.18733e-01
2.95521e+04	8.84055e-01
3.09169e+04	8.50646e-01
3.23448e+04	8.18461e-01
3.38386e+04	7.87456e-01
3.54013e+04	7.57591e-01
3.70363e+04	7.28826e-01
3.87468e+04	7.01122e-01
4.05362e+04	6.74441e-01
4.24083e+04	6.48748e-01
4.43669e+04	6.24007e-01
4.64159e+04	6.00184e-01
4.85595e+04	5.77247e-01
5.08022e+04	5.55164e-01
5.31484e+04	5.33904e-01
5.56030e+04	5.13438e-01
5.81709e+04	4.93738e-01
6.08574e+04	4.74775e-01
6.36681e+04	4.56523e-01
6.66085e+04	4.38956e-01
6.96847e+04	4.22050e-01
7.29029e+04	4.05780e-01
7.62699e+04	3.90123e-01
7.97923e+04	3.75057e-01
8.34773e+04	3.60560e-01
8.73326e+04	3.46612e-01
9.13659e+04	3.33192e-01
9.55855e+04	3.20281e-01
1.00000e+05	3.07859e-01
1.04618e+05	2.95910e-01
1.09450e+05	2.84416e-01
1.14505e+05	2.73359e-01
1.19793e+05	2.62724e-01
1.25325e+05	2.52495e-01
1.31113e+05	2.42656e-01
1.37169e+05	2.33194e-01
1.43504e+05	2.24094e-01
1.50131e+05	2.15343e-01
1.57065e+05	2.06927e-01
1.64318e+05	1.98835e-01
1.71907e+05	1.91054e-01
1.79846e+05	1.83572e-01
1.88152e+05	1.76378e-01
1.96842e+05	1.69461e-01
2.05933e+05	1.62811e-01
2.15444e+05	1.56418e-01
2.25393e+05	1.50272e-01
2.35803e+05	1.44364e-01
2.46693e+05	1.38684e-01
2.58086e+05	1.33224e-01
2.70006e+05	1.27976e-01
2.82475e+05	1.22932e-01
2.95521e+05	1.18083e-01
3.09169e+05	1.13423e-01
3.23448e+05	1.08944e-01
3.38386e+05	1.04640e-01
3.54013e+05	1.00503e-01
3.70363e+05	9.65276e-02
3.87468e+05	9.27072e-02
4.05362e+05	8.90359e-02
4.24083e+05	8.55080e-02
4.43669e+05	8.21180e-02
4.64159e+05	7.88607e-02
4.85595e+05	7.57309e-02
5.08022e+05	7.27237e-02
5.31484e+05	6.98344e-02
5.56030e+05	6.70585e-02
5.81709e+05	6.43915e-02
6.08574e+05	6.18293e-02
6.36680e+05	5.93678e-02
6.66085e+05	5.70031e-02
6.96847e+05	5.47314e-02
7.29030e+05	5.25493e-02
7.62699e+05	5.04531e-02
7.97923e+05	4.84395e-02
8.34773e+05	4.65055e-02
8.73326e+05	4.46477e-02
9.13659e+05	4.28634e-02
9.55855e+05	4.11495e-02
1.00000e+06	3.95035e-02
