# C5H6 cross section
256
1.00000e+01	0.00000e+00
1.04618e+01	0.00000e+00
1.09450e+01	0.00000e+00
1.14505e+01	1.87351e-01
1.19793e+01	1.60544e+00
1.25325e+01	3.55963e+00
1.31113e+01	5.50259e+00
1.37169e+01	7.46276e+00
1.43504e+01	9.98090e+00
1.50131e+01	1.20970e+01
1.57065e+01	1.39922e+01
1.64318e+01	1.58069e+01
1.71907e+01	1.76363e+01
1.79846e+01	1.95351e+01
1.88152e+01	2.15250e+01
1.96842e+01	2.36029e+01
2.05933e+01	2.57484e+01
2.15444e+01	2.79306e+01
2.25393e+01	3.01137e+01
2.35803e+01	3.22613e+01
2.46693e+01	3.43394e+01
2.58086e+01	3.63188e+01
2.70006e+01	3.81758e+01
2.82475e+01	3.98928e+01
2.95521e+01	4.14583e+01
3.09169e+01	4.28660e+01
3.23448e+01	4.41140e+01
3.38385e+01	4.52043e+01
3.54013e+01	4.61416e+01
3.70363e+01	4.69330e+01
3.87467e+01	4.75867e+01
4.05362e+01	4.81117e+01
4.24083e+01	4.85177e+01
4.43669e+01	4.88141e+01
4.64159e+01	4.90101e+01
4.85595e+01	4.91147e+01
5.08022e+01	4.91362e+01
5.31484e+01	4.90822e+01
5.56030e+01	4.89600e+01
5.81709e+01	4.87761e+01
6.08575e+01	4.85363e+01
6.36681e+01	4.82461e+01
6.66085e+01	4.79103e+01
6.96847e+01	4.75333e+01
7.29030e+01	4.71191e+01
7.62699e+01	4.66713e+01
7.97923e+01	4.61930e+01
8.34773e+01	4.56874e+01
8.73326e+01	4.51570e+01
9.13659e+01	4.46044e+01
9.55855e+01	4.40318e+01
1.00000e+02	4.34413e+01
1.04618e+02	4.28348e+01
1.09450e+02	4.22141e+01
1.14505e+02	4.15808e+01
1.19793e+02	4.09364e+01
1.25325e+02	4.02825e+01
1.31113e+02	3.96202e+01
1.37169e+02	3.89510e+01
1.43504e+02	3.82759e+01
1.50131e+02	3.75961e+01
1.57065e+02	3.69126e+01
1.64318e+02	3.62265e+01
1.71907e+02	3.55385e+01
1.79846e+02	3.48497e+01
1.88152e+02	3.41609e+01
1.96842e+02	3.34728e+01
2.05933e+02	3.27861e+01
2.15444e+02	3.21017e+01
2.25393e+02	3.14201e+01
2.35803e+02	3.07420e+01
2.46693e+02	3.00679e+01
2.58086e+02	2.93985e+01
2.70005e+02	2.87342e+01
2.82475e+02	2.80755e+01
2.95521e+02	2.74230e+01
3.09169e+02	2.67769e+01
3.23448e+02	2.61377e+01
3.38385e+02	2.55058e+01
3.54013e+02	2.48816e+01
3.70363e+02	2.42652e+01
3.87467e+02	2.36571e+01
4.05362e+02	2.30575e+01
4.24083e+02	2.24666e+01
4.43669e+02	2.18847e+01
4.64159e+02	2.13119e+01
4.85595e+02	2.07484e+01
5.08022e+02	2.01944e+01
5.31484e+02	1.96500e+01
5.56030e+02	1.91153e+01
5.81709e+02	1.85904e+01
6.08574e+02	1.80754e+01
6.36681e+02	1.75703e+01
6.66085e+02	1.70753e+01
6.96847e+02	1.65902e+01
7.29029e+02	1.61151e+01
7.62699e+02	1.56501e+01
7.97923e+02	1.51951e+01
8.34773e+02	1.47500e+01
8.73326e+02	1.43149e+01
9.13659e+02	1.38897e+01
9.55855e+02	1.34743e+01
1.00000e+03	1.30686e+01
1.04618e+03	1.26727e+01
1.09450e+03	1.22863e+01
1.14505e+03	1.19094e+01
1.19793e+03	1.15418e+01
1.25325e+03	1.11836e+01
1.31113e+03	1.08345e+01
1.37169e+03	1.04944e+01
1.43504e+03	1.01632e+01
1.50131e+03	9.84079e+00
1.57065e+03	9.52700e+00
1.64318e+03	9.22170e+00
1.71907e+03	8.92474e+00
1.79846e+03	8.63598e+00
1.88152e+03	8.35528e+00
1.96842e+03	8.08246e+00
2.05933e+03	7.81740e+00
2.15443e+03	7.55992e+00
2.25393e+03	7.30988e+00
2.35803e+03	7.06713e+00
2.46693e+03	6.83149e+00
2.58086e+03	6.60283e+00
2.70005e+03	6.38098e+00
2.82475e+03	6.16579e+00
2.95521e+03	5.95710e+00
3.09169e+03	5.75477e+00
3.23448e+03	5.55863e+00
3.38386e+03	5.36854e+00
3.54013e+03	5.18434e+00
3.70363e+03	5.00589e+00
3.87468e+03	4.83305e+00
4.05362e+03	4.66566e+00
4.24083e+03	4.50358e+00
4.43669e+03	4.34668e+00
4.64159e+03	4.19480e+00
4.85595e+03	4.04783e+00
5.08022e+03	3.90562e+00
5.31484e+03	3.76803e+00
5.56030e+03	3.63495e+00
5.81709e+03	3.50624e+00
6.08574e+03	3.38178e+00
6.36681e+03	3.26144e+00
6.66085e+03	3.14510e+00
6.96847e+03	3.03266e+00
7.29030e+03	2.92398e+00
7.62699e+03	2.81896e+00
7.97923e+03	2.71750e+00
8.34773e+03	2.61948e+00
8.73326e+03	2.52479e+00
9.13659e+03	2.43334e+00
9.55855e+03	2.34502e+00
1.00000e+04	2.25975e+00
1.04618e+04	2.17741e+00
1.09450e+04	2.09792e+00
1.14505e+04	2.02120e+00
1.19793e+04	1.94714e+00
1.25325e+04	1.87567e+00
1.31113e+04	1.80670e+00
1.37169e+04	1.74016e+00
1.43504e+04	1.67596e+00
1.50131e+04	1.61403e+00
1.57065e+04	1.55428e+00
1.64318e+04	1.49666e+00
1.71907e+04	1.44109e+00
1.79847e+04	1.38750e+00
1.88152e+04	1.33583e+00
1.96842e+04	1.28600e+00
2.05933e+04	1.23797e+00
2.15443e+04	1.19166e+00
2.25393e+04	1.14703e+00
2.35803e+04	1.10401e+00
2.46693e+04	1.06254e+00
2.58086e+04	1.02258e+00
2.70005e+04	9.84077e-01
2.82475e+04	9.46974e-01
2.95521e+04	9.11224e-01
3.09169e+04	8.76783e-01
3.23448e+04	8.43602e-01
3.38386e+04	8.11640e-01
3.54013e+04	7.80853e-01
3.70363e+04	7.51199e-01
3.87468e+04	7.22639e-01
4.05362e+04	6.95135e-01
4.24083e+04	6.68648e-01
4.43669e+04	6.43144e-01
4.64159e+04	6.18586e-01
4.85595e+04	5.94941e-01
5.08022e+04	5.72177e-01
5.31484e+04	5.50261e-01
5.56030e+04	5.29165e-01
5.81709e+04	5.08857e-01
6.08574e+04	4.89309e-01
6.36681e+04	4.70495e-01
6.66085e+04	4.52387e-01
6.96847e+04	4.34960e-01
7.29029e+04	4.18189e-01
7.62699e+04	4.02050e-01
7.97923e+04	3.86521e-01
8.34773e+04	3.71578e-01
8.73326e+04	3.57201e-01
9.13659e+04	3.43368e-01
9.55855e+04	3.30060e-01
1.00000e+05	3.17257e-01
1.04618e+05	3.04941e-01
1.09450e+05	2.93093e-01
1.14505e+05	2.81697e-01
1.19793e+05	2.70735e-01
1.25325e+05	2.60192e-01
1.31113e+05	2.50052e-01
1.37169e+05	2.40299e-01
1.43504e+05	2.30920e-01
1.50131e+05	2.21901e-01
1.57065e+05	2.13227e-01
1.64318e+05	2.04887e-01
1.71907e+05	1.96867e-01
1.79846e+05	1.89156e-01
1.88152e+05	1.81742e-01
1.96842e+05	1.74614e-01
2.05933e+05	1.67760e-01
2.15444e+05	1.61172e-01
2.25393e+05	1.54838e-01
2.35803e+05	1.48749e-01
2.46693e+05	1.42895e-01
2.58086e+05	1.37269e-01
2.70006e+05	1.31860e-01
2.82475e+05	1.26662e-01
2.95521e+05	1.21666e-01
3.09169e+05	1.16863e-01
3.23448e+05	1.12248e-01
3.38386e+05	1.07812e-01
3.54013e+05	1.03549e-01
3.70363e+05	9.94523e-02
3.87468e+05	9.55154e-02
4.05362e+05	9.17323e-02
4.24083e+05	8.80969e-02
4.43669e+05	8.46037e-02
4.64159e+05	8.12472e-02
4.85595e+05	7.80222e-02
5.08022e+05	7.49235e-02
5.31484e+05	7.19463e-02
5.56030e+05	6.90859e-02
5.81709e+05	6.63379e-02
6.08574e+05	6.36978e-02
6.36680e+05	6.11615e-02
6.66085e+05	5.87249e-02
6.96847e+05	5.63843e-02
7.29030e+05	5.41359e-02
7.62699e+05	5.19761e-02
7.97923e+05	4.99014e-02
8.34773e+05	4.79087e-02
8.73326e+05	4.59946e-02
9.13659e+05	4.41561e-02
9.55855e+05	4.23903e-02
1.00000e+06	4.06944e-02
