# C5H9 cross section
256
1.00000e+01	0.00000e+00
1.04618e+01	0.00000e+00
1.09450e+01	0.00000e+00
1.14505e+01	1.87357e-01
1.19793e+01	1.60586e+00
1.25325e+01	3.56168e+00
1.31113e+01	5.50749e+00
1.37169e+01	7.58835e+00
1.43504e+01	1.06246e+01
1.50131e+01	1.31486e+01
1.57065e+01	1.53917e+01
1.64318e+01	1.75248e+01
1.71907e+01	1.96590e+01
1.79846e+01	2.18549e+01
1.88152e+01	2.41342e+01
1.96842e+01	2.64901e+01
2.05933e+01	2.88971e+01
2.15444e+01	3.13189e+01
2.25393e+01	3.37145e+01
2.35803e+01	3.60434e+01
2.46693e+01	3.82689e+01
2.58086e+01	4.03602e+01
2.70006e+01	4.22937e+01
2.82475e+01	4.40533e+01
2.95521e+01	4.56294e+01
3.09169e+01	4.70191e+01
3.23448e+01	4.82242e+01
3.38385e+01	4.92506e+01
3.54013e+01	5.01073e+01
3.70363e+01	5.08051e+01
3.87467e+01	5.13561e+01
4.05362e+01	5.17727e+01
4.24083e+01	5.20675e+01
4.43669e+01	5.22525e+01
4.64159e+01	5.23390e+01
4.85595e+01	5.23376e+01
5.08022e+01	5.22580e+01
5.31484e+01	5.21087e+01
5.56030e+01	5.18975e+01
5.81709e+01	5.16313e+01
6.08575e+01	5.13160e+01
6.36681e+01	5.09571e+01
6.66085e+01	5.05591e+01
6.96847e+01	5.01261e+01
7.29030e+01	4.96617e+01
7.62699e+01	4.91690e+01
7.97923e+01	4.86508e+01
8.34773e+01	4.81095e+01
8.73326e+01	4.75474e+01
9.13659e+01	4.69665e+01
9.55855e+01	4.63684e+01
1.00000e+02	4.57549e+01
1.04618e+02	4.51275e+01
1.09450e+02	4.44875e+01
1.14505e+02	4.38362e+01
1.19793e+02	4.31748e+01
1.25325e+02	4.25046e+01
1.31113e+02	4.18265e+01
1.37169e+02	4.11416e+01
1.43504e+02	4.04510e+01
1.50131e+02	3.97554e+01
1.57065e+02	3.90559e+01
1.64318e+02	3.83533e+01
1.71907e+02	3.76484e+01
1.79846e+02	3.69420e+01
1.88152e+02	3.62350e+01
1.96842e+02	3.55279e+01
2.05933e+02	3.48216e+01
2.15444e+02	3.41168e+01
2.25393e+02	3.34140e+01
2.35803e+02	3.27139e+01
2.46693e+02	3.20171e+01
2.58086e+02	3.13241e+01
2.70005e+02	3.06356e+01
2.82475e+02	2.99520e+01
2.95521e+02	2.92738e+01
3.09169e+02	2.86015e+01
3.23448e+02	2.79355e+01
3.38385e+02	2.72762e+01
3.54013e+02	2.66240e+01
3.70363e+02	2.59792e+01
3.87467e+02	2.53423e+01
4.05362e+02	2.47135e+01
4.24083e+02	2.40931e+01
4.43669e+02	2.34813e+01
4.64159e+02	2.28785e+01
4.85595e+02	2.22848e+01
5.08022e+02	2.17004e+01
5.31484e+02	2.11255e+01
5.56030e+02	2.05602e+01
5.81709e+02	2.00048e+01
6.08574e+02	1.94592e+01
6.36681e+02	1.89237e+01
6.66085e+02	1.83982e+01
6.96847e+02	1.78828e+01
7.29029e+02	1.73777e+01
7.62699e+02	1.68828e+01
7.97923e+02	1.63981e+01
8.34773e+02	1.59236e+01
8.73326e+02	1.54593e+01
9.13659e+02	1.50053e+01
9.55855e+02	1.45614e+01
1.00000e+03	1.41276e+01
1.04618e+03	1.37038e+01
1.09450e+03	1.32900e+01
1.14505e+03	1.28861e+01
1.19793e+03	1.24919e+01
1.25325e+03	1.21075e+01
1.31113e+03	1.17327e+01
1.37169e+03	1.13673e+01
1.43504e+03	1.10113e+01
1.50131e+03	1.06645e+01
1.57065e+03	1.03269e+01
1.64318e+03	9.99817e+00
1.71907e+03	9.67829e+00
1.79846e+03	9.36709e+00
1.88152e+03	9.06442e+00
1.96842e+03	8.77014e+00
2.05933e+03	8.48409e+00
2.15443e+03	8.20612e+00
2.25393e+03	7.93607e+00
2.35803e+03	7.67378e+00
2.46693e+03	7.41909e+00
2.58086e+03	7.17185e+00
2.70005e+03	6.93189e+00
2.82475e+03	6.69906e+00
2.95521e+03	6.47319e+00
3.09169e+03	6.25413e+00
3.23448e+03	6.04171e+00
3.38386e+03	5.83579e+00
3.54013e+03	5.63620e+00
3.70363e+03	5.44278e+00
3.87468e+03	5.25540e+00
4.05362e+03	5.07388e+00
4.24083e+03	4.89808e+00
4.43669e+03	4.72785e+00
4.64159e+03	4.56305e+00
4.85595e+03	4.40353e+00
5.08022e+03	4.24915e+00
5.31484e+03	4.09977e+00
5.56030e+03	3.95525e+00
5.81709e+03	3.81544e+00
6.08574e+03	3.68024e+00
6.36681e+03	3.54949e+00
6.66085e+03	3.42307e+00
6.96847e+03	3.30086e+00
7.29030e+03	3.18274e+00
7.62699e+03	3.06857e+00
7.97923e+03	2.95825e+00
8.34773e+03	2.85167e+00
8.73326e+03	2.74869e+00
9.13659e+03	2.64923e+00
9.55855e+03	2.55316e+00
1.00000e+04	2.46040e+00
1.04618e+04	2.37082e+00
1.09450e+04	2.28433e+00
1.14505e+04	2.20085e+00
1.19793e+04	2.12026e+00
1.25325e+04	2.04248e+00
1.31113e+04	1.96742e+00
1.37169e+04	1.89499e+00
1.43504e+04	1.82510e+00
1.50131e+04	1.75768e+00
1.57065e+04	1.69265e+00
1.64318e+04	1.62991e+00
1.71907e+04	1.56941e+00
1.79847e+04	1.51106e+00
1.88152e+04	1.45480e+00
1.96842e+04	1.40054e+00
2.05933e+04	1.34824e+00
2.15443e+04	1.29781e+00
2.25393e+04	1.24920e+00
2.35803e+04	1.20235e+00
2.46693e+04	1.15719e+00
2.58086e+04	1.11367e+00
2.70005e+04	1.07174e+00
2.82475e+04	1.03132e+00
2.95521e+04	9.92387e-01
3.09169e+04	9.54873e-01
3.23448e+04	9.18733e-01
3.38386e+04	8.83919e-01
3.54013e+04	8.50384e-01
3.70363e+04	8.18084e-01
3.87468e+04	7.86975e-01
4.05362e+04	7.57015e-01
4.24083e+04	7.28164e-01
4.43669e+04	7.00383e-01
4.64159e+04	6.73632e-01
4.85595e+04	6.47876e-01
5.08022e+04	6.23080e-01
5.31484e+04	5.99207e-01
5.56030e+04	5.76227e-01
5.81709e+04	5.54106e-01
6.08574e+04	5.32813e-01
6.36681e+04	5.12319e-01
6.66085e+04	4.92595e-01
6.96847e+04	4.73612e-01
7.29029e+04	4.55344e-01
7.62699e+04	4.37765e-01
7.97923e+04	4.20850e-01
8.34773e+04	4.04574e-01
8.73326e+04	3.88914e-01
9.13659e+04	3.73847e-01
9.55855e+04	3.59352e-01
1.00000e+05	3.45407e-01
1.04618e+05	3.31993e-01
1.09450e+05	3.19089e-01
1.14505e+05	3.06677e-01
1.19793e+05	2.94738e-01
1.25325e+05	2.83255e-01
1.31113e+05	2.72212e-01
1.37169e+05	2.61591e-01
1.43504e+05	2.51376e-01
1.50131e+05	2.41554e-01
1.57065e+05	2.32108e-01
1.64318e+05	2.23025e-01
1.71907e+05	2.14292e-01
1.79846e+05	2.05895e-01
1.88152e+05	1.97821e-01
1.96842e+05	1.90059e-01
2.05933e+05	1.82596e-01
2.15444e+05	1.75421e-01
2.25393e+05	1.68524e-01
2.35803e+05	1.61894e-01
2.46693e+05	1.55521e-01
2.58086e+05	1.49395e-01
2.70006e+05	1.43506e-01
2.82475e+05	1.37846e-01
2.95521e+05	1.32406e-01
3.09169e+05	1.27177e-01
3.23448e+05	1.22152e-01
3.38386e+05	1.17323e-01
3.54013e+05	1.12682e-01
3.70363e+05	1.08222e-01
3.87468e+05	1.03936e-01
4.05362e+05	9.98179e-02
4.24083e+05	9.58604e-02
4.43669e+05	9.20578e-02
4.64159e+05	8.84041e-02
4.85595e+05	8.48935e-02
5.08022e+05	8.15205e-02
5.31484e+05	7.82798e-02
5.56030e+05	7.51663e-02
5.81709e+05	7.21752e-02
6.08574e+05	6.93016e-02
6.36680e+05	6.65410e-02
6.66085e+05	6.38891e-02
6.96847e+05	6.13416e-02
7.29030e+05	5.88946e-02
7.62699e+05	5.65440e-02
7.97923e+05	5.42861e-02
8.34773e+05	5.21174e-02
8.73326e+05	5.00343e-02
9.13659e+05	4.80336e-02
9.55855e+05	4.61120e-02
1.00000e+06	4.42664e-02
