# C6H10 cross section
256
1.00000e+01	0.00000e+00
1.04618e+01	0.00000e+00
1.09450e+01	0.00000e+00
1.14505e+01	2.24818e-01
1.19793e+01	1.92632e+00
1.25325e+01	4.27054e+00
1.31113e+01	6.60066e+00
1.37169e+01	9.06007e+00
1.43504e+01	1.25558e+01
1.50131e+01	1.54631e+01
1.57065e+01	1.80476e+01
1.64318e+01	2.05065e+01
1.71907e+01	2.29690e+01
1.79846e+01	2.55057e+01
1.88152e+01	2.81419e+01
1.96842e+01	3.08700e+01
2.05933e+01	3.36604e+01
2.15444e+01	3.64705e+01
2.25393e+01	3.92524e+01
2.35803e+01	4.19589e+01
2.46693e+01	4.45468e+01
2.58086e+01	4.69802e+01
2.70006e+01	4.92315e+01
2.82475e+01	5.12816e+01
2.95521e+01	5.31195e+01
3.09169e+01	5.47415e+01
3.23448e+01	5.61497e+01
3.38385e+01	5.73509e+01
3.54013e+01	5.83553e+01
3.70363e+01	5.91755e+01
3.87467e+01	5.98253e+01
4.05362e+01	6.03193e+01
4.24083e+01	6.06718e+01
4.43669e+01	6.08967e+01
4.64159e+01	6.10073e+01
4.85595e+01	6.10155e+01
5.08022e+01	6.09327e+01
5.31484e+01	6.07687e+01
5.56030e+01	6.05325e+01
5.81709e+01	6.02320e+01
6.08575e+01	5.98743e+01
6.36681e+01	5.94653e+01
6.66085e+01	5.90106e+01
6.96847e+01	5.85149e+01
7.29030e+01	5.79822e+01
7.62699e+01	5.74162e+01
7.97923e+01	5.68202e+01
8.34773e+01	5.61970e+01
8.73326e+01	5.55492e+01
9.13659e+01	5.48790e+01
9.55855e+01	5.41885e+01
1.00000e+02	5.34797e+01
1.04618e+02	5.27542e+01
1.09450e+02	5.20138e+01
1.14505e+02	5.12599e+01
1.19793e+02	5.04939e+01
1.25325e+02	4.97171e+01
1.31113e+02	4.89310e+01
1.37169e+02	4.81365e+01
1.43504e+02	4.73350e+01
1.50131e+02	4.65275e+01
1.57065e+02	4.57150e+01
1.64318e+02	4.48986e+01
1.71907e+02	4.40792e+01
1.79846e+02	4.32578e+01
1.88152e+02	4.24354e+01
1.96842e+02	4.16126e+01
2.05933e+02	4.07905e+01
2.15444e+02	3.99697e+01
2.25393e+02	3.91512e+01
2.35803e+02	3.83355e+01
2.46693e+02	3.75234e+01
2.58086e+02	3.67156e+01
2.70005e+02	3.59126e+01
2.82475e+02	3.51152e+01
2.95521e+02	3.43240e+01
3.09169e+02	3.35393e+01
3.23448e+02	3.27618e+01
3.38385e+02	3.19920e+01
3.54013e+02	3.12303e+01
3.70363e+02	3.04771e+01
3.87467e+02	2.97329e+01
4.05362e+02	2.89980e+01
4.24083e+02	2.82728e+01
4.43669e+02	2.75575e+01
4.64159e+02	2.68525e+01
4.85595e+02	2.61581e+01
5.08022e+02	2.54744e+01
5.31484e+02	2.48017e+01
5.56030e+02	2.41401e+01
5.81709e+02	2.34899e+01
6.08574e+02	2.28512e+01
6.36681e+02	2.22241e+01
6.66085e+02	2.16087e+01
6.96847e+02	2.10050e+01
7.29029e+02	2.04132e+01
7.62699e+02	1.98333e+01
7.97923e+02	1.92653e+01
8.34773e+02	1.87092e+01
8.73326e+02	1.81650e+01
9.13659e+02	1.76327e+01
9.55855e+02	1.71121e+01
1.00000e+03	1.66034e+01
1.04618e+03	1.61064e+01
1.09450e+03	1.56210e+01
1.14505e+03	1.51472e+01
1.19793e+03	1.46847e+01
1.25325e+03	1.42337e+01
1.31113e+03	1.37938e+01
1.37169e+03	1.33650e+01
1.43504e+03	1.29471e+01
1.50131e+03	1.25400e+01
1.57065e+03	1.21436e+01
1.64318e+03	1.17576e+01
1.71907e+03	1.13820e+01
1.79846e+03	1.10166e+01
1.88152e+03	1.06611e+01
1.96842e+03	1.03154e+01
2.05933e+03	9.97942e+00
2.15443e+03	9.65287e+00
2.25393e+03	9.33560e+00
2.35803e+03	9.02742e+00
2.46693e+03	8.72816e+00
2.58086e+03	8.43762e+00
2.70005e+03	8.15562e+00
2.82475e+03	7.88198e+00
2.95521e+03	7.61650e+00
3.09169e+03	7.35901e+00
3.23448e+03	7.10932e+00
3.38386e+03	6.86723e+00
3.54013e+03	6.63258e+00
3.70363e+03	6.40518e+00
3.87468e+03	6.18485e+00
4.05362e+03	5.97141e+00
4.24083e+03	5.76469e+00
4.43669e+03	5.56451e+00
4.64159e+03	5.37070e+00
4.85595e+03	5.18309e+00
5.08022e+03	5.00151e+00
5.31484e+03	4.82580e+00
5.56030e+03	4.65580e+00
5.81709e+03	4.49136e+00
6.08574e+03	4.33230e+00
6.36681e+03	4.17849e+00
6.66085e+03	4.02976e+00
6.96847e+03	3.88598e+00
7.29030e+03	3.74700e+00
7.62699e+03	3.61267e+00
7.97923e+03	3.48287e+00
8.34773e+03	3.35745e+00
8.73326e+03	3.23628e+00
9.13659e+03	3.11923e+00
9.55855e+03	3.00618e+00
1.00000e+04	2.89701e+00
1.04618e+04	2.79159e+00
1.09450e+04	2.68980e+00
1.14505e+04	2.59154e+00
1.19793e+04	2.49669e+00
1.25325e+04	2.40514e+00
1.31113e+04	2.31679e+00
1.37169e+04	2.23154e+00
1.43504e+04	2.14927e+00
1.50131e+04	2.06991e+00
1.57065e+04	1.99335e+00
1.64318e+04	1.91950e+00
1.71907e+04	1.84828e+00
1.79847e+04	1.77958e+00
1.88152e+04	1.71334e+00
1.96842e+04	1.64947e+00
2.05933e+04	1.58789e+00
2.15443e+04	1.52852e+00
2.25393e+04	1.47129e+00
2.35803e+04	1.41613e+00
2.46693e+04	1.36296e+00
2.58086e+04	1.31172e+00
2.70005e+04	1.26233e+00
2.82475e+04	1.21475e+00
2.95521e+04	1.16890e+00
3.09169e+04	1.12473e+00
3.23448e+04	1.08217e+00
3.38386e+04	1.04117e+00
3.54013e+04	1.00168e+00
3.70363e+04	9.63648e-01
3.87468e+04	9.27013e-01
4.05362e+04	8.91731e-01
4.24083e+04	8.57754e-01
4.43669e+04	8.25036e-01
4.64159e+04	7.93532e-01
4.85595e+04	7.63199e-01
5.08022e+04	7.33995e-01
5.31484e+04	7.05880e-01
5.56030e+04	6.78814e-01
5.81709e+04	6.52761e-01
6.08574e+04	6.27683e-01
6.36681e+04	6.03545e-01
6.66085e+04	5.80313e-01
6.96847e+04	5.57955e-01
7.29029e+04	5.36438e-01
7.62699e+04	5.15732e-01
7.97923e+04	4.95808e-01
8.34773e+04	4.76637e-01
8.73326e+04	4.58191e-01
9.13659e+04	4.40443e-01
9.55855e+04	4.23369e-01
1.00000e+05	4.06943e-01
1.04618e+05	3.91142e-01
1.09450e+05	3.75941e-01
1.14505e+05	3.61320e-01
1.19793e+05	3.47257e-01
1.25325e+05	3.33730e-01
1.31113e+05	3.20721e-01
1.37169e+05	3.08209e-01
1.43504e+05	2.96176e-01
1.50131e+05	2.84605e-01
1.57065e+05	2.73477e-01
1.64318e+05	2.62777e-01
1.71907e+05	2.52489e-01
1.79846e+05	2.42596e-01
1.88152e+05	2.33085e-01
1.96842e+05	2.23940e-01
2.05933e+05	2.15148e-01
2.15444e+05	2.06696e-01
2.25393e+05	1.98570e-01
2.35803e+05	1.90759e-01
2.46693e+05	1.83250e-01
2.58086e+05	1.76033e-01
2.70006e+05	1.69095e-01
2.82475e+05	1.62427e-01
2.95521e+05	1.56017e-01
3.09169e+05	1.49857e-01
3.23448e+05	1.43937e-01
3.38386e+05	1.38247e-01
3.54013e+05	1.32779e-01
3.70363e+05	1.27524e-01
3.87468e+05	1.22475e-01
4.05362e+05	1.17622e-01
4.24083e+05	1.12959e-01
4.43669e+05	1.08479e-01
4.64159e+05	1.04174e-01
4.85595e+05	1.00038e-01
5.08022e+05	9.60632e-02
5.31484e+05	9.22448e-02
5.56030e+05	8.85763e-02
5.81709e+05	8.50519e-02
6.08574e+05	8.16660e-02
6.36680e+05	7.84133e-02
6.66085e+05	7.52885e-02
6.96847e+05	7.22868e-02
7.29030e+05	6.94034e-02
7.62699e+05	6.66336e-02
7.97923e+05	6.39731e-02
8.34773e+05	6.14176e-02
8.73326e+05	5.89631e-02
9.13659e+05	5.66056e-02
9.55855e+05	5.43412e-02
1.00000e+06	5.21665e-02
