# C6H11 cross section
256
1.00000e+01	0.00000e+00
1.04618e+01	0.00000e+00
1.09450e+01	0.00000e+00
1.14505e+01	2.24823e-01
1.19793e+01	1.92667e+00
1.25325e+01	4.27226e+00
1.31113e+01	6.60478e+00
1.37169e+01	9.10615e+00
1.43504e+01	1.27753e+01
1.50131e+01	1.58185e+01
1.57065e+01	1.85184e+01
1.64318e+01	2.10829e+01
1.71907e+01	2.36464e+01
1.79846e+01	2.62817e+01
1.88152e+01	2.90142e+01
1.96842e+01	3.18351e+01
2.05933e+01	3.47130e+01
2.15444e+01	3.76034e+01
2.25393e+01	4.04569e+01
2.35803e+01	4.32246e+01
2.46693e+01	4.58624e+01
2.58086e+01	4.83340e+01
2.70006e+01	5.06115e+01
2.82475e+01	5.26764e+01
2.95521e+01	5.45183e+01
3.09169e+01	5.61346e+01
3.23448e+01	5.75285e+01
3.38385e+01	5.87083e+01
3.54013e+01	5.96855e+01
3.70363e+01	6.04741e+01
3.87467e+01	6.10892e+01
4.05362e+01	6.15463e+01
4.24083e+01	6.18610e+01
4.43669e+01	6.20480e+01
4.64159e+01	6.21211e+01
4.85595e+01	6.20932e+01
5.08022e+01	6.19758e+01
5.31484e+01	6.17791e+01
5.56030e+01	6.15124e+01
5.81709e+01	6.11838e+01
6.08575e+01	6.08001e+01
6.36681e+01	6.03676e+01
6.66085e+01	5.98916e+01
6.96847e+01	5.93766e+01
7.29030e+01	5.88267e+01
7.62699e+01	5.82454e+01
7.97923e+01	5.76357e+01
8.34773e+01	5.70004e+01
8.73326e+01	5.63417e+01
9.13659e+01	5.56618e+01
9.55855e+01	5.49627e+01
1.00000e+02	5.42461e+01
1.04618e+02	5.35136e+01
1.09450e+02	5.27667e+01
1.14505e+02	5.20068e+01
1.19793e+02	5.12352e+01
1.25325e+02	5.04531e+01
1.31113e+02	4.96617e+01
1.37169e+02	4.88621e+01
1.43504e+02	4.80555e+01
1.50131e+02	4.72428e+01
1.57065e+02	4.64251e+01
1.64318e+02	4.56033e+01
1.71907e+02	4.47784e+01
1.79846e+02	4.39513e+01
1.88152e+02	4.31229e+01
1.96842e+02	4.22940e+01
2.05933e+02	4.14655e+01
2.15444e+02	4.06381e+01
2.25393e+02	3.98126e+01
2.35803e+02	3.89897e+01
2.46693e+02	3.81701e+01
2.58086e+02	3.73546e+01
2.70005e+02	3.65438e+01
2.82475e+02	3.57382e+01
2.95521e+02	3.49385e+01
3.09169e+02	3.41452e+01
3.23448e+02	3.33589e+01
3.38385e+02	3.25800e+01
3.54013e+02	3.18091e+01
3.70363e+02	3.10466e+01
3.87467e+02	3.02929e+01
4.05362e+02	2.95483e+01
4.24083e+02	2.88134e+01
4.43669e+02	2.80882e+01
4.64159e+02	2.73733e+01
4.85595e+02	2.66689e+01
5.08022e+02	2.59751e+01
5.31484e+02	2.52923e+01
5.56030e+02	2.46207e+01
5.81709e+02	2.39603e+01
6.08574e+02	2.33115e+01
6.36681e+02	2.26743e+01
6.66085e+02	2.20488e+01
6.96847e+02	2.14351e+01
7.29029e+02	2.08333e+01
7.62699e+02	2.02435e+01
7.97923e+02	1.96656e+01
8.34773e+02	1.90998e+01
8.73326e+02	1.85459e+01
9.13659e+02	1.80040e+01
9.55855e+02	1.74740e+01
1.00000e+03	1.69559e+01
1.04618e+03	1.64497e+01
1.09450e+03	1.59552e+01
1.14505e+03	1.54723e+01
1.19793e+03	1.50011e+01
1.25325e+03	1.45413e+01
1.31113e+03	1.40929e+01
1.37169e+03	1.36556e+01
1.43504e+03	1.32295e+01
1.50131e+03	1.28143e+01
1.57065e+03	1.24100e+01
1.64318e+03	1.20162e+01
1.71907e+03	1.16330e+01
1.79846e+03	1.12601e+01
1.88152e+03	1.08973e+01
1.96842e+03	1.05445e+01
2.05933e+03	1.02015e+01
2.15443e+03	9.86812e+00
2.25393e+03	9.54419e+00
2.35803e+03	9.22951e+00
2.46693e+03	8.92390e+00
2.58086e+03	8.62718e+00
2.70005e+03	8.33916e+00
2.82475e+03	8.05964e+00
2.95521e+03	7.78844e+00
3.09169e+03	7.52538e+00
3.23448e+03	7.27027e+00
3.38386e+03	7.02291e+00
3.54013e+03	6.78313e+00
3.70363e+03	6.55075e+00
3.87468e+03	6.32557e+00
4.05362e+03	6.10743e+00
4.24083e+03	5.89614e+00
4.43669e+03	5.69152e+00
4.64159e+03	5.49340e+00
4.85595e+03	5.30161e+00
5.08022e+03	5.11598e+00
5.31484e+03	4.93635e+00
5.56030e+03	4.76254e+00
5.81709e+03	4.59439e+00
6.08574e+03	4.43176e+00
6.36681e+03	4.27448e+00
6.66085e+03	4.12239e+00
6.96847e+03	3.97536e+00
7.29030e+03	3.83323e+00
7.62699e+03	3.69586e+00
7.97923e+03	3.56310e+00
8.34773e+03	3.43483e+00
8.73326e+03	3.31090e+00
9.13659e+03	3.19118e+00
9.55855e+03	3.07555e+00
1.00000e+04	2.96388e+00
1.04618e+04	2.85604e+00
1.09450e+04	2.75193e+00
1.14505e+04	2.65141e+00
1.19793e+04	2.55439e+00
1.25325e+04	2.46074e+00
1.31113e+04	2.37035e+00
1.37169e+04	2.28314e+00
1.43504e+04	2.19898e+00
1.50131e+04	2.11779e+00
1.57065e+04	2.03947e+00
1.64318e+04	1.96391e+00
1.71907e+04	1.89104e+00
1.79847e+04	1.82077e+00
1.88152e+04	1.75300e+00
1.96842e+04	1.68765e+00
2.05933e+04	1.62464e+00
2.15443e+04	1.56390e+00
2.25393e+04	1.50535e+00
2.35803e+04	1.44891e+00
2.46693e+04	1.39451e+00
2.58086e+04	1.34208e+00
2.70005e+04	1.29155e+00
2.82475e+04	1.24287e+00
2.95521e+04	1.19595e+00
3.09169e+04	1.15076e+00
3.23448e+04	1.10721e+00
3.38386e+04	1.06527e+00
3.54013e+04	1.02486e+00
3.70363e+04	9.85941e-01
3.87468e+04	9.48457e-01
4.05362e+04	9.12357e-01
4.24083e+04	8.77592e-01
4.43669e+04	8.44115e-01
4.64159e+04	8.11880e-01
4.85595e+04	7.80844e-01
5.08022e+04	7.50962e-01
5.31484e+04	7.22195e-01
5.56030e+04	6.94501e-01
5.81709e+04	6.67843e-01
6.08574e+04	6.42183e-01
6.36681e+04	6.17486e-01
6.66085e+04	5.93715e-01
6.96847e+04	5.70838e-01
7.29029e+04	5.48822e-01
7.62699e+04	5.27637e-01
7.97923e+04	5.07251e-01
8.34773e+04	4.87635e-01
8.73326e+04	4.68761e-01
9.13659e+04	4.50603e-01
9.55855e+04	4.33133e-01
1.00000e+05	4.16326e-01
1.04618e+05	4.00159e-01
1.09450e+05	3.84607e-01
1.14505e+05	3.69647e-01
1.19793e+05	3.55258e-01
1.25325e+05	3.41418e-01
1.31113e+05	3.28107e-01
1.37169e+05	3.15306e-01
1.43504e+05	3.02994e-01
1.50131e+05	2.91155e-01
1.57065e+05	2.79771e-01
1.64318e+05	2.68823e-01
1.71907e+05	2.58297e-01
1.79846e+05	2.48175e-01
1.88152e+05	2.38444e-01
1.96842e+05	2.29088e-01
2.05933e+05	2.20093e-01
2.15444e+05	2.11446e-01
2.25393e+05	2.03132e-01
2.35803e+05	1.95141e-01
2.46693e+05	1.87459e-01
2.58086e+05	1.80074e-01
2.70006e+05	1.72977e-01
2.82475e+05	1.66155e-01
2.95521e+05	1.59597e-01
3.09169e+05	1.53295e-01
3.23448e+05	1.47238e-01
3.38386e+05	1.41417e-01
3.54013e+05	1.35823e-01
3.70363e+05	1.30447e-01
3.87468e+05	1.25281e-01
4.05362e+05	1.20317e-01
4.24083e+05	1.15547e-01
4.43669e+05	1.10964e-01
4.64159e+05	1.06559e-01
4.85595e+05	1.02328e-01
5.08022e+05	9.82622e-02
5.31484e+05	9.43560e-02
5.56030e+05	9.06031e-02
5.81709e+05	8.69977e-02
6.08574e+05	8.35339e-02
6.36680e+05	8.02064e-02
6.66085e+05	7.70099e-02
6.96847e+05	7.39392e-02
7.29030e+05	7.09896e-02
7.62699e+05	6.81562e-02
7.97923e+05	6.54347e-02
8.34773e+05	6.28205e-02
8.73326e+05	6.03097e-02
9.13659e+05	5.78980e-02
9.55855e+05	5.55818e-02
1.00000e+06	5.33572e-02
