# C6H14 cross section
256
1.00000e+01	0.00000e+00
1.04618e+01	0.00000e+00
1.09450e+01	0.00000e+00
1.14505e+01	2.24831e-01
1.19793e+01	1.92725e+00
1.25325e+01	4.27514e+00
1.31113e+01	6.61169e+00
1.37169e+01	9.23536e+00
1.43504e+01	1.34249e+01
1.50131e+01	1.68787e+01
1.57065e+01	1.99293e+01
1.64318e+01	2.28149e+01
1.71907e+01	2.56856e+01
1.79846e+01	2.86204e+01
1.88152e+01	3.16448e+01
1.96842e+01	3.47467e+01
2.05933e+01	3.78900e+01
2.15444e+01	4.10253e+01
2.25393e+01	4.40982e+01
2.35803e+01	4.70559e+01
2.46693e+01	4.98518e+01
2.58086e+01	5.24479e+01
2.70006e+01	5.48165e+01
2.82475e+01	5.69399e+01
2.95521e+01	5.88099e+01
3.09169e+01	6.04265e+01
3.23448e+01	6.17965e+01
3.38385e+01	6.29316e+01
3.54013e+01	6.38470e+01
3.70363e+01	6.45605e+01
3.87467e+01	6.50904e+01
4.05362e+01	6.54557e+01
4.24083e+01	6.56744e+01
4.43669e+01	6.57637e+01
4.64159e+01	6.57396e+01
4.85595e+01	6.56163e+01
5.08022e+01	6.54068e+01
5.31484e+01	6.51222e+01
5.56030e+01	6.47723e+01
5.81709e+01	6.43656e+01
6.08575e+01	6.39093e+01
6.36681e+01	6.34095e+01
6.66085e+01	6.28714e+01
6.96847e+01	6.22995e+01
7.29030e+01	6.16973e+01
7.62699e+01	6.10681e+01
7.97923e+01	6.04146e+01
8.34773e+01	5.97389e+01
8.73326e+01	5.90431e+01
9.13659e+01	5.83290e+01
9.55855e+01	5.75979e+01
1.00000e+02	5.68515e+01
1.04618e+02	5.60908e+01
1.09450e+02	5.53171e+01
1.14505e+02	5.45314e+01
1.19793e+02	5.37348e+01
1.25325e+02	5.29283e+01
1.31113e+02	5.21129e+01
1.37169e+02	5.12896e+01
1.43504e+02	5.04591e+01
1.50131e+02	4.96226e+01
1.57065e+02	4.87807e+01
1.64318e+02	4.79345e+01
1.71907e+02	4.70847e+01
1.79846e+02	4.62323e+01
1.88152e+02	4.53780e+01
1.96842e+02	4.45227e+01
2.05933e+02	4.36672e+01
2.15444e+02	4.28122e+01
2.25393e+02	4.19585e+01
2.35803e+02	4.11069e+01
2.46693e+02	4.02580e+01
2.58086e+02	3.94126e+01
2.70005e+02	3.85714e+01
2.82475e+02	3.77349e+01
2.95521e+02	3.69038e+01
3.09169e+02	3.60787e+01
3.23448e+02	3.52602e+01
3.38385e+02	3.44488e+01
3.54013e+02	3.36450e+01
3.70363e+02	3.28494e+01
3.87467e+02	3.20623e+01
4.05362e+02	3.12842e+01
4.24083e+02	3.05155e+01
4.43669e+02	2.97566e+01
4.64159e+02	2.90078e+01
4.85595e+02	2.82694e+01
5.08022e+02	2.75418e+01
5.31484e+02	2.68252e+01
5.56030e+02	2.61198e+01
5.81709e+02	2.54259e+01
6.08574e+02	2.47436e+01
6.36681e+02	2.40732e+01
6.66085e+02	2.34147e+01
6.96847e+02	2.27683e+01
7.29029e+02	2.21341e+01
7.62699e+02	2.15121e+01
7.97923e+02	2.09025e+01
8.34773e+02	2.03052e+01
8.73326e+02	1.97203e+01
9.13659e+02	1.91478e+01
9.55855e+02	1.85876e+01
1.00000e+03	1.80397e+01
1.04618e+03	1.75042e+01
1.09450e+03	1.69809e+01
1.14505e+03	1.64697e+01
1.19793e+03	1.59705e+01
1.25325e+03	1.54834e+01
1.31113e+03	1.50081e+01
1.37169e+03	1.45445e+01
1.43504e+03	1.40926e+01
1.50131e+03	1.36521e+01
1.57065e+03	1.32230e+01
1.64318e+03	1.28050e+01
1.71907e+03	1.23980e+01
1.79846e+03	1.20019e+01
1.88152e+03	1.16165e+01
1.96842e+03	1.12416e+01
2.05933e+03	1.08770e+01
2.15443e+03	1.05226e+01
2.25393e+03	1.01781e+01
2.35803e+03	9.84336e+00
2.46693e+03	9.51823e+00
2.58086e+03	9.20248e+00
2.70005e+03	8.89593e+00
2.82475e+03	8.59838e+00
2.95521e+03	8.30964e+00
3.09169e+03	8.02951e+00
3.23448e+03	7.75780e+00
3.38386e+03	7.49432e+00
3.54013e+03	7.23886e+00
3.70363e+03	6.99125e+00
3.87468e+03	6.75129e+00
4.05362e+03	6.51878e+00
4.24083e+03	6.29355e+00
4.43669e+03	6.07541e+00
4.64159e+03	5.86418e+00
4.85595e+03	5.65967e+00
5.08022e+03	5.46171e+00
5.31484e+03	5.27012e+00
5.56030e+03	5.08473e+00
5.81709e+03	4.90537e+00
6.08574e+03	4.73187e+00
6.36681e+03	4.56406e+00
6.66085e+03	4.40179e+00
6.96847e+03	4.24489e+00
7.29030e+03	4.09321e+00
7.62699e+03	3.94661e+00
7.97923e+03	3.80492e+00
8.34773e+03	3.66800e+00
8.73326e+03	3.53572e+00
9.13659e+03	3.40792e+00
9.55855e+03	3.28449e+00
1.00000e+04	3.16527e+00
1.04618e+04	3.05014e+00
1.09450e+04	2.93898e+00
1.14505e+04	2.83165e+00
1.19793e+04	2.72805e+00
1.25325e+04	2.62805e+00
1.31113e+04	2.53154e+00
1.37169e+04	2.43840e+00
1.43504e+04	2.34853e+00
1.50131e+04	2.26183e+00
1.57065e+04	2.17818e+00
1.64318e+04	2.09749e+00
1.71907e+04	2.01966e+00
1.79847e+04	1.94460e+00
1.88152e+04	1.87222e+00
1.96842e+04	1.80243e+00
2.05933e+04	1.73513e+00
2.15443e+04	1.67026e+00
2.25393e+04	1.60771e+00
2.35803e+04	1.54743e+00
2.46693e+04	1.48932e+00
2.58086e+04	1.43332e+00
2.70005e+04	1.37935e+00
2.82475e+04	1.32735e+00
2.95521e+04	1.27724e+00
3.09169e+04	1.22896e+00
3.23448e+04	1.18245e+00
3.38386e+04	1.13764e+00
3.54013e+04	1.09448e+00
3.70363e+04	1.05291e+00
3.87468e+04	1.01287e+00
4.05362e+04	9.74308e-01
4.24083e+04	9.37173e-01
4.43669e+04	9.01414e-01
4.64159e+04	8.66982e-01
4.85595e+04	8.33830e-01
5.08022e+04	8.01913e-01
5.31484e+04	7.71185e-01
5.56030e+04	7.41604e-01
5.81709e+04	7.13130e-01
6.08574e+04	6.85722e-01
6.36681e+04	6.59342e-01
6.66085e+04	6.33953e-01
6.96847e+04	6.09518e-01
7.29029e+04	5.86004e-01
7.62699e+04	5.63376e-01
7.97923e+04	5.41602e-01
8.34773e+04	5.20651e-01
8.73326e+04	5.00493e-01
9.13659e+04	4.81099e-01
9.55855e+04	4.62441e-01
1.00000e+05	4.44492e-01
1.04618e+05	4.27225e-01
1.09450e+05	4.10615e-01
1.14505e+05	3.94638e-01
1.19793e+05	3.79271e-01
1.25325e+05	3.64491e-01
1.31113e+05	3.50276e-01
1.37169e+05	3.36605e-01
1.43504e+05	3.23458e-01
1.50131e+05	3.10816e-01
1.57065e+05	2.98658e-01
1.64318e+05	2.86968e-01
1.71907e+05	2.75727e-01
1.79846e+05	2.64919e-01
1.88152e+05	2.54528e-01
1.96842e+05	2.44537e-01
2.05933e+05	2.34933e-01
2.15444e+05	2.25699e-01
2.25393e+05	2.16823e-01
2.35803e+05	2.08290e-01
2.46693e+05	2.00087e-01
2.58086e+05	1.92203e-01
2.70006e+05	1.84625e-01
2.82475e+05	1.77341e-01
2.95521e+05	1.70340e-01
3.09169e+05	1.63611e-01
3.23448e+05	1.57145e-01
3.38386e+05	1.50930e-01
3.54013e+05	1.44958e-01
3.70363e+05	1.39219e-01
3.87468e+05	1.33704e-01
4.05362e+05	1.28404e-01
4.24083e+05	1.23312e-01
4.43669e+05	1.18419e-01
4.64159e+05	1.13717e-01
4.85595e+05	1.09200e-01
5.08022e+05	1.04860e-01
5.31484e+05	1.00690e-01
5.56030e+05	9.66842e-02
5.81709e+05	9.28356e-02
6.08574e+05	8.91384e-02
6.36680e+05	8.55866e-02
6.66085e+05	8.21746e-02
6.96847e+05	7.88970e-02
7.29030e+05	7.57487e-02
7.62699e+05	7.27245e-02
7.97923e+05	6.98197e-02
8.34773e+05	6.70296e-02
8.73326e+05	6.43497e-02
9.13659e+05	6.17758e-02
9.55855e+05	5.93037e-02
1.00000e+06	5.69295e-02
