# C6H7 cross section
256
1.00000e+01	0.00000e+00
1.04618e+01	0.00000e+00
1.09450e+01	0.00000e+00
1.14505e+01	2.24812e-01
1.19793e+01	1.92583e+00
1.25325e+01	4.26813e+00
1.31113e+01	6.59488e+00
1.37169e+01	8.93301e+00
1.43504e+01	1.19105e+01
1.50131e+01	1.44103e+01
1.57065e+01	1.66472e+01
1.64318e+01	1.87883e+01
1.71907e+01	2.09463e+01
1.79846e+01	2.31863e+01
1.88152e+01	2.55334e+01
1.96842e+01	2.79837e+01
2.05933e+01	3.05127e+01
2.15444e+01	3.30833e+01
2.25393e+01	3.56528e+01
2.35803e+01	3.81780e+01
2.46693e+01	4.06187e+01
2.58086e+01	4.29404e+01
2.70006e+01	4.51155e+01
2.82475e+01	4.71235e+01
2.95521e+01	4.89513e+01
3.09169e+01	5.05919e+01
3.23448e+01	5.20437e+01
3.38385e+01	5.33094e+01
3.54013e+01	5.43954e+01
3.70363e+01	5.53100e+01
3.87467e+01	5.60634e+01
4.05362e+01	5.66666e+01
4.24083e+01	5.71312e+01
4.43669e+01	5.74684e+01
4.64159e+01	5.76893e+01
4.85595e+01	5.78043e+01
5.08022e+01	5.78233e+01
5.31484e+01	5.77553e+01
5.56030e+01	5.76088e+01
5.81709e+01	5.73911e+01
6.08575e+01	5.71094e+01
6.36681e+01	5.67696e+01
6.66085e+01	5.63775e+01
6.96847e+01	5.59381e+01
7.29030e+01	5.54558e+01
7.62699e+01	5.49349e+01
7.97923e+01	5.43790e+01
8.34773e+01	5.37915e+01
8.73326e+01	5.31754e+01
9.13659e+01	5.25335e+01
9.55855e+01	5.18685e+01
1.00000e+02	5.11825e+01
1.04618e+02	5.04779e+01
1.09450e+02	4.97565e+01
1.14505e+02	4.90204e+01
1.19793e+02	4.82712e+01
1.25325e+02	4.75105e+01
1.31113e+02	4.67398e+01
1.37169e+02	4.59607e+01
1.43504e+02	4.51745e+01
1.50131e+02	4.43823e+01
1.57065e+02	4.35855e+01
1.64318e+02	4.27852e+01
1.71907e+02	4.19825e+01
1.79846e+02	4.11783e+01
1.88152e+02	4.03736e+01
1.96842e+02	3.95695e+01
2.05933e+02	3.87666e+01
2.15444e+02	3.79659e+01
2.25393e+02	3.71681e+01
2.35803e+02	3.63740e+01
2.46693e+02	3.55843e+01
2.58086e+02	3.47996e+01
2.70005e+02	3.40206e+01
2.82475e+02	3.32478e+01
2.95521e+02	3.24817e+01
3.09169e+02	3.17230e+01
3.23448e+02	3.09720e+01
3.38385e+02	3.02293e+01
3.54013e+02	2.94951e+01
3.70363e+02	2.87701e+01
3.87467e+02	2.80544e+01
4.05362e+02	2.73483e+01
4.24083e+02	2.66523e+01
4.43669e+02	2.59666e+01
4.64159e+02	2.52914e+01
4.85595e+02	2.46269e+01
5.08022e+02	2.39733e+01
5.31484e+02	2.33309e+01
5.56030e+02	2.26997e+01
5.81709e+02	2.20798e+01
6.08574e+02	2.14714e+01
6.36681e+02	2.08746e+01
6.66085e+02	2.02894e+01
6.96847e+02	1.97158e+01
7.29029e+02	1.91539e+01
7.62699e+02	1.86037e+01
7.97923e+02	1.80652e+01
8.34773e+02	1.75384e+01
8.73326e+02	1.70232e+01
9.13659e+02	1.65195e+01
9.55855e+02	1.60274e+01
1.00000e+03	1.55467e+01
1.04618e+03	1.50773e+01
1.09450e+03	1.46192e+01
1.14505e+03	1.41723e+01
1.19793e+03	1.37363e+01
1.25325e+03	1.33113e+01
1.31113e+03	1.28971e+01
1.37169e+03	1.24934e+01
1.43504e+03	1.21003e+01
1.50131e+03	1.17175e+01
1.57065e+03	1.13449e+01
1.64318e+03	1.09823e+01
1.71907e+03	1.06295e+01
1.79846e+03	1.02864e+01
1.88152e+03	9.95285e+00
1.96842e+03	9.62861e+00
2.05933e+03	9.31353e+00
2.15443e+03	9.00743e+00
2.25393e+03	8.71012e+00
2.35803e+03	8.42143e+00
2.46693e+03	8.14118e+00
2.58086e+03	7.86918e+00
2.70005e+03	7.60525e+00
2.82475e+03	7.34922e+00
2.95521e+03	7.10089e+00
3.09169e+03	6.86009e+00
3.23448e+03	6.62664e+00
3.38386e+03	6.40036e+00
3.54013e+03	6.18109e+00
3.70363e+03	5.96863e+00
3.87468e+03	5.76282e+00
4.05362e+03	5.56348e+00
4.24083e+03	5.37046e+00
4.43669e+03	5.18358e+00
4.64159e+03	5.00268e+00
4.85595e+03	4.82760e+00
5.08022e+03	4.65818e+00
5.31484e+03	4.49426e+00
5.56030e+03	4.33569e+00
5.81709e+03	4.18232e+00
6.08574e+03	4.03399e+00
6.36681e+03	3.89058e+00
6.66085e+03	3.75193e+00
6.96847e+03	3.61790e+00
7.29030e+03	3.48836e+00
7.62699e+03	3.36318e+00
7.97923e+03	3.24221e+00
8.34773e+03	3.12535e+00
8.73326e+03	3.01246e+00
9.13659e+03	2.90342e+00
9.55855e+03	2.79812e+00
1.00000e+04	2.69643e+00
1.04618e+04	2.59824e+00
1.09450e+04	2.50345e+00
1.14505e+04	2.41194e+00
1.19793e+04	2.32362e+00
1.25325e+04	2.23838e+00
1.31113e+04	2.15612e+00
1.37169e+04	2.07675e+00
1.43504e+04	2.00017e+00
1.50131e+04	1.92629e+00
1.57065e+04	1.85502e+00
1.64318e+04	1.78628e+00
1.71907e+04	1.71999e+00
1.79847e+04	1.65605e+00
1.88152e+04	1.59440e+00
1.96842e+04	1.53496e+00
2.05933e+04	1.47765e+00
2.15443e+04	1.42240e+00
2.25393e+04	1.36914e+00
2.35803e+04	1.31780e+00
2.46693e+04	1.26832e+00
2.58086e+04	1.22064e+00
2.70005e+04	1.17469e+00
2.82475e+04	1.13041e+00
2.95521e+04	1.08775e+00
3.09169e+04	1.04665e+00
3.23448e+04	1.00705e+00
3.38386e+04	9.68905e-01
3.54013e+04	9.32162e-01
3.70363e+04	8.96771e-01
3.87468e+04	8.62685e-01
4.05362e+04	8.29858e-01
4.24083e+04	7.98245e-01
4.43669e+04	7.67803e-01
4.64159e+04	7.38492e-01
4.85595e+04	7.10269e-01
5.08022e+04	6.83097e-01
5.31484e+04	6.56938e-01
5.56030e+04	6.31756e-01
5.81709e+04	6.07515e-01
6.08574e+04	5.84182e-01
6.36681e+04	5.61723e-01
6.66085e+04	5.40108e-01
6.96847e+04	5.19305e-01
7.29029e+04	4.99285e-01
7.62699e+04	4.80019e-01
7.97923e+04	4.61481e-01
8.34773e+04	4.43643e-01
8.73326e+04	4.26479e-01
9.13659e+04	4.09966e-01
9.55855e+04	3.94078e-01
1.00000e+05	3.78794e-01
1.04618e+05	3.64091e-01
1.09450e+05	3.49947e-01
1.14505e+05	3.36341e-01
1.19793e+05	3.23255e-01
1.25325e+05	3.10668e-01
1.31113e+05	2.98561e-01
1.37169e+05	2.86918e-01
1.43504e+05	2.75721e-01
1.50131e+05	2.64952e-01
1.57065e+05	2.54597e-01
1.64318e+05	2.44640e-01
1.71907e+05	2.35065e-01
1.79846e+05	2.25858e-01
1.88152e+05	2.17006e-01
1.96842e+05	2.08496e-01
2.05933e+05	2.00313e-01
2.15444e+05	1.92446e-01
2.25393e+05	1.84884e-01
2.35803e+05	1.77614e-01
2.46693e+05	1.70625e-01
2.58086e+05	1.63907e-01
2.70006e+05	1.57450e-01
2.82475e+05	1.51243e-01
2.95521e+05	1.45277e-01
3.09169e+05	1.39543e-01
3.23448e+05	1.34032e-01
3.38386e+05	1.28736e-01
3.54013e+05	1.23646e-01
3.70363e+05	1.18754e-01
3.87468e+05	1.14054e-01
4.05362e+05	1.09536e-01
4.24083e+05	1.05196e-01
4.43669e+05	1.01025e-01
4.64159e+05	9.70171e-02
4.85595e+05	9.31663e-02
5.08022e+05	8.94663e-02
5.31484e+05	8.59114e-02
5.56030e+05	8.24960e-02
5.81709e+05	7.92146e-02
6.08574e+05	7.60622e-02
6.36680e+05	7.30337e-02
6.66085e+05	7.01244e-02
6.96847e+05	6.73295e-02
7.29030e+05	6.46447e-02
7.62699e+05	6.20658e-02
7.97923e+05	5.95885e-02
8.34773e+05	5.72090e-02
8.73326e+05	5.49234e-02
9.13659e+05	5.27281e-02
9.55855e+05	5.06196e-02
1.00000e+06	4.85945e-02
