# C7H10 cross section
256
1.00000e+01	0.00000e+00
1.04618e+01	0.00000e+00
1.09450e+01	0.00000e+00
1.14505e+01	2.62279e-01
1.19793e+01	2.24670e+00
1.25325e+01	4.97899e+00
1.31113e+01	7.69285e+00
1.37169e+01	1.04912e+01
1.43504e+01	1.42760e+01
1.50131e+01	1.74343e+01
1.57065e+01	2.02485e+01
1.64318e+01	2.29320e+01
1.71907e+01	2.56265e+01
1.79846e+01	2.84107e+01
1.88152e+01	3.13140e+01
1.96842e+01	3.43290e+01
2.05933e+01	3.74236e+01
2.15444e+01	4.05512e+01
2.25393e+01	4.36586e+01
2.35803e+01	4.66928e+01
2.46693e+01	4.96056e+01
2.58086e+01	5.23559e+01
2.70006e+01	5.49119e+01
2.82475e+01	5.72512e+01
2.95521e+01	5.93602e+01
3.09169e+01	6.12332e+01
3.23448e+01	6.28711e+01
3.38385e+01	6.42801e+01
3.54013e+01	6.54703e+01
3.70363e+01	6.64544e+01
3.87467e+01	6.72468e+01
4.05362e+01	6.78628e+01
4.24083e+01	6.83176e+01
4.43669e+01	6.86261e+01
4.64159e+01	6.88026e+01
4.85595e+01	6.88602e+01
5.08022e+01	6.88112e+01
5.31484e+01	6.86667e+01
5.56030e+01	6.84366e+01
5.81709e+01	6.81299e+01
6.08575e+01	6.77545e+01
6.36681e+01	6.73175e+01
6.66085e+01	6.68251e+01
6.96847e+01	6.62829e+01
7.29030e+01	6.56957e+01
7.62699e+01	6.50680e+01
7.97923e+01	6.44036e+01
8.34773e+01	6.37060e+01
8.73326e+01	6.29782e+01
9.13659e+01	6.22233e+01
9.55855e+01	6.14436e+01
1.00000e+02	6.06417e+01
1.04618e+02	5.98196e+01
1.09450e+02	5.89794e+01
1.14505e+02	5.81230e+01
1.19793e+02	5.72521e+01
1.25325e+02	5.63683e+01
1.31113e+02	5.54734e+01
1.37169e+02	5.45686e+01
1.43504e+02	5.36555e+01
1.50131e+02	5.27353e+01
1.57065e+02	5.18094e+01
1.64318e+02	5.08790e+01
1.71907e+02	4.99451e+01
1.79846e+02	4.90091e+01
1.88152e+02	4.80718e+01
1.96842e+02	4.71344e+01
2.05933e+02	4.61977e+01
2.15444e+02	4.52629e+01
2.25393e+02	4.43306e+01
2.35803e+02	4.34019e+01
2.46693e+02	4.24774e+01
2.58086e+02	4.15581e+01
2.70005e+02	4.06445e+01
2.82475e+02	3.97375e+01
2.95521e+02	3.88376e+01
3.09169e+02	3.79454e+01
3.23448e+02	3.70617e+01
3.38385e+02	3.61869e+01
3.54013e+02	3.53215e+01
3.70363e+02	3.44660e+01
3.87467e+02	3.36209e+01
4.05362e+02	3.27866e+01
4.24083e+02	3.19634e+01
4.43669e+02	3.11517e+01
4.64159e+02	3.03519e+01
4.85595e+02	2.95642e+01
5.08022e+02	2.87889e+01
5.31484e+02	2.80262e+01
5.56030e+02	2.72764e+01
5.81709e+02	2.65395e+01
6.08574e+02	2.58158e+01
6.36681e+02	2.51054e+01
6.66085e+02	2.44083e+01
6.96847e+02	2.37247e+01
7.29029e+02	2.30547e+01
7.62699e+02	2.23982e+01
7.97923e+02	2.17553e+01
8.34773e+02	2.11259e+01
8.73326e+02	2.05101e+01
9.13659e+02	1.99079e+01
9.55855e+02	1.93191e+01
1.00000e+03	1.87437e+01
1.04618e+03	1.81817e+01
1.09450e+03	1.76328e+01
1.14505e+03	1.70971e+01
1.19793e+03	1.65743e+01
1.25325e+03	1.60645e+01
1.31113e+03	1.55673e+01
1.37169e+03	1.50828e+01
1.43504e+03	1.46106e+01
1.50131e+03	1.41507e+01
1.57065e+03	1.37028e+01
1.64318e+03	1.32668e+01
1.71907e+03	1.28426e+01
1.79846e+03	1.24298e+01
1.88152e+03	1.20284e+01
1.96842e+03	1.16381e+01
2.05933e+03	1.12586e+01
2.15443e+03	1.08900e+01
2.25393e+03	1.05318e+01
2.35803e+03	1.01838e+01
2.46693e+03	9.84603e+00
2.58086e+03	9.51808e+00
2.70005e+03	9.19979e+00
2.82475e+03	8.89094e+00
2.95521e+03	8.59133e+00
3.09169e+03	8.30074e+00
3.23448e+03	8.01897e+00
3.38386e+03	7.74580e+00
3.54013e+03	7.48103e+00
3.70363e+03	7.22445e+00
3.87468e+03	6.97585e+00
4.05362e+03	6.73504e+00
4.24083e+03	6.50181e+00
4.43669e+03	6.27598e+00
4.64159e+03	6.05734e+00
4.85595e+03	5.84570e+00
5.08022e+03	5.64087e+00
5.31484e+03	5.44267e+00
5.56030e+03	5.25091e+00
5.81709e+03	5.06542e+00
6.08574e+03	4.88601e+00
6.36681e+03	4.71252e+00
6.66085e+03	4.54478e+00
6.96847e+03	4.38261e+00
7.29030e+03	4.22586e+00
7.62699e+03	4.07436e+00
7.97923e+03	3.92796e+00
8.34773e+03	3.78651e+00
8.73326e+03	3.64986e+00
9.13659e+03	3.51786e+00
9.55855e+03	3.39037e+00
1.00000e+04	3.26724e+00
1.04618e+04	3.14835e+00
1.09450e+04	3.03357e+00
1.14505e+04	2.92275e+00
1.19793e+04	2.81579e+00
1.25325e+04	2.71255e+00
1.31113e+04	2.61292e+00
1.37169e+04	2.51677e+00
1.43504e+04	2.42401e+00
1.50131e+04	2.33451e+00
1.57065e+04	2.24817e+00
1.64318e+04	2.16490e+00
1.71907e+04	2.08458e+00
1.79847e+04	2.00711e+00
1.88152e+04	1.93241e+00
1.96842e+04	1.86039e+00
2.05933e+04	1.79094e+00
2.15443e+04	1.72399e+00
2.25393e+04	1.65945e+00
2.35803e+04	1.59724e+00
2.46693e+04	1.53729e+00
2.58086e+04	1.47950e+00
2.70005e+04	1.42381e+00
2.82475e+04	1.37015e+00
2.95521e+04	1.31845e+00
3.09169e+04	1.26863e+00
3.23448e+04	1.22064e+00
3.38386e+04	1.17440e+00
3.54013e+04	1.12987e+00
3.70363e+04	1.08697e+00
3.87468e+04	1.04566e+00
4.05362e+04	1.00587e+00
4.24083e+04	9.67550e-01
4.43669e+04	9.30652e-01
4.64159e+04	8.95122e-01
4.85595e+04	8.60912e-01
5.08022e+04	8.27976e-01
5.31484e+04	7.96268e-01
5.56030e+04	7.65743e-01
5.81709e+04	7.36359e-01
6.08574e+04	7.08074e-01
6.36681e+04	6.80851e-01
6.66085e+04	6.54649e-01
6.96847e+04	6.29432e-01
7.29029e+04	6.05163e-01
7.62699e+04	5.81810e-01
7.97923e+04	5.59338e-01
8.34773e+04	5.37714e-01
8.73326e+04	5.16909e-01
9.13659e+04	4.96891e-01
9.55855e+04	4.77633e-01
1.00000e+05	4.59105e-01
1.04618e+05	4.41282e-01
1.09450e+05	4.24137e-01
1.14505e+05	4.07645e-01
1.19793e+05	3.91782e-01
1.25325e+05	3.76524e-01
1.31113e+05	3.61849e-01
1.37169e+05	3.47735e-01
1.43504e+05	3.34162e-01
1.50131e+05	3.21109e-01
1.57065e+05	3.08557e-01
1.64318e+05	2.96487e-01
1.71907e+05	2.84881e-01
1.79846e+05	2.73722e-01
1.88152e+05	2.62992e-01
1.96842e+05	2.52676e-01
2.05933e+05	2.42758e-01
2.15444e+05	2.33223e-01
2.25393e+05	2.24056e-01
2.35803e+05	2.15244e-01
2.46693e+05	2.06773e-01
2.58086e+05	1.98631e-01
2.70006e+05	1.90804e-01
2.82475e+05	1.83281e-01
2.95521e+05	1.76050e-01
3.09169e+05	1.69100e-01
3.23448e+05	1.62421e-01
3.38386e+05	1.56002e-01
3.54013e+05	1.49833e-01
3.70363e+05	1.43904e-01
3.87468e+05	1.38207e-01
4.05362e+05	1.32732e-01
4.24083e+05	1.27471e-01
4.43669e+05	1.22416e-01
4.64159e+05	1.17559e-01
4.85595e+05	1.12892e-01
5.08022e+05	1.08408e-01
5.31484e+05	1.04099e-01
5.56030e+05	9.99600e-02
5.81709e+05	9.59833e-02
6.08574e+05	9.21629e-02
6.36680e+05	8.84926e-02
6.66085e+05	8.49668e-02
6.96847e+05	8.15798e-02
7.29030e+05	7.83262e-02
7.62699e+05	7.52009e-02
7.97923e+05	7.21988e-02
8.34773e+05	6.93152e-02
8.73326e+05	6.65455e-02
9.13659e+05	6.38852e-02
9.55855e+05	6.13301e-02
1.00000e+06	5.88761e-02
