# C7H7 cross section
256
1.00000e+01	0.00000e+00
1.04618e+01	0.00000e+00
1.09450e+01	0.00000e+00
1.14505e+01	2.62249e-01
1.19793e+01	2.24450e+00
1.25325e+01	4.96811e+00
1.31113e+01	7.66678e+00
1.37169e+01	1.03286e+01
1.43504e+01	1.35736e+01
1.50131e+01	1.62983e+01
1.57065e+01	1.87362e+01
1.64318e+01	2.10704e+01
1.71907e+01	2.34257e+01
1.79846e+01	2.58740e+01
1.88152e+01	2.84431e+01
1.96842e+01	3.11283e+01
2.05933e+01	3.39017e+01
2.15444e+01	3.67217e+01
2.25393e+01	3.95404e+01
2.35803e+01	4.23095e+01
2.46693e+01	4.49844e+01
2.58086e+01	4.75269e+01
2.70006e+01	4.99067e+01
2.82475e+01	5.21018e+01
2.95521e+01	5.40980e+01
3.09169e+01	5.58882e+01
3.23448e+01	5.74714e+01
3.38385e+01	5.88509e+01
3.54013e+01	6.00342e+01
3.70363e+01	6.10309e+01
3.87467e+01	6.18526e+01
4.05362e+01	6.25115e+01
4.24083e+01	6.30202e+01
4.43669e+01	6.33913e+01
4.64159e+01	6.36369e+01
4.85595e+01	6.37685e+01
5.08022e+01	6.37966e+01
5.31484e+01	6.37311e+01
5.56030e+01	6.35809e+01
5.81709e+01	6.33543e+01
6.08575e+01	6.30585e+01
6.36681e+01	6.27002e+01
6.66085e+01	6.22853e+01
6.96847e+01	6.18192e+01
7.29030e+01	6.13067e+01
7.62699e+01	6.07521e+01
7.97923e+01	6.01594e+01
8.34773e+01	5.95320e+01
8.73326e+01	5.88733e+01
9.13659e+01	5.81860e+01
9.55855e+01	5.74731e+01
1.00000e+02	5.67368e+01
1.04618e+02	5.59795e+01
1.09450e+02	5.52034e+01
1.14505e+02	5.44103e+01
1.19793e+02	5.36022e+01
1.25325e+02	5.27808e+01
1.31113e+02	5.19477e+01
1.37169e+02	5.11045e+01
1.43504e+02	5.02526e+01
1.50131e+02	4.93934e+01
1.57065e+02	4.85281e+01
1.64318e+02	4.76581e+01
1.71907e+02	4.67844e+01
1.79846e+02	4.59083e+01
1.88152e+02	4.50308e+01
1.96842e+02	4.41528e+01
2.05933e+02	4.32754e+01
2.15444e+02	4.23995e+01
2.25393e+02	4.15260e+01
2.35803e+02	4.06556e+01
2.46693e+02	3.97891e+01
2.58086e+02	3.89274e+01
2.70005e+02	3.80711e+01
2.82475e+02	3.72209e+01
2.95521e+02	3.63774e+01
3.09169e+02	3.55412e+01
3.23448e+02	3.47129e+01
3.38385e+02	3.38930e+01
3.54013e+02	3.30819e+01
3.70363e+02	3.22801e+01
3.87467e+02	3.14882e+01
4.05362e+02	3.07063e+01
4.24083e+02	2.99350e+01
4.43669e+02	2.91744e+01
4.64159e+02	2.84250e+01
4.85595e+02	2.76870e+01
5.08022e+02	2.69607e+01
5.31484e+02	2.62462e+01
5.56030e+02	2.55437e+01
5.81709e+02	2.48535e+01
6.08574e+02	2.41756e+01
6.36681e+02	2.35102e+01
6.66085e+02	2.28574e+01
6.96847e+02	2.22172e+01
7.29029e+02	2.15896e+01
7.62699e+02	2.09749e+01
7.97923e+02	2.03728e+01
8.34773e+02	1.97835e+01
8.73326e+02	1.92069e+01
9.13659e+02	1.86430e+01
9.55855e+02	1.80917e+01
1.00000e+03	1.75530e+01
1.04618e+03	1.70267e+01
1.09450e+03	1.65129e+01
1.14505e+03	1.60113e+01
1.19793e+03	1.55219e+01
1.25325e+03	1.50445e+01
1.31113e+03	1.45791e+01
1.37169e+03	1.41255e+01
1.43504e+03	1.36834e+01
1.50131e+03	1.32529e+01
1.57065e+03	1.28336e+01
1.64318e+03	1.24255e+01
1.71907e+03	1.20283e+01
1.79846e+03	1.16419e+01
1.88152e+03	1.12661e+01
1.96842e+03	1.09007e+01
2.05933e+03	1.05455e+01
2.15443e+03	1.02003e+01
2.25393e+03	9.86500e+00
2.35803e+03	9.53931e+00
2.46693e+03	9.22305e+00
2.58086e+03	8.91602e+00
2.70005e+03	8.61804e+00
2.82475e+03	8.32889e+00
2.95521e+03	8.04839e+00
3.09169e+03	7.77633e+00
3.23448e+03	7.51252e+00
3.38386e+03	7.25677e+00
3.54013e+03	7.00887e+00
3.70363e+03	6.76863e+00
3.87468e+03	6.53587e+00
4.05362e+03	6.31040e+00
4.24083e+03	6.09202e+00
4.43669e+03	5.88056e+00
4.64159e+03	5.67582e+00
4.85595e+03	5.47764e+00
5.08022e+03	5.28584e+00
5.31484e+03	5.10024e+00
5.56030e+03	4.92066e+00
5.81709e+03	4.74695e+00
6.08574e+03	4.57894e+00
6.36681e+03	4.41646e+00
6.66085e+03	4.25936e+00
6.96847e+03	4.10748e+00
7.29030e+03	3.96067e+00
7.62699e+03	3.81878e+00
7.97923e+03	3.68166e+00
8.34773e+03	3.54916e+00
8.73326e+03	3.42116e+00
9.13659e+03	3.29752e+00
9.55855e+03	3.17809e+00
1.00000e+04	3.06275e+00
1.04618e+04	2.95138e+00
1.09450e+04	2.84385e+00
1.14505e+04	2.74003e+00
1.19793e+04	2.63982e+00
1.25325e+04	2.54310e+00
1.31113e+04	2.44975e+00
1.37169e+04	2.35967e+00
1.43504e+04	2.27275e+00
1.50131e+04	2.18890e+00
1.57065e+04	2.10800e+00
1.64318e+04	2.02996e+00
1.71907e+04	1.95469e+00
1.79847e+04	1.88210e+00
1.88152e+04	1.81210e+00
1.96842e+04	1.74460e+00
2.05933e+04	1.67952e+00
2.15443e+04	1.61678e+00
2.25393e+04	1.55629e+00
2.35803e+04	1.49798e+00
2.46693e+04	1.44179e+00
2.58086e+04	1.38762e+00
2.70005e+04	1.33543e+00
2.82475e+04	1.28513e+00
2.95521e+04	1.23666e+00
3.09169e+04	1.18996e+00
3.23448e+04	1.14497e+00
3.38386e+04	1.10163e+00
3.54013e+04	1.05988e+00
3.70363e+04	1.01966e+00
3.87468e+04	9.80929e-01
4.05362e+04	9.43624e-01
4.24083e+04	9.07698e-01
4.43669e+04	8.73101e-01
4.64159e+04	8.39788e-01
4.85595e+04	8.07711e-01
5.08022e+04	7.76827e-01
5.31484e+04	7.47094e-01
5.56030e+04	7.18469e-01
5.81709e+04	6.90914e-01
6.08574e+04	6.64390e-01
6.36681e+04	6.38860e-01
6.66085e+04	6.14286e-01
6.96847e+04	5.90637e-01
7.29029e+04	5.67876e-01
7.62699e+04	5.45973e-01
7.97923e+04	5.24896e-01
8.34773e+04	5.04614e-01
8.73326e+04	4.85100e-01
9.13659e+04	4.66323e-01
9.55855e+04	4.48259e-01
1.00000e+05	4.30879e-01
1.04618e+05	4.14160e-01
1.09450e+05	3.98076e-01
1.14505e+05	3.82605e-01
1.19793e+05	3.67723e-01
1.25325e+05	3.53409e-01
1.31113e+05	3.39642e-01
1.37169e+05	3.26400e-01
1.43504e+05	3.13666e-01
1.50131e+05	3.01420e-01
1.57065e+05	2.89643e-01
1.64318e+05	2.78317e-01
1.71907e+05	2.67427e-01
1.79846e+05	2.56956e-01
1.88152e+05	2.46888e-01
1.96842e+05	2.37208e-01
2.05933e+05	2.27901e-01
2.15444e+05	2.18953e-01
2.25393e+05	2.10351e-01
2.35803e+05	2.02082e-01
2.46693e+05	1.94132e-01
2.58086e+05	1.86491e-01
2.70006e+05	1.79145e-01
2.82475e+05	1.72085e-01
2.95521e+05	1.65298e-01
3.09169e+05	1.58776e-01
3.23448e+05	1.52507e-01
3.38386e+05	1.46482e-01
3.54013e+05	1.40691e-01
3.70363e+05	1.35127e-01
3.87468e+05	1.29779e-01
4.05362e+05	1.24640e-01
4.24083e+05	1.19702e-01
4.43669e+05	1.14956e-01
4.64159e+05	1.10397e-01
4.85595e+05	1.06016e-01
5.08022e+05	1.01806e-01
5.31484e+05	9.77618e-02
5.56030e+05	9.38759e-02
5.81709e+05	9.01426e-02
6.08574e+05	8.65560e-02
6.36680e+05	8.31102e-02
6.66085e+05	7.98000e-02
6.96847e+05	7.66201e-02
7.29030e+05	7.35653e-02
7.62699e+05	7.06310e-02
7.97923e+05	6.78123e-02
8.34773e+05	6.51048e-02
8.73326e+05	6.25042e-02
9.13659e+05	6.00063e-02
9.55855e+05	5.76071e-02
1.00000e+06	5.53028e-02
