# C8H6 cross section
256
1.00000e+01	0.00000e+00
1.04618e+01	0.00000e+00
1.09450e+01	0.00000e+00
1.14505e+01	2.99731e-01
1.19793e+01	2.56643e+00
1.25325e+01	5.68423e+00
1.31113e+01	8.77736e+00
1.37169e+01	1.17532e+01
1.43504e+01	1.51377e+01
1.50131e+01	1.80058e+01
1.57065e+01	2.05890e+01
1.64318e+01	2.30752e+01
1.71907e+01	2.55971e+01
1.79846e+01	2.82338e+01
1.88152e+01	3.10188e+01
1.96842e+01	3.39504e+01
2.05933e+01	3.70013e+01
2.15444e+01	4.01286e+01
2.25393e+01	4.32814e+01
2.35803e+01	4.64070e+01
2.46693e+01	4.94556e+01
2.58086e+01	5.23837e+01
2.70006e+01	5.51550e+01
2.82475e+01	5.77419e+01
2.95521e+01	6.01247e+01
3.09169e+01	6.22914e+01
3.23448e+01	6.42361e+01
3.38385e+01	6.59588e+01
3.54013e+01	6.74634e+01
3.70363e+01	6.87571e+01
3.87467e+01	6.98496e+01
4.05362e+01	7.07519e+01
4.24083e+01	7.14759e+01
4.43669e+01	7.20340e+01
4.64159e+01	7.24383e+01
4.85595e+01	7.27009e+01
5.08022e+01	7.28333e+01
5.31484e+01	7.28465e+01
5.56030e+01	7.27505e+01
5.81709e+01	7.25550e+01
6.08575e+01	7.22687e+01
6.36681e+01	7.18999e+01
6.66085e+01	7.14559e+01
6.96847e+01	7.09437e+01
7.29030e+01	7.03695e+01
7.62699e+01	6.97391e+01
7.97923e+01	6.90577e+01
8.34773e+01	6.83304e+01
8.73326e+01	6.75615e+01
9.13659e+01	6.67552e+01
9.55855e+01	6.59152e+01
1.00000e+02	6.50451e+01
1.04618e+02	6.41480e+01
1.09450e+02	6.32271e+01
1.14505e+02	6.22850e+01
1.19793e+02	6.13244e+01
1.25325e+02	6.03477e+01
1.31113e+02	5.93571e+01
1.37169e+02	5.83548e+01
1.43504e+02	5.73426e+01
1.50131e+02	5.63225e+01
1.57065e+02	5.52962e+01
1.64318e+02	5.42653e+01
1.71907e+02	5.32313e+01
1.79846e+02	5.21957e+01
1.88152e+02	5.11597e+01
1.96842e+02	5.01247e+01
2.05933e+02	4.90918e+01
2.15444e+02	4.80622e+01
2.25393e+02	4.70369e+01
2.35803e+02	4.60168e+01
2.46693e+02	4.50029e+01
2.58086e+02	4.39961e+01
2.70005e+02	4.29972e+01
2.82475e+02	4.20069e+01
2.95521e+02	4.10258e+01
3.09169e+02	4.00548e+01
3.23448e+02	3.90943e+01
3.38385e+02	3.81450e+01
3.54013e+02	3.72073e+01
3.70363e+02	3.62817e+01
3.87467e+02	3.53687e+01
4.05362e+02	3.44686e+01
4.24083e+02	3.35819e+01
4.43669e+02	3.27087e+01
4.64159e+02	3.18495e+01
4.85595e+02	3.10044e+01
5.08022e+02	3.01737e+01
5.31484e+02	2.93576e+01
5.56030e+02	2.85562e+01
5.81709e+02	2.77697e+01
6.08574e+02	2.69981e+01
6.36681e+02	2.62416e+01
6.66085e+02	2.55002e+01
6.96847e+02	2.47739e+01
7.29029e+02	2.40627e+01
7.62699e+02	2.33667e+01
7.97923e+02	2.26858e+01
8.34773e+02	2.20199e+01
8.73326e+02	2.13690e+01
9.13659e+02	2.07330e+01
9.55855e+02	2.01118e+01
1.00000e+03	1.95052e+01
1.04618e+03	1.89132e+01
1.09450e+03	1.83356e+01
1.14505e+03	1.77723e+01
1.19793e+03	1.72230e+01
1.25325e+03	1.66877e+01
1.31113e+03	1.61661e+01
1.37169e+03	1.56581e+01
1.43504e+03	1.51634e+01
1.50131e+03	1.46818e+01
1.57065e+03	1.42132e+01
1.64318e+03	1.37573e+01
1.71907e+03	1.33139e+01
1.79846e+03	1.28828e+01
1.88152e+03	1.24638e+01
1.96842e+03	1.20565e+01
2.05933e+03	1.16609e+01
2.15443e+03	1.12766e+01
2.25393e+03	1.09035e+01
2.35803e+03	1.05412e+01
2.46693e+03	1.01896e+01
2.58086e+03	9.84840e+00
2.70005e+03	9.51740e+00
2.82475e+03	9.19635e+00
2.95521e+03	8.88502e+00
3.09169e+03	8.58317e+00
3.23448e+03	8.29059e+00
3.38386e+03	8.00704e+00
3.54013e+03	7.73229e+00
3.70363e+03	7.46613e+00
3.87468e+03	7.20833e+00
4.05362e+03	6.95867e+00
4.24083e+03	6.71695e+00
4.43669e+03	6.48295e+00
4.64159e+03	6.25646e+00
4.85595e+03	6.03728e+00
5.08022e+03	5.82520e+00
5.31484e+03	5.62003e+00
5.56030e+03	5.42158e+00
5.81709e+03	5.22964e+00
6.08574e+03	5.04405e+00
6.36681e+03	4.86460e+00
6.66085e+03	4.69113e+00
6.96847e+03	4.52346e+00
7.29030e+03	4.36141e+00
7.62699e+03	4.20482e+00
7.97923e+03	4.05353e+00
8.34773e+03	3.90736e+00
8.73326e+03	3.76618e+00
9.13659e+03	3.62981e+00
9.55855e+03	3.49812e+00
1.00000e+04	3.37096e+00
1.04618e+04	3.24819e+00
1.09450e+04	3.12967e+00
1.14505e+04	3.01526e+00
1.19793e+04	2.90483e+00
1.25325e+04	2.79826e+00
1.31113e+04	2.69542e+00
1.37169e+04	2.59619e+00
1.43504e+04	2.50045e+00
1.50131e+04	2.40809e+00
1.57065e+04	2.31900e+00
1.64318e+04	2.23307e+00
1.71907e+04	2.15020e+00
1.79847e+04	2.07028e+00
1.88152e+04	1.99322e+00
1.96842e+04	1.91891e+00
2.05933e+04	1.84728e+00
2.15443e+04	1.77822e+00
2.25393e+04	1.71165e+00
2.35803e+04	1.64748e+00
2.46693e+04	1.58564e+00
2.58086e+04	1.52604e+00
2.70005e+04	1.46861e+00
2.82475e+04	1.41326e+00
2.95521e+04	1.35994e+00
3.09169e+04	1.30857e+00
3.23448e+04	1.25907e+00
3.38386e+04	1.21139e+00
3.54013e+04	1.16547e+00
3.70363e+04	1.12123e+00
3.87468e+04	1.07863e+00
4.05362e+04	1.03760e+00
4.24083e+04	9.98082e-01
4.43669e+04	9.60033e-01
4.64159e+04	9.23394e-01
4.85595e+04	8.88118e-01
5.08022e+04	8.54154e-01
5.31484e+04	8.21456e-01
5.56030e+04	7.89978e-01
5.81709e+04	7.59677e-01
6.08574e+04	7.30510e-01
6.36681e+04	7.02436e-01
6.66085e+04	6.75416e-01
6.96847e+04	6.49411e-01
7.29029e+04	6.24384e-01
7.62699e+04	6.00301e-01
7.97923e+04	5.77126e-01
8.34773e+04	5.54826e-01
8.73326e+04	5.33369e-01
9.13659e+04	5.12725e-01
9.55855e+04	4.92863e-01
1.00000e+05	4.73755e-01
1.04618e+05	4.55372e-01
1.09450e+05	4.37689e-01
1.14505e+05	4.20679e-01
1.19793e+05	4.04317e-01
1.25325e+05	3.88580e-01
1.31113e+05	3.73443e-01
1.37169e+05	3.58886e-01
1.43504e+05	3.44885e-01
1.50131e+05	3.31421e-01
1.57065e+05	3.18473e-01
1.64318e+05	3.06022e-01
1.71907e+05	2.94049e-01
1.79846e+05	2.82537e-01
1.88152e+05	2.71468e-01
1.96842e+05	2.60825e-01
2.05933e+05	2.50593e-01
2.15444e+05	2.40756e-01
2.25393e+05	2.31298e-01
2.35803e+05	2.22206e-01
2.46693e+05	2.13467e-01
2.58086e+05	2.05065e-01
2.70006e+05	1.96989e-01
2.82475e+05	1.89226e-01
2.95521e+05	1.81765e-01
3.09169e+05	1.74594e-01
3.23448e+05	1.67701e-01
3.38386e+05	1.61077e-01
3.54013e+05	1.54711e-01
3.70363e+05	1.48592e-01
3.87468e+05	1.42713e-01
4.05362e+05	1.37063e-01
4.24083e+05	1.31633e-01
4.43669e+05	1.26416e-01
4.64159e+05	1.21402e-01
4.85595e+05	1.16585e-01
5.08022e+05	1.11957e-01
5.31484e+05	1.07510e-01
5.56030e+05	1.03237e-01
5.81709e+05	9.91325e-02
6.08574e+05	9.51888e-02
6.36680e+05	9.14000e-02
6.66085e+05	8.77603e-02
6.96847e+05	8.42637e-02
7.29030e+05	8.09048e-02
7.62699e+05	7.76783e-02
7.97923e+05	7.45789e-02
8.34773e+05	7.16017e-02
8.73326e+05	6.87421e-02
9.13659e+05	6.59954e-02
9.55855e+05	6.33572e-02
1.00000e+06	6.08233e-02
