# CH cross section
256
1.00000e+01	0.00000e+00
1.04618e+01	0.00000e+00
1.09450e+01	0.00000e+00
1.14505e+01	3.74880e-02
1.19793e+01	3.22402e-01
1.25325e+01	7.18430e-01
1.31113e+01	1.11616e+00
1.37169e+01	1.51214e+00
1.43504e+01	1.99729e+00
1.50131e+01	2.41222e+00
1.57065e+01	2.78890e+00
1.64318e+01	3.15339e+00
1.71907e+01	3.52439e+00
1.79846e+01	3.91344e+00
1.88152e+01	4.32592e+00
1.96842e+01	4.76233e+00
2.05933e+01	5.21964e+00
2.15444e+01	5.69240e+00
2.25393e+01	6.17381e+00
2.35803e+01	6.65652e+00
2.46693e+01	7.13327e+00
2.58086e+01	7.59732e+00
2.70006e+01	8.04274e+00
2.82475e+01	8.46462e+00
2.95521e+01	8.85904e+00
3.09169e+01	9.22312e+00
3.23448e+01	9.55492e+00
3.38385e+01	9.85334e+00
3.54013e+01	1.01180e+01
3.70363e+01	1.03491e+01
3.87467e+01	1.05474e+01
4.05362e+01	1.07140e+01
4.24083e+01	1.08501e+01
4.43669e+01	1.09574e+01
4.64159e+01	1.10375e+01
4.85595e+01	1.10921e+01
5.08022e+01	1.11231e+01
5.31484e+01	1.11322e+01
5.56030e+01	1.11211e+01
5.81709e+01	1.10914e+01
6.08575e+01	1.10448e+01
6.36681e+01	1.09827e+01
6.66085e+01	1.09066e+01
6.96847e+01	1.08178e+01
7.29030e+01	1.07175e+01
7.62699e+01	1.06070e+01
7.97923e+01	1.04873e+01
8.34773e+01	1.03594e+01
8.73326e+01	1.02242e+01
9.13659e+01	1.00826e+01
9.55855e+01	9.93542e+00
1.00000e+02	9.78334e+00
1.04618e+02	9.62705e+00
1.09450e+02	9.46715e+00
1.14505e+02	9.30423e+00
1.19793e+02	9.13879e+00
1.25325e+02	8.97133e+00
1.31113e+02	8.80228e+00
1.37169e+02	8.63204e+00
1.43504e+02	8.46098e+00
1.50131e+02	8.28945e+00
1.57065e+02	8.11776e+00
1.64318e+02	7.94618e+00
1.71907e+02	7.77499e+00
1.79846e+02	7.60443e+00
1.88152e+02	7.43471e+00
1.96842e+02	7.26603e+00
2.05933e+02	7.09858e+00
2.15444e+02	6.93252e+00
2.25393e+02	6.76801e+00
2.35803e+02	6.60518e+00
2.46693e+02	6.44416e+00
2.58086e+02	6.28507e+00
2.70005e+02	6.12799e+00
2.82475e+02	5.97303e+00
2.95521e+02	5.82027e+00
3.09169e+02	5.66977e+00
3.23448e+02	5.52161e+00
3.38385e+02	5.37584e+00
3.54013e+02	5.23250e+00
3.70363e+02	5.09165e+00
3.87467e+02	4.95330e+00
4.05362e+02	4.81750e+00
4.24083e+02	4.68426e+00
4.43669e+02	4.55361e+00
4.64159e+02	4.42555e+00
4.85595e+02	4.30010e+00
5.08022e+02	4.17725e+00
5.31484e+02	4.05701e+00
5.56030e+02	3.93937e+00
5.81709e+02	3.82432e+00
6.08574e+02	3.71186e+00
6.36681e+02	3.60196e+00
6.66085e+02	3.49462e+00
6.96847e+02	3.38981e+00
7.29029e+02	3.28750e+00
7.62699e+02	3.18768e+00
7.97923e+02	3.09032e+00
8.34773e+02	2.99539e+00
8.73326e+02	2.90286e+00
9.13659e+02	2.81269e+00
9.55855e+02	2.72485e+00
1.00000e+03	2.63932e+00
1.04618e+03	2.55605e+00
1.09450e+03	2.47501e+00
1.14505e+03	2.39616e+00
1.19793e+03	2.31947e+00
1.25325e+03	2.24488e+00
1.31113e+03	2.17237e+00
1.37169e+03	2.10190e+00
1.43504e+03	2.03342e+00
1.50131e+03	1.96689e+00
1.57065e+03	1.90228e+00
1.64318e+03	1.83955e+00
1.71907e+03	1.77865e+00
1.79846e+03	1.71954e+00
1.88152e+03	1.66218e+00
1.96842e+03	1.60654e+00
2.05933e+03	1.55256e+00
2.15443e+03	1.50023e+00
2.25393e+03	1.44948e+00
2.35803e+03	1.40029e+00
2.46693e+03	1.35262e+00
2.58086e+03	1.30642e+00
2.70005e+03	1.26166e+00
2.82475e+03	1.21831e+00
2.95521e+03	1.17632e+00
3.09169e+03	1.13567e+00
3.23448e+03	1.09630e+00
3.38386e+03	1.05820e+00
3.54013e+03	1.02132e+00
3.70363e+03	9.85633e-01
3.87468e+03	9.51102e-01
4.05362e+03	9.17697e-01
4.24083e+03	8.85385e-01
4.43669e+03	8.54135e-01
4.64159e+03	8.23916e-01
4.85595e+03	7.94698e-01
5.08022e+03	7.66452e-01
5.31484e+03	7.39148e-01
5.56030e+03	7.12759e-01
5.81709e+03	6.87258e-01
6.08574e+03	6.62617e-01
6.36681e+03	6.38810e-01
6.66085e+03	6.15812e-01
6.96847e+03	5.93598e-01
7.29030e+03	5.72143e-01
7.62699e+03	5.51424e-01
7.97923e+03	5.31418e-01
8.34773e+03	5.12103e-01
8.73326e+03	4.93455e-01
9.13659e+03	4.75455e-01
9.55855e+03	4.58081e-01
1.00000e+04	4.41313e-01
1.04618e+04	4.25132e-01
1.09450e+04	4.09518e-01
1.14505e+04	3.94454e-01
1.19793e+04	3.79920e-01
1.25325e+04	3.65900e-01
1.31113e+04	3.52377e-01
1.37169e+04	3.39334e-01
1.43504e+04	3.26754e-01
1.50131e+04	3.14624e-01
1.57065e+04	3.02927e-01
1.64318e+04	2.91649e-01
1.71907e+04	2.80776e-01
1.79847e+04	2.70294e-01
1.88152e+04	2.60190e-01
1.96842e+04	2.50451e-01
2.05933e+04	2.41064e-01
2.15443e+04	2.32017e-01
2.25393e+04	2.23299e-01
2.35803e+04	2.14898e-01
2.46693e+04	2.06803e-01
2.58086e+04	1.99004e-01
2.70005e+04	1.91490e-01
2.82475e+04	1.84252e-01
2.95521e+04	1.77279e-01
3.09169e+04	1.70562e-01
3.23448e+04	1.64093e-01
3.38386e+04	1.57862e-01
3.54013e+04	1.51862e-01
3.70363e+04	1.46083e-01
3.87468e+04	1.40519e-01
4.05362e+04	1.35160e-01
4.24083e+04	1.30001e-01
4.43669e+04	1.25034e-01
4.64159e+04	1.20252e-01
4.85595e+04	1.15649e-01
5.08022e+04	1.11217e-01
5.31484e+04	1.06952e-01
5.56030e+04	1.02846e-01
5.81709e+04	9.88935e-02
6.08574e+04	9.50899e-02
6.36681e+04	9.14294e-02
6.66085e+04	8.79066e-02
6.96847e+04	8.45166e-02
7.29029e+04	8.12545e-02
7.62699e+04	7.81157e-02
7.97923e+04	7.50956e-02
8.34773e+04	7.21899e-02
8.73326e+04	6.93943e-02
9.13659e+04	6.67049e-02
9.55855e+04	6.41176e-02
1.00000e+05	6.16287e-02
1.04618e+05	5.92345e-02
1.09450e+05	5.69317e-02
1.14505e+05	5.47166e-02
1.19793e+05	5.25862e-02
1.25325e+05	5.05372e-02
1.31113e+05	4.85665e-02
1.37169e+05	4.66714e-02
1.43504e+05	4.48489e-02
1.50131e+05	4.30964e-02
1.57065e+05	4.14112e-02
1.64318e+05	3.97907e-02
1.71907e+05	3.82327e-02
1.79846e+05	3.67346e-02
1.88152e+05	3.52942e-02
1.96842e+05	3.39095e-02
2.05933e+05	3.25782e-02
2.15444e+05	3.12983e-02
2.25393e+05	3.00680e-02
2.35803e+05	2.88853e-02
2.46693e+05	2.77483e-02
2.58086e+05	2.66555e-02
2.70006e+05	2.56051e-02
2.82475e+05	2.45955e-02
2.95521e+05	2.36251e-02
3.09169e+05	2.26924e-02
3.23448e+05	2.17960e-02
3.38386e+05	2.09346e-02
3.54013e+05	2.01067e-02
3.70363e+05	1.93111e-02
3.87468e+05	1.85466e-02
4.05362e+05	1.78119e-02
4.24083e+05	1.71060e-02
4.43669e+05	1.64277e-02
4.64159e+05	1.57759e-02
4.85595e+05	1.51496e-02
5.08022e+05	1.45479e-02
5.31484e+05	1.39698e-02
5.56030e+05	1.34144e-02
5.81709e+05	1.28808e-02
6.08574e+05	1.23681e-02
6.36680e+05	1.18757e-02
6.66085e+05	1.14026e-02
6.96847e+05	1.09481e-02
7.29030e+05	1.05115e-02
7.62699e+05	1.00921e-02
7.97923e+05	9.68932e-03
8.34773e+05	9.30239e-03
8.73326e+05	8.93074e-03
9.13659e+05	8.57378e-03
9.55855e+05	8.23092e-03
1.00000e+06	7.90163e-03
