# CH2 cross section
256
1.00000e+01	0.00000e+00
1.02746e+01	0.00000e+00
1.05567e+01	0.00000e+00
1.08466e+01	0.00000e+00
1.11445e+01	0.00000e+00
1.14505e+01	3.74880e-02
1.17649e+01	1.85784e-01
1.20880e+01	3.97500e-01
1.24199e+01	6.36787e-01
1.27609e+01	8.80815e-01
1.31113e+01	1.11616e+00
1.34714e+01	1.33603e+00
1.38413e+01	1.69451e+00
1.42214e+01	2.08996e+00
1.46119e+01	2.44429e+00
1.50131e+01	2.76867e+00
1.54254e+01	3.07289e+00
1.58489e+01	3.36514e+00
1.62841e+01	3.65201e+00
1.67313e+01	3.93858e+00
1.71907e+01	4.22855e+00
1.76628e+01	4.52443e+00
1.81478e+01	4.82767e+00
1.86461e+01	5.13886e+00
1.91581e+01	5.45788e+00
1.96842e+01	5.78402e+00
2.02247e+01	6.11615e+00
2.07801e+01	6.45280e+00
2.13507e+01	6.79226e+00
2.19370e+01	7.13271e+00
2.25393e+01	7.47227e+00
2.31583e+01	7.80904e+00
2.37942e+01	8.14122e+00
2.44475e+01	8.46708e+00
2.51189e+01	8.78503e+00
2.58086e+01	9.09364e+00
2.65173e+01	9.39164e+00
2.72455e+01	9.67794e+00
2.79936e+01	9.95164e+00
2.87623e+01	1.02120e+01
2.95521e+01	1.04584e+01
3.03636e+01	1.06905e+01
3.11974e+01	1.09080e+01
3.20540e+01	1.11108e+01
3.29342e+01	1.12989e+01
3.38385e+01	1.14723e+01
3.47677e+01	1.16312e+01
3.57225e+01	1.17759e+01
3.67034e+01	1.19068e+01
3.77112e+01	1.20241e+01
3.87467e+01	1.21284e+01
3.98107e+01	1.22200e+01
4.09039e+01	1.22995e+01
4.20271e+01	1.23673e+01
4.31811e+01	1.24239e+01
4.43669e+01	1.24698e+01
4.55852e+01	1.25056e+01
4.68369e+01	1.25318e+01
4.81230e+01	1.25487e+01
4.94445e+01	1.25569e+01
5.08022e+01	1.25569e+01
5.21972e+01	1.25491e+01
5.36305e+01	1.25339e+01
5.51032e+01	1.25117e+01
5.66163e+01	1.24831e+01
5.81709e+01	1.24482e+01
5.97683e+01	1.24075e+01
6.14095e+01	1.23614e+01
6.30957e+01	1.23101e+01
6.48283e+01	1.22540e+01
6.66085e+01	1.21934e+01
6.84375e+01	1.21286e+01
7.03168e+01	1.20598e+01
7.22476e+01	1.19872e+01
7.42315e+01	1.19112e+01
7.62699e+01	1.18320e+01
7.83642e+01	1.17497e+01
8.05160e+01	1.16646e+01
8.27270e+01	1.15768e+01
8.49986e+01	1.14866e+01
8.73326e+01	1.13941e+01
8.97307e+01	1.12996e+01
9.21947e+01	1.12030e+01
9.47263e+01	1.11047e+01
9.73274e+01	1.10047e+01
1.00000e+02	1.09032e+01
1.02746e+02	1.08003e+01
1.05567e+02	1.06962e+01
1.08466e+02	1.05908e+01
1.11445e+02	1.04845e+01
1.14505e+02	1.03772e+01
1.17649e+02	1.02690e+01
1.20880e+02	1.01601e+01
1.24199e+02	1.00505e+01
1.27609e+02	9.94041e+00
1.31113e+02	9.82980e+00
1.34714e+02	9.71878e+00
1.38413e+02	9.60743e+00
1.42214e+02	9.49582e+00
1.46119e+02	9.38401e+00
1.50131e+02	9.27208e+00
1.54254e+02	9.16009e+00
1.58489e+02	9.04809e+00
1.62841e+02	8.93615e+00
1.67313e+02	8.82431e+00
1.71907e+02	8.71263e+00
1.76628e+02	8.60116e+00
1.81478e+02	8.48995e+00
1.86461e+02	8.37903e+00
1.91581e+02	8.26846e+00
1.96842e+02	8.15828e+00
2.02247e+02	8.04852e+00
2.07801e+02	7.93922e+00
2.13507e+02	7.83041e+00
2.19370e+02	7.72214e+00
2.25393e+02	7.61444e+00
2.31583e+02	7.50732e+00
2.37942e+02	7.40083e+00
2.44476e+02	7.29500e+00
2.51189e+02	7.18983e+00
2.58086e+02	7.08538e+00
2.65173e+02	6.98165e+00
2.72455e+02	6.87866e+00
2.79936e+02	6.77645e+00
2.87623e+02	6.67502e+00
2.95521e+02	6.57441e+00
3.03636e+02	6.47462e+00
3.11974e+02	6.37568e+00
3.20540e+02	6.27759e+00
3.29342e+02	6.18038e+00
3.38385e+02	6.08406e+00
3.47677e+02	5.98863e+00
3.57224e+02	5.89412e+00
3.67034e+02	5.80053e+00
3.77112e+02	5.70787e+00
3.87467e+02	5.61615e+00
3.98107e+02	5.52539e+00
4.09039e+02	5.43558e+00
4.20271e+02	5.34673e+00
4.31811e+02	5.25886e+00
4.43669e+02	5.17196e+00
4.55852e+02	5.08605e+00
4.68369e+02	5.00112e+00
4.81230e+02	4.91717e+00
4.94445e+02	4.83422e+00
5.08022e+02	4.75226e+00
5.21972e+02	4.67130e+00
5.36305e+02	4.59133e+00
5.51032e+02	4.51236e+00
5.66163e+02	4.43438e+00
5.81709e+02	4.35740e+00
5.97683e+02	4.28141e+00
6.14095e+02	4.20642e+00
6.30957e+02	4.13242e+00
6.48283e+02	4.05941e+00
6.66085e+02	3.98738e+00
6.84375e+02	3.91634e+00
7.03168e+02	3.84627e+00
7.22476e+02	3.77718e+00
7.42315e+02	3.70907e+00
7.62699e+02	3.64191e+00
7.83642e+02	3.57572e+00
8.05160e+02	3.51049e+00
8.27270e+02	3.44621e+00
8.49986e+02	3.38287e+00
8.73326e+02	3.32047e+00
8.97307e+02	3.25900e+00
9.21947e+02	3.19846e+00
9.47263e+02	3.13884e+00
9.73274e+02	3.08013e+00
1.00000e+03	3.02232e+00
1.02746e+03	2.96541e+00
1.05567e+03	2.90939e+00
1.08466e+03	2.85426e+00
1.11444e+03	2.79999e+00
1.14505e+03	2.74660e+00
1.17649e+03	2.69406e+00
1.20880e+03	2.64237e+00
1.24199e+03	2.59152e+00
1.27609e+03	2.54150e+00
1.31113e+03	2.49230e+00
1.34714e+03	2.44393e+00
1.38413e+03	2.39635e+00
1.42214e+03	2.34958e+00
1.46119e+03	2.30359e+00
1.50131e+03	2.25838e+00
1.54254e+03	2.21394e+00
1.58489e+03	2.17026e+00
1.62841e+03	2.12733e+00
1.67313e+03	2.08515e+00
1.71907e+03	2.04370e+00
1.76628e+03	2.00297e+00
1.81478e+03	1.96296e+00
1.86461e+03	1.92365e+00
1.91581e+03	1.88504e+00
1.96842e+03	1.84712e+00
2.02247e+03	1.80987e+00
2.07801e+03	1.77330e+00
2.13507e+03	1.73738e+00
2.19370e+03	1.70211e+00
2.25393e+03	1.66749e+00
2.31583e+03	1.63349e+00
2.37942e+03	1.60012e+00
2.44476e+03	1.56736e+00
2.51189e+03	1.53521e+00
2.58086e+03	1.50365e+00
2.65173e+03	1.47268e+00
2.72455e+03	1.44229e+00
2.79936e+03	1.41247e+00
2.87623e+03	1.38321e+00
2.95521e+03	1.35450e+00
3.03636e+03	1.32633e+00
3.11974e+03	1.29870e+00
3.20540e+03	1.27160e+00
3.29342e+03	1.24501e+00
3.38386e+03	1.21894e+00
3.47677e+03	1.19336e+00
3.57224e+03	1.16828e+00
3.67034e+03	1.14369e+00
3.77112e+03	1.11957e+00
3.87468e+03	1.09592e+00
3.98107e+03	1.07274e+00
4.09039e+03	1.05001e+00
4.20271e+03	1.02772e+00
4.31811e+03	1.00587e+00
4.43669e+03	9.84459e-01
4.55852e+03	9.63468e-01
4.68369e+03	9.42893e-01
4.81230e+03	9.22728e-01
4.94445e+03	9.02966e-01
5.08022e+03	8.83598e-01
5.21972e+03	8.64619e-01
5.36305e+03	8.46021e-01
5.51032e+03	8.27798e-01
5.66163e+03	8.09943e-01
5.81709e+03	7.92449e-01
5.97683e+03	7.75310e-01
6.14095e+03	7.58520e-01
6.30957e+03	7.42071e-01
6.48283e+03	7.25959e-01
6.66085e+03	7.10176e-01
6.84375e+03	6.94717e-01
7.03168e+03	6.79575e-01
7.22476e+03	6.64745e-01
7.42315e+03	6.50222e-01
7.62699e+03	6.35998e-01
7.83642e+03	6.22069e-01
8.05160e+03	6.08429e-01
8.27270e+03	5.95073e-01
8.49986e+03	5.81994e-01
8.73326e+03	5.69189e-01
8.97307e+03	5.56652e-01
9.21947e+03	5.44377e-01
9.47263e+03	5.32359e-01
9.73274e+03	5.20595e-01
1.00000e+04	5.09078e-01
