# CH2CCO cross section
256
1.00000e+01	0.00000e+00
1.04618e+01	0.00000e+00
1.09450e+01	0.00000e+00
1.14505e+01	1.12423e-01
1.19793e+01	9.64196e-01
1.25325e+01	2.14038e+00
1.31113e+01	3.31259e+00
1.37169e+01	4.48084e+00
1.43504e+01	5.88026e+00
1.50131e+01	6.98333e+00
1.57065e+01	7.97279e+00
1.64318e+01	8.96154e+00
1.71907e+01	1.00116e+01
1.79846e+01	1.11496e+01
1.88152e+01	1.23787e+01
1.96842e+01	1.36872e+01
2.05933e+01	1.50550e+01
2.15444e+01	1.64580e+01
2.25393e+01	1.78712e+01
2.35803e+01	1.92709e+01
2.46693e+01	2.06363e+01
2.58086e+01	2.19498e+01
2.70006e+01	2.31975e+01
2.82475e+01	2.43690e+01
2.95521e+01	2.54574e+01
3.09169e+01	2.64586e+01
3.23448e+01	2.73708e+01
3.38385e+01	2.81943e+01
3.54013e+01	2.89307e+01
3.70363e+01	2.95827e+01
3.87467e+01	3.01538e+01
4.05362e+01	3.06480e+01
4.24083e+01	3.10692e+01
4.43669e+01	3.14217e+01
4.64159e+01	3.17096e+01
4.85595e+01	3.19370e+01
5.08022e+01	3.21078e+01
5.31484e+01	3.22254e+01
5.56030e+01	3.22934e+01
5.81709e+01	3.23151e+01
6.08575e+01	3.22933e+01
6.36681e+01	3.22310e+01
6.66085e+01	3.21309e+01
6.96847e+01	3.19954e+01
7.29030e+01	3.18269e+01
7.62699e+01	3.16276e+01
7.97923e+01	3.13997e+01
8.34773e+01	3.11451e+01
8.73326e+01	3.08658e+01
9.13659e+01	3.05637e+01
9.55855e+01	3.02404e+01
1.00000e+02	2.98977e+01
1.04618e+02	2.95372e+01
1.09450e+02	2.91603e+01
1.14505e+02	2.87685e+01
1.19793e+02	2.83633e+01
1.25325e+02	2.79460e+01
1.31113e+02	2.75178e+01
1.37169e+02	2.70800e+01
1.43504e+02	2.66338e+01
1.50131e+02	2.61803e+01
1.57065e+02	2.57205e+01
1.64318e+02	2.52554e+01
1.71907e+02	2.47861e+01
1.79846e+02	2.43134e+01
1.88152e+02	2.38381e+01
1.96842e+02	2.33612e+01
2.05933e+02	2.28834e+01
2.15444e+02	2.24053e+01
2.25393e+02	2.19278e+01
2.35803e+02	2.14513e+01
2.46693e+02	2.09766e+01
2.58086e+02	2.05042e+01
2.70005e+02	2.00346e+01
2.82475e+02	1.95683e+01
2.95521e+02	1.91058e+01
3.09169e+02	1.86474e+01
3.23448e+02	1.81937e+01
3.38385e+02	1.77448e+01
3.54013e+02	1.73013e+01
3.70363e+02	1.68632e+01
3.87467e+02	1.64310e+01
4.05362e+02	1.60049e+01
4.24083e+02	1.55851e+01
4.43669e+02	1.51717e+01
4.64159e+02	1.47651e+01
4.85595e+02	1.43652e+01
5.08022e+02	1.39723e+01
5.31484e+02	1.35864e+01
5.56030e+02	1.32077e+01
5.81709e+02	1.28362e+01
6.08574e+02	1.24720e+01
6.36681e+02	1.21152e+01
6.66085e+02	1.17657e+01
6.96847e+02	1.14236e+01
7.29029e+02	1.10889e+01
7.62699e+02	1.07615e+01
7.97923e+02	1.04415e+01
8.34773e+02	1.01289e+01
8.73326e+02	9.82348e+00
9.13659e+02	9.52535e+00
9.55855e+02	9.23440e+00
1.00000e+03	8.95057e+00
1.04618e+03	8.67379e+00
1.09450e+03	8.40399e+00
1.14505e+03	8.14108e+00
1.19793e+03	7.88496e+00
1.25325e+03	7.63556e+00
1.31113e+03	7.39277e+00
1.37169e+03	7.15649e+00
1.43504e+03	6.92662e+00
1.50131e+03	6.70305e+00
1.57065e+03	6.48567e+00
1.64318e+03	6.27437e+00
1.71907e+03	6.06904e+00
1.79846e+03	5.86955e+00
1.88152e+03	5.67580e+00
1.96842e+03	5.48767e+00
2.05933e+03	5.30504e+00
2.15443e+03	5.12779e+00
2.25393e+03	4.95580e+00
2.35803e+03	4.78896e+00
2.46693e+03	4.62714e+00
2.58086e+03	4.47024e+00
2.70005e+03	4.31812e+00
2.82475e+03	4.17069e+00
2.95521e+03	4.02782e+00
3.09169e+03	3.88939e+00
3.23448e+03	3.75531e+00
3.38386e+03	3.62544e+00
3.54013e+03	3.49969e+00
3.70363e+03	3.37794e+00
3.87468e+03	3.26010e+00
4.05362e+03	3.14604e+00
4.24083e+03	3.03568e+00
4.43669e+03	2.92890e+00
4.64159e+03	2.82560e+00
4.85595e+03	2.72570e+00
5.08022e+03	2.62908e+00
5.31484e+03	2.53567e+00
5.56030e+03	2.44535e+00
5.81709e+03	2.35805e+00
6.08574e+03	2.27368e+00
6.36681e+03	2.19214e+00
6.66085e+03	2.11335e+00
6.96847e+03	2.03723e+00
7.29030e+03	1.96370e+00
7.62699e+03	1.89267e+00
7.97923e+03	1.82408e+00
8.34773e+03	1.75784e+00
8.73326e+03	1.69389e+00
9.13659e+03	1.63214e+00
9.55855e+03	1.57254e+00
1.00000e+04	1.51501e+00
1.04618e+04	1.45948e+00
1.09450e+04	1.40589e+00
1.14505e+04	1.35419e+00
1.19793e+04	1.30430e+00
1.25325e+04	1.25617e+00
1.31113e+04	1.20974e+00
1.37169e+04	1.16496e+00
1.43504e+04	1.12177e+00
1.50131e+04	1.08011e+00
1.57065e+04	1.03994e+00
1.64318e+04	1.00121e+00
1.71907e+04	9.63870e-01
1.79847e+04	9.27869e-01
1.88152e+04	8.93164e-01
1.96842e+04	8.59712e-01
2.05933e+04	8.27469e-01
2.15443e+04	7.96395e-01
2.25393e+04	7.66448e-01
2.35803e+04	7.37591e-01
2.46693e+04	7.09785e-01
2.58086e+04	6.82995e-01
2.70005e+04	6.57184e-01
2.82475e+04	6.32320e-01
2.95521e+04	6.08367e-01
3.09169e+04	5.85296e-01
3.23448e+04	5.63075e-01
3.38386e+04	5.41673e-01
3.54013e+04	5.21061e-01
3.70363e+04	5.01213e-01
3.87468e+04	4.82101e-01
4.05362e+04	4.63698e-01
4.24083e+04	4.45979e-01
4.43669e+04	4.28920e-01
4.64159e+04	4.12497e-01
4.85595e+04	3.96687e-01
5.08022e+04	3.81469e-01
5.31484e+04	3.66820e-01
5.56030e+04	3.52720e-01
5.81709e+04	3.39150e-01
6.08574e+04	3.26090e-01
6.36681e+04	3.13522e-01
6.66085e+04	3.01427e-01
6.96847e+04	2.89789e-01
7.29029e+04	2.78590e-01
7.62699e+04	2.67815e-01
7.97923e+04	2.57447e-01
8.34773e+04	2.47473e-01
8.73326e+04	2.37878e-01
9.13659e+04	2.28647e-01
9.55855e+04	2.19767e-01
1.00000e+05	2.11226e-01
1.04618e+05	2.03010e-01
1.09450e+05	1.95107e-01
1.14505e+05	1.87507e-01
1.19793e+05	1.80197e-01
1.25325e+05	1.73166e-01
1.31113e+05	1.66406e-01
1.37169e+05	1.59904e-01
1.43504e+05	1.53652e-01
1.50131e+05	1.47641e-01
1.57065e+05	1.41860e-01
1.64318e+05	1.36302e-01
1.71907e+05	1.30958e-01
1.79846e+05	1.25821e-01
1.88152e+05	1.20881e-01
1.96842e+05	1.16132e-01
2.05933e+05	1.11568e-01
2.15444e+05	1.07179e-01
2.25393e+05	1.02961e-01
2.35803e+05	9.89059e-02
2.46693e+05	9.50083e-02
2.58086e+05	9.12620e-02
2.70006e+05	8.76613e-02
2.82475e+05	8.42007e-02
2.95521e+05	8.08746e-02
3.09169e+05	7.76781e-02
3.23448e+05	7.46062e-02
3.38386e+05	7.16541e-02
3.54013e+05	6.88172e-02
3.70363e+05	6.60911e-02
3.87468e+05	6.34716e-02
4.05362e+05	6.09545e-02
4.24083e+05	5.85359e-02
4.43669e+05	5.62121e-02
4.64159e+05	5.39793e-02
4.85595e+05	5.18341e-02
5.08022e+05	4.97731e-02
5.31484e+05	4.77930e-02
5.56030e+05	4.58908e-02
5.81709e+05	4.40633e-02
6.08574e+05	4.23078e-02
6.36680e+05	4.06213e-02
6.66085e+05	3.90013e-02
6.96847e+05	3.74452e-02
7.29030e+05	3.59504e-02
7.62699e+05	3.45147e-02
7.97923e+05	3.31356e-02
8.34773e+05	3.18110e-02
8.73326e+05	3.05388e-02
9.13659e+05	2.93169e-02
9.55855e+05	2.81433e-02
1.00000e+06	2.70163e-02
