# CH2CHCHO cross section
256
1.00000e+01	0.00000e+00
1.04618e+01	0.00000e+00
1.09450e+01	0.00000e+00
1.14505e+01	1.12426e-01
1.19793e+01	9.64433e-01
1.25325e+01	2.14155e+00
1.31113e+01	3.31540e+00
1.37169e+01	4.56402e+00
1.43504e+01	6.31201e+00
1.50131e+01	7.69302e+00
1.57065e+01	8.92199e+00
1.64318e+01	1.01314e+01
1.71907e+01	1.13935e+01
1.79846e+01	1.27390e+01
1.88152e+01	1.41708e+01
1.96842e+01	1.56753e+01
2.05933e+01	1.72290e+01
2.15444e+01	1.88042e+01
2.25393e+01	2.03728e+01
2.35803e+01	2.19084e+01
2.46693e+01	2.33882e+01
2.58086e+01	2.47935e+01
2.70006e+01	2.61102e+01
2.82475e+01	2.73286e+01
2.95521e+01	2.84429e+01
3.09169e+01	2.94508e+01
3.23448e+01	3.03527e+01
3.38385e+01	3.11511e+01
3.54013e+01	3.18502e+01
3.70363e+01	3.24551e+01
3.87467e+01	3.29715e+01
4.05362e+01	3.34054e+01
4.24083e+01	3.37629e+01
4.43669e+01	3.40497e+01
4.64159e+01	3.42715e+01
4.85595e+01	3.44332e+01
5.08022e+01	3.45397e+01
5.31484e+01	3.45953e+01
5.56030e+01	3.46040e+01
5.81709e+01	3.45692e+01
6.08575e+01	3.44943e+01
6.36681e+01	3.43820e+01
6.66085e+01	3.42352e+01
6.96847e+01	3.40562e+01
7.29030e+01	3.38472e+01
7.62699e+01	3.36103e+01
7.97923e+01	3.33474e+01
8.34773e+01	3.30604e+01
8.73326e+01	3.27508e+01
9.13659e+01	3.24204e+01
9.55855e+01	3.20706e+01
1.00000e+02	3.17029e+01
1.04618e+02	3.13187e+01
1.09450e+02	3.09192e+01
1.14505e+02	3.05059e+01
1.19793e+02	3.00798e+01
1.25325e+02	2.96423e+01
1.31113e+02	2.91945e+01
1.37169e+02	2.87374e+01
1.43504e+02	2.82721e+01
1.50131e+02	2.77996e+01
1.57065e+02	2.73210e+01
1.64318e+02	2.68371e+01
1.71907e+02	2.63488e+01
1.79846e+02	2.58570e+01
1.88152e+02	2.53626e+01
1.96842e+02	2.48663e+01
2.05933e+02	2.43688e+01
2.15444e+02	2.38708e+01
2.25393e+02	2.33731e+01
2.35803e+02	2.28763e+01
2.46693e+02	2.23809e+01
2.58086e+02	2.18876e+01
2.70005e+02	2.13968e+01
2.82475e+02	2.09091e+01
2.95521e+02	2.04249e+01
3.09169e+02	1.99447e+01
3.23448e+02	1.94688e+01
3.38385e+02	1.89977e+01
3.54013e+02	1.85317e+01
3.70363e+02	1.80711e+01
3.87467e+02	1.76163e+01
4.05362e+02	1.71674e+01
4.24083e+02	1.67248e+01
4.43669e+02	1.62886e+01
4.64159e+02	1.58590e+01
4.85595e+02	1.54363e+01
5.08022e+02	1.50206e+01
5.31484e+02	1.46119e+01
5.56030e+02	1.42105e+01
5.81709e+02	1.38165e+01
6.08574e+02	1.34298e+01
6.36681e+02	1.30507e+01
6.66085e+02	1.26790e+01
6.96847e+02	1.23150e+01
7.29029e+02	1.19585e+01
7.62699e+02	1.16096e+01
7.97923e+02	1.12683e+01
8.34773e+02	1.09346e+01
8.73326e+02	1.06084e+01
9.13659e+02	1.02897e+01
9.55855e+02	9.97857e+00
1.00000e+03	9.67481e+00
1.04618e+03	9.37841e+00
1.09450e+03	9.08930e+00
1.14505e+03	8.80741e+00
1.19793e+03	8.53264e+00
1.25325e+03	8.26493e+00
1.31113e+03	8.00417e+00
1.37169e+03	7.75026e+00
1.43504e+03	7.50312e+00
1.50131e+03	7.26262e+00
1.57065e+03	7.02867e+00
1.64318e+03	6.80116e+00
1.71907e+03	6.57997e+00
1.79846e+03	6.36498e+00
1.88152e+03	6.15609e+00
1.96842e+03	5.95316e+00
2.05933e+03	5.75609e+00
2.15443e+03	5.56475e+00
2.25393e+03	5.37903e+00
2.35803e+03	5.19879e+00
2.46693e+03	5.02392e+00
2.58086e+03	4.85430e+00
2.70005e+03	4.68981e+00
2.82475e+03	4.53033e+00
2.95521e+03	4.37573e+00
3.09169e+03	4.22590e+00
3.23448e+03	4.08072e+00
3.38386e+03	3.94008e+00
3.54013e+03	3.80386e+00
3.70363e+03	3.67194e+00
3.87468e+03	3.54421e+00
4.05362e+03	3.42057e+00
4.24083e+03	3.30089e+00
4.43669e+03	3.18508e+00
4.64159e+03	3.07303e+00
4.85595e+03	2.96463e+00
5.08022e+03	2.85978e+00
5.31484e+03	2.75838e+00
5.56030e+03	2.66034e+00
5.81709e+03	2.56554e+00
6.08574e+03	2.47391e+00
6.36681e+03	2.38534e+00
6.66085e+03	2.29975e+00
6.96847e+03	2.21705e+00
7.29030e+03	2.13715e+00
7.62699e+03	2.05996e+00
7.97923e+03	1.98540e+00
8.34773e+03	1.91340e+00
8.73326e+03	1.84387e+00
9.13659e+03	1.77673e+00
9.55855e+03	1.71191e+00
1.00000e+04	1.64934e+00
1.04618e+04	1.58895e+00
1.09450e+04	1.53066e+00
1.14505e+04	1.47441e+00
1.19793e+04	1.42014e+00
1.25325e+04	1.36777e+00
1.31113e+04	1.31725e+00
1.37169e+04	1.26852e+00
1.43504e+04	1.22151e+00
1.50131e+04	1.17618e+00
1.57065e+04	1.13246e+00
1.64318e+04	1.09030e+00
1.71907e+04	1.04965e+00
1.79847e+04	1.01046e+00
1.88152e+04	9.72678e-01
1.96842e+04	9.36259e-01
2.05933e+04	9.01154e-01
2.15443e+04	8.67320e-01
2.25393e+04	8.34714e-01
2.35803e+04	8.03292e-01
2.46693e+04	7.73014e-01
2.58086e+04	7.43840e-01
2.70005e+04	7.15733e-01
2.82475e+04	6.88655e-01
2.95521e+04	6.62570e-01
3.09169e+04	6.37444e-01
3.23448e+04	6.13243e-01
3.38386e+04	5.89934e-01
3.54013e+04	5.67485e-01
3.70363e+04	5.45868e-01
3.87468e+04	5.25051e-01
4.05362e+04	5.05007e-01
4.24083e+04	4.85707e-01
4.43669e+04	4.67127e-01
4.64159e+04	4.49238e-01
4.85595e+04	4.32018e-01
5.08022e+04	4.15441e-01
5.31484e+04	3.99485e-01
5.56030e+04	3.84127e-01
5.81709e+04	3.69346e-01
6.08574e+04	3.55120e-01
6.36681e+04	3.41430e-01
6.66085e+04	3.28256e-01
6.96847e+04	3.15578e-01
7.29029e+04	3.03380e-01
7.62699e+04	2.91643e-01
7.97923e+04	2.80351e-01
8.34773e+04	2.69487e-01
8.73326e+04	2.59035e-01
9.13659e+04	2.48980e-01
9.55855e+04	2.39308e-01
1.00000e+05	2.30004e-01
1.04618e+05	2.21055e-01
1.09450e+05	2.12448e-01
1.14505e+05	2.04169e-01
1.19793e+05	1.96207e-01
1.25325e+05	1.88550e-01
1.31113e+05	1.81186e-01
1.37169e+05	1.74105e-01
1.43504e+05	1.67296e-01
1.50131e+05	1.60748e-01
1.57065e+05	1.54452e-01
1.64318e+05	1.48399e-01
1.71907e+05	1.42579e-01
1.79846e+05	1.36984e-01
1.88152e+05	1.31604e-01
1.96842e+05	1.26433e-01
2.05933e+05	1.21461e-01
2.15444e+05	1.16682e-01
2.25393e+05	1.12088e-01
2.35803e+05	1.07672e-01
2.46693e+05	1.03428e-01
2.58086e+05	9.93481e-02
2.70006e+05	9.54270e-02
2.82475e+05	9.16585e-02
2.95521e+05	8.80366e-02
3.09169e+05	8.45559e-02
3.23448e+05	8.12108e-02
3.38386e+05	7.79963e-02
3.54013e+05	7.49072e-02
3.70363e+05	7.19389e-02
3.87468e+05	6.90866e-02
4.05362e+05	6.63459e-02
4.24083e+05	6.37125e-02
4.43669e+05	6.11823e-02
4.64159e+05	5.87513e-02
4.85595e+05	5.64157e-02
5.08022e+05	5.41718e-02
5.31484e+05	5.20160e-02
5.56030e+05	4.99450e-02
5.81709e+05	4.79554e-02
6.08574e+05	4.60441e-02
6.36680e+05	4.42082e-02
6.66085e+05	4.24445e-02
6.96847e+05	4.07505e-02
7.29030e+05	3.91232e-02
7.62699e+05	3.75602e-02
7.97923e+05	3.60590e-02
8.34773e+05	3.46171e-02
8.73326e+05	3.32322e-02
9.13659e+05	3.19021e-02
9.55855e+05	3.06247e-02
1.00000e+06	2.93978e-02
