# CH2CCH2 cross section
256
1.00000e+01	0.00000e+00
1.04618e+01	0.00000e+00
1.09450e+01	0.00000e+00
1.14505e+01	1.12423e-01
1.19793e+01	9.64191e-01
1.25325e+01	2.14036e+00
1.31113e+01	3.31253e+00
1.37169e+01	4.51264e+00
1.43504e+01	6.10581e+00
1.50131e+01	7.44704e+00
1.57065e+01	8.65015e+00
1.64318e+01	9.80292e+00
1.71907e+01	1.09649e+01
1.79846e+01	1.21705e+01
1.88152e+01	1.34333e+01
1.96842e+01	1.47519e+01
2.05933e+01	1.61139e+01
2.15444e+01	1.75003e+01
2.25393e+01	1.88890e+01
2.35803e+01	2.02573e+01
2.46693e+01	2.15840e+01
2.58086e+01	2.28504e+01
2.70006e+01	2.40416e+01
2.82475e+01	2.51459e+01
2.95521e+01	2.61557e+01
3.09169e+01	2.70664e+01
3.23448e+01	2.78762e+01
3.38385e+01	2.85861e+01
3.54013e+01	2.91983e+01
3.70363e+01	2.97170e+01
3.87467e+01	3.01470e+01
4.05362e+01	3.04938e+01
4.24083e+01	3.07632e+01
4.43669e+01	3.09611e+01
4.64159e+01	3.10932e+01
4.85595e+01	3.11653e+01
5.08022e+01	3.11825e+01
5.31484e+01	3.11498e+01
5.56030e+01	3.10720e+01
5.81709e+01	3.09532e+01
6.08575e+01	3.07972e+01
6.36681e+01	3.06078e+01
6.66085e+01	3.03881e+01
6.96847e+01	3.01411e+01
7.29030e+01	2.98694e+01
7.62699e+01	2.95755e+01
7.97923e+01	2.92616e+01
8.34773e+01	2.89297e+01
8.73326e+01	2.85816e+01
9.13659e+01	2.82192e+01
9.55855e+01	2.78438e+01
1.00000e+02	2.74570e+01
1.04618e+02	2.70600e+01
1.09450e+02	2.66540e+01
1.14505e+02	2.62402e+01
1.19793e+02	2.58197e+01
1.25325e+02	2.53934e+01
1.31113e+02	2.49621e+01
1.37169e+02	2.45268e+01
1.43504e+02	2.40882e+01
1.50131e+02	2.36471e+01
1.57065e+02	2.32041e+01
1.64318e+02	2.27599e+01
1.71907e+02	2.23152e+01
1.79846e+02	2.18704e+01
1.88152e+02	2.14262e+01
1.96842e+02	2.09830e+01
2.05933e+02	2.05413e+01
2.15444e+02	2.01015e+01
2.25393e+02	1.96641e+01
2.35803e+02	1.92295e+01
2.46693e+02	1.87979e+01
2.58086e+02	1.83698e+01
2.70005e+02	1.79455e+01
2.82475e+02	1.75253e+01
2.95521e+02	1.71094e+01
3.09169e+02	1.66981e+01
3.23448e+02	1.62916e+01
3.38385e+02	1.58902e+01
3.54013e+02	1.54940e+01
3.70363e+02	1.51033e+01
3.87467e+02	1.47182e+01
4.05362e+02	1.43388e+01
4.24083e+02	1.39653e+01
4.43669e+02	1.35977e+01
4.64159e+02	1.32363e+01
4.85595e+02	1.28811e+01
5.08022e+02	1.25322e+01
5.31484e+02	1.21896e+01
5.56030e+02	1.18533e+01
5.81709e+02	1.15235e+01
6.08574e+02	1.12002e+01
6.36681e+02	1.08834e+01
6.66085e+02	1.05730e+01
6.96847e+02	1.02692e+01
7.29029e+02	9.97180e+00
7.62699e+02	9.68090e+00
7.97923e+02	9.39646e+00
8.34773e+02	9.11843e+00
8.73326e+02	8.84679e+00
9.13659e+02	8.58148e+00
9.55855e+02	8.32245e+00
1.00000e+03	8.06965e+00
1.04618e+03	7.82302e+00
1.09450e+03	7.58249e+00
1.14505e+03	7.34799e+00
1.19793e+03	7.11945e+00
1.25325e+03	6.89678e+00
1.31113e+03	6.67990e+00
1.37169e+03	6.46874e+00
1.43504e+03	6.26319e+00
1.50131e+03	6.06318e+00
1.57065e+03	5.86860e+00
1.64318e+03	5.67936e+00
1.71907e+03	5.49538e+00
1.79846e+03	5.31654e+00
1.88152e+03	5.14276e+00
1.96842e+03	4.97392e+00
2.05933e+03	4.80994e+00
2.15443e+03	4.65072e+00
2.25393e+03	4.49614e+00
2.35803e+03	4.34612e+00
2.46693e+03	4.20054e+00
2.58086e+03	4.05932e+00
2.70005e+03	3.92234e+00
2.82475e+03	3.78951e+00
2.95521e+03	3.66074e+00
3.09169e+03	3.53592e+00
3.23448e+03	3.41495e+00
3.38386e+03	3.29774e+00
3.54013e+03	3.18420e+00
3.70363e+03	3.07423e+00
3.87468e+03	2.96773e+00
4.05362e+03	2.86462e+00
4.24083e+03	2.76480e+00
4.43669e+03	2.66819e+00
4.64159e+03	2.57470e+00
4.85595e+03	2.48423e+00
5.08022e+03	2.39672e+00
5.31484e+03	2.31207e+00
5.56030e+03	2.23021e+00
5.81709e+03	2.15105e+00
6.08574e+03	2.07451e+00
6.36681e+03	2.00052e+00
6.66085e+03	1.92901e+00
6.96847e+03	1.85990e+00
7.29030e+03	1.79311e+00
7.62699e+03	1.72858e+00
7.97923e+03	1.66624e+00
8.34773e+03	1.60603e+00
8.73326e+03	1.54787e+00
9.13659e+03	1.49171e+00
9.55855e+03	1.43748e+00
1.00000e+04	1.38512e+00
1.04618e+04	1.33457e+00
1.09450e+04	1.28578e+00
1.14505e+04	1.23868e+00
1.19793e+04	1.19323e+00
1.25325e+04	1.14938e+00
1.31113e+04	1.10706e+00
1.37169e+04	1.06623e+00
1.43504e+04	1.02685e+00
1.50131e+04	9.88853e-01
1.57065e+04	9.52209e-01
1.64318e+04	9.16867e-01
1.71907e+04	8.82786e-01
1.79847e+04	8.49923e-01
1.88152e+04	8.18237e-01
1.96842e+04	7.87689e-01
2.05933e+04	7.58239e-01
2.15443e+04	7.29851e-01
2.25393e+04	7.02489e-01
2.35803e+04	6.76117e-01
2.46693e+04	6.50702e-01
2.58086e+04	6.26211e-01
2.70005e+04	6.02611e-01
2.82475e+04	5.79873e-01
2.95521e+04	5.57966e-01
3.09169e+04	5.36860e-01
3.23448e+04	5.16530e-01
3.38386e+04	4.96946e-01
3.54013e+04	4.78083e-01
3.70363e+04	4.59916e-01
3.87468e+04	4.42419e-01
4.05362e+04	4.25570e-01
4.24083e+04	4.09345e-01
4.43669e+04	3.93722e-01
4.64159e+04	3.78680e-01
4.85595e+04	3.64197e-01
5.08022e+04	3.50255e-01
5.31484e+04	3.36832e-01
5.56030e+04	3.23912e-01
5.81709e+04	3.11475e-01
6.08574e+04	2.99504e-01
6.36681e+04	2.87983e-01
6.66085e+04	2.76894e-01
6.96847e+04	2.66223e-01
7.29029e+04	2.55954e-01
7.62699e+04	2.46072e-01
7.97923e+04	2.36563e-01
8.34773e+04	2.27414e-01
8.73326e+04	2.18612e-01
9.13659e+04	2.10143e-01
9.55855e+04	2.01995e-01
1.00000e+05	1.94157e-01
1.04618e+05	1.86617e-01
1.09450e+05	1.79364e-01
1.14505e+05	1.72388e-01
1.19793e+05	1.65678e-01
1.25325e+05	1.59224e-01
1.31113e+05	1.53016e-01
1.37169e+05	1.47047e-01
1.43504e+05	1.41306e-01
1.50131e+05	1.35785e-01
1.57065e+05	1.30476e-01
1.64318e+05	1.25371e-01
1.71907e+05	1.20463e-01
1.79846e+05	1.15743e-01
1.88152e+05	1.11205e-01
1.96842e+05	1.06843e-01
2.05933e+05	1.02648e-01
2.15444e+05	9.86158e-02
2.25393e+05	9.47393e-02
2.35803e+05	9.10129e-02
2.46693e+05	8.74307e-02
2.58086e+05	8.39874e-02
2.70006e+05	8.06776e-02
2.82475e+05	7.74964e-02
2.95521e+05	7.44387e-02
3.09169e+05	7.15000e-02
3.23448e+05	6.86756e-02
3.38386e+05	6.59611e-02
3.54013e+05	6.33525e-02
3.70363e+05	6.08456e-02
3.87468e+05	5.84366e-02
4.05362e+05	5.61216e-02
4.24083e+05	5.38971e-02
4.43669e+05	5.17597e-02
4.64159e+05	4.97059e-02
4.85595e+05	4.77325e-02
5.08022e+05	4.58365e-02
5.31484e+05	4.40148e-02
5.56030e+05	4.22647e-02
5.81709e+05	4.05832e-02
6.08574e+05	3.89679e-02
6.36680e+05	3.74160e-02
6.66085e+05	3.59252e-02
6.96847e+05	3.44932e-02
7.29030e+05	3.31175e-02
7.62699e+05	3.17960e-02
7.97923e+05	3.05267e-02
8.34773e+05	2.93075e-02
8.73326e+05	2.81364e-02
9.13659e+05	2.70116e-02
9.55855e+05	2.59313e-02
1.00000e+06	2.48937e-02
