# CH2CCCCH2 cross section
256
1.00000e+01	0.00000e+00
1.04618e+01	0.00000e+00
1.09450e+01	0.00000e+00
1.14505e+01	1.87346e-01
1.19793e+01	1.60504e+00
1.25325e+01	3.55767e+00
1.31113e+01	5.49790e+00
1.37169e+01	7.37660e+00
1.43504e+01	9.54840e+00
1.50131e+01	1.13917e+01
1.57065e+01	1.30540e+01
1.64318e+01	1.46553e+01
1.71907e+01	1.62800e+01
1.79846e+01	1.79789e+01
1.88152e+01	1.97737e+01
1.96842e+01	2.16637e+01
2.05933e+01	2.36319e+01
2.15444e+01	2.56512e+01
2.25393e+01	2.76893e+01
2.35803e+01	2.97126e+01
2.46693e+01	3.16892e+01
2.58086e+01	3.35908e+01
2.70006e+01	3.53938e+01
2.82475e+01	3.70800e+01
2.95521e+01	3.86362e+01
3.09169e+01	4.00540e+01
3.23448e+01	4.13292e+01
3.38385e+01	4.24609e+01
3.54013e+01	4.34514e+01
3.70363e+01	4.43047e+01
3.87467e+01	4.50267e+01
4.05362e+01	4.56242e+01
4.24083e+01	4.61047e+01
4.43669e+01	4.64759e+01
4.64159e+01	4.67457e+01
4.85595e+01	4.69218e+01
5.08022e+01	4.70116e+01
5.31484e+01	4.70224e+01
5.56030e+01	4.69606e+01
5.81709e+01	4.68327e+01
6.08575e+01	4.66445e+01
6.36681e+01	4.64014e+01
6.66085e+01	4.61083e+01
6.96847e+01	4.57699e+01
7.29030e+01	4.53904e+01
7.62699e+01	4.49737e+01
7.97923e+01	4.45234e+01
8.34773e+01	4.40427e+01
8.73326e+01	4.35347e+01
9.13659e+01	4.30022e+01
9.55855e+01	4.24477e+01
1.00000e+02	4.18736e+01
1.04618e+02	4.12822e+01
1.09450e+02	4.06754e+01
1.14505e+02	4.00551e+01
1.19793e+02	3.94230e+01
1.25325e+02	3.87809e+01
1.31113e+02	3.81301e+01
1.37169e+02	3.74722e+01
1.43504e+02	3.68084e+01
1.50131e+02	3.61399e+01
1.57065e+02	3.54679e+01
1.64318e+02	3.47935e+01
1.71907e+02	3.41176e+01
1.79846e+02	3.34412e+01
1.88152e+02	3.27652e+01
1.96842e+02	3.20904e+01
2.05933e+02	3.14175e+01
2.15444e+02	3.07473e+01
2.25393e+02	3.00804e+01
2.35803e+02	2.94175e+01
2.46693e+02	2.87591e+01
2.58086e+02	2.81059e+01
2.70005e+02	2.74582e+01
2.82475e+02	2.68166e+01
2.95521e+02	2.61816e+01
3.09169e+02	2.55534e+01
3.23448e+02	2.49325e+01
3.38385e+02	2.43193e+01
3.54013e+02	2.37140e+01
3.70363e+02	2.31169e+01
3.87467e+02	2.25284e+01
4.05362e+02	2.19485e+01
4.24083e+02	2.13776e+01
4.43669e+02	2.08158e+01
4.64159e+02	2.02633e+01
4.85595e+02	1.97203e+01
5.08022e+02	1.91867e+01
5.31484e+02	1.86629e+01
5.56030e+02	1.81488e+01
5.81709e+02	1.76444e+01
6.08574e+02	1.71500e+01
6.36681e+02	1.66654e+01
6.66085e+02	1.61908e+01
6.96847e+02	1.57260e+01
7.29029e+02	1.52712e+01
7.62699e+02	1.48262e+01
7.97923e+02	1.43911e+01
8.34773e+02	1.39658e+01
8.73326e+02	1.35503e+01
9.13659e+02	1.31444e+01
9.55855e+02	1.27481e+01
1.00000e+03	1.23613e+01
1.04618e+03	1.19840e+01
1.09450e+03	1.16159e+01
1.14505e+03	1.12571e+01
1.19793e+03	1.09074e+01
1.25325e+03	1.05666e+01
1.31113e+03	1.02347e+01
1.37169e+03	9.91157e+00
1.43504e+03	9.59699e+00
1.50131e+03	9.29087e+00
1.57065e+03	8.99305e+00
1.64318e+03	8.70340e+00
1.71907e+03	8.42177e+00
1.79846e+03	8.14802e+00
1.88152e+03	7.88198e+00
1.96842e+03	7.62352e+00
2.05933e+03	7.37248e+00
2.15443e+03	7.12870e+00
2.25393e+03	6.89203e+00
2.35803e+03	6.66232e+00
2.46693e+03	6.43942e+00
2.58086e+03	6.22317e+00
2.70005e+03	6.01341e+00
2.82475e+03	5.81000e+00
2.95521e+03	5.61279e+00
3.09169e+03	5.42162e+00
3.23448e+03	5.23635e+00
3.38386e+03	5.05683e+00
3.54013e+03	4.88291e+00
3.70363e+03	4.71446e+00
3.87468e+03	4.55132e+00
4.05362e+03	4.39336e+00
4.24083e+03	4.24044e+00
4.43669e+03	4.09243e+00
4.64159e+03	3.94918e+00
4.85595e+03	3.81058e+00
5.08022e+03	3.67649e+00
5.31484e+03	3.54678e+00
5.56030e+03	3.42133e+00
5.81709e+03	3.30002e+00
6.08574e+03	3.18272e+00
6.36681e+03	3.06933e+00
6.66085e+03	2.95972e+00
6.96847e+03	2.85379e+00
7.29030e+03	2.75142e+00
7.62699e+03	2.65251e+00
7.97923e+03	2.55695e+00
8.34773e+03	2.46464e+00
8.73326e+03	2.37548e+00
9.13659e+03	2.28937e+00
9.55855e+03	2.20623e+00
1.00000e+04	2.12594e+00
1.04618e+04	2.04844e+00
1.09450e+04	1.97362e+00
1.14505e+04	1.90140e+00
1.19793e+04	1.83170e+00
1.25325e+04	1.76444e+00
1.31113e+04	1.69954e+00
1.37169e+04	1.63692e+00
1.43504e+04	1.57651e+00
1.50131e+04	1.51824e+00
1.57065e+04	1.46203e+00
1.64318e+04	1.40781e+00
1.71907e+04	1.35553e+00
1.79847e+04	1.30512e+00
1.88152e+04	1.25650e+00
1.96842e+04	1.20963e+00
2.05933e+04	1.16445e+00
2.15443e+04	1.12089e+00
2.25393e+04	1.07890e+00
2.35803e+04	1.03844e+00
2.46693e+04	9.99435e-01
2.58086e+04	9.61850e-01
2.70005e+04	9.25632e-01
2.82475e+04	8.90735e-01
2.95521e+04	8.57111e-01
3.09169e+04	8.24718e-01
3.23448e+04	7.93511e-01
3.38386e+04	7.63450e-01
3.54013e+04	7.34495e-01
3.70363e+04	7.06606e-01
3.87468e+04	6.79746e-01
4.05362e+04	6.53879e-01
4.24083e+04	6.28969e-01
4.43669e+04	6.04982e-01
4.64159e+04	5.81886e-01
4.85595e+04	5.59649e-01
5.08022e+04	5.38240e-01
5.31484e+04	5.17629e-01
5.56030e+04	4.97788e-01
5.81709e+04	4.78689e-01
6.08574e+04	4.60305e-01
6.36681e+04	4.42611e-01
6.66085e+04	4.25580e-01
6.96847e+04	4.09191e-01
7.29029e+04	3.93418e-01
7.62699e+04	3.78239e-01
7.97923e+04	3.63634e-01
8.34773e+04	3.49580e-01
8.73326e+04	3.36058e-01
9.13659e+04	3.23048e-01
9.55855e+04	3.10531e-01
1.00000e+05	2.98489e-01
1.04618e+05	2.86905e-01
1.09450e+05	2.75762e-01
1.14505e+05	2.65043e-01
1.19793e+05	2.54733e-01
1.25325e+05	2.44816e-01
1.31113e+05	2.35278e-01
1.37169e+05	2.26105e-01
1.43504e+05	2.17283e-01
1.50131e+05	2.08799e-01
1.57065e+05	2.00640e-01
1.64318e+05	1.92795e-01
1.71907e+05	1.85251e-01
1.79846e+05	1.77997e-01
1.88152e+05	1.71023e-01
1.96842e+05	1.64317e-01
2.05933e+05	1.57870e-01
2.15444e+05	1.51672e-01
2.25393e+05	1.45713e-01
2.35803e+05	1.39985e-01
2.46693e+05	1.34478e-01
2.58086e+05	1.29185e-01
2.70006e+05	1.24097e-01
2.82475e+05	1.19206e-01
2.95521e+05	1.14505e-01
3.09169e+05	1.09987e-01
3.23448e+05	1.05645e-01
3.38386e+05	1.01471e-01
3.54013e+05	9.74602e-02
3.70363e+05	9.36057e-02
3.87468e+05	8.99014e-02
4.05362e+05	8.63418e-02
4.24083e+05	8.29212e-02
4.43669e+05	7.96343e-02
4.64159e+05	7.64760e-02
4.85595e+05	7.34413e-02
5.08022e+05	7.05255e-02
5.31484e+05	6.77240e-02
5.56030e+05	6.50323e-02
5.81709e+05	6.24463e-02
6.08574e+05	5.99619e-02
6.36680e+05	5.75751e-02
6.66085e+05	5.52821e-02
6.96847e+05	5.30794e-02
7.29030e+05	5.09634e-02
7.62699e+05	4.89308e-02
7.97923e+05	4.69783e-02
8.34773e+05	4.51029e-02
8.73326e+05	4.33014e-02
9.13659e+05	4.15711e-02
9.55855e+05	3.99092e-02
1.00000e+06	3.83130e-02
