# CH2CHCN cross section
256
1.00000e+01	0.00000e+00
1.02746e+01	0.00000e+00
1.05567e+01	0.00000e+00
1.08466e+01	0.00000e+00
1.11445e+01	0.00000e+00
1.14505e+01	1.12426e-01
1.17649e+01	5.56408e-01
1.20880e+01	1.18818e+00
1.24199e+01	1.89929e+00
1.27609e+01	2.62129e+00
1.31113e+01	3.31456e+00
1.34714e+01	3.95956e+00
1.38413e+01	4.78337e+00
1.42214e+01	5.63363e+00
1.46119e+01	6.48660e+00
1.50131e+01	7.57105e+00
1.54254e+01	8.52104e+00
1.58489e+01	9.37697e+00
1.62841e+01	1.01719e+01
1.67313e+01	1.09322e+01
1.71907e+01	1.16781e+01
1.76628e+01	1.24248e+01
1.81478e+01	1.31828e+01
1.86461e+01	1.39589e+01
1.91581e+01	1.47569e+01
1.96842e+01	1.55776e+01
2.02247e+01	1.64202e+01
2.07801e+01	1.72822e+01
2.13507e+01	1.81598e+01
2.19370e+01	1.90487e+01
2.25393e+01	1.99439e+01
2.31583e+01	2.08402e+01
2.37942e+01	2.17324e+01
2.44475e+01	2.26156e+01
2.51189e+01	2.34849e+01
2.58086e+01	2.43361e+01
2.65173e+01	2.51652e+01
2.72455e+01	2.59686e+01
2.79936e+01	2.67435e+01
2.87623e+01	2.74873e+01
2.95521e+01	2.81981e+01
3.03636e+01	2.88742e+01
3.11974e+01	2.95145e+01
3.20540e+01	3.01183e+01
3.29342e+01	3.06851e+01
3.38385e+01	3.12149e+01
3.47677e+01	3.17077e+01
3.57225e+01	3.21641e+01
3.67034e+01	3.25846e+01
3.77112e+01	3.29698e+01
3.87467e+01	3.33208e+01
3.98107e+01	3.36384e+01
4.09039e+01	3.39237e+01
4.20271e+01	3.41779e+01
4.31811e+01	3.44020e+01
4.43669e+01	3.45973e+01
4.55852e+01	3.47649e+01
4.68369e+01	3.49059e+01
4.81230e+01	3.50216e+01
4.94445e+01	3.51131e+01
5.08022e+01	3.51815e+01
5.21972e+01	3.52278e+01
5.36305e+01	3.52532e+01
5.51032e+01	3.52586e+01
5.66163e+01	3.52451e+01
5.81709e+01	3.52135e+01
5.97683e+01	3.51647e+01
6.14095e+01	3.50997e+01
6.30957e+01	3.50192e+01
6.48283e+01	3.49241e+01
6.66085e+01	3.48150e+01
6.84375e+01	3.46928e+01
7.03168e+01	3.45581e+01
7.22476e+01	3.44115e+01
7.42315e+01	3.42537e+01
7.62699e+01	3.40853e+01
7.83642e+01	3.39068e+01
8.05160e+01	3.37188e+01
8.27270e+01	3.35218e+01
8.49986e+01	3.33164e+01
8.73326e+01	3.31029e+01
8.97307e+01	3.28819e+01
9.21947e+01	3.26537e+01
9.47263e+01	3.24188e+01
9.73274e+01	3.21777e+01
1.00000e+02	3.19306e+01
1.02746e+02	3.16779e+01
1.05567e+02	3.14200e+01
1.08466e+02	3.11573e+01
1.11445e+02	3.08900e+01
1.14505e+02	3.06185e+01
1.17649e+02	3.03430e+01
1.20880e+02	3.00639e+01
1.24199e+02	2.97814e+01
1.27609e+02	2.94959e+01
1.31113e+02	2.92074e+01
1.34714e+02	2.89164e+01
1.38413e+02	2.86230e+01
1.42214e+02	2.83275e+01
1.46119e+02	2.80301e+01
1.50131e+02	2.77309e+01
1.54254e+02	2.74303e+01
1.58489e+02	2.71284e+01
1.62841e+02	2.68253e+01
1.67313e+02	2.65213e+01
1.71907e+02	2.62166e+01
1.76628e+02	2.59113e+01
1.81478e+02	2.56056e+01
1.86461e+02	2.52997e+01
1.91581e+02	2.49936e+01
1.96842e+02	2.46876e+01
2.02247e+02	2.43818e+01
2.07801e+02	2.40762e+01
2.13507e+02	2.37712e+01
2.19370e+02	2.34667e+01
2.25393e+02	2.31629e+01
2.31583e+02	2.28600e+01
2.37942e+02	2.25579e+01
2.44476e+02	2.22569e+01
2.51189e+02	2.19571e+01
2.58086e+02	2.16584e+01
2.65173e+02	2.13611e+01
2.72455e+02	2.10653e+01
2.79936e+02	2.07709e+01
2.87623e+02	2.04781e+01
2.95521e+02	2.01871e+01
3.03636e+02	1.98977e+01
3.11974e+02	1.96102e+01
3.20540e+02	1.93246e+01
3.29342e+02	1.90409e+01
3.38385e+02	1.87593e+01
3.47677e+02	1.84797e+01
3.57224e+02	1.82022e+01
3.67034e+02	1.79270e+01
3.77112e+02	1.76540e+01
3.87467e+02	1.73832e+01
3.98107e+02	1.71148e+01
4.09039e+02	1.68488e+01
4.20271e+02	1.65852e+01
4.31811e+02	1.63240e+01
4.43669e+02	1.60653e+01
4.55852e+02	1.58092e+01
4.68369e+02	1.55555e+01
4.81230e+02	1.53044e+01
4.94445e+02	1.50560e+01
5.08022e+02	1.48101e+01
5.21972e+02	1.45669e+01
5.36305e+02	1.43263e+01
5.51032e+02	1.40884e+01
5.66163e+02	1.38532e+01
5.81709e+02	1.36207e+01
5.97683e+02	1.33909e+01
6.14095e+02	1.31638e+01
6.30957e+02	1.29395e+01
6.48283e+02	1.27178e+01
6.66085e+02	1.24989e+01
6.84375e+02	1.22828e+01
7.03168e+02	1.20693e+01
7.22476e+02	1.18586e+01
7.42315e+02	1.16507e+01
7.62699e+02	1.14454e+01
7.83642e+02	1.12429e+01
8.05160e+02	1.10432e+01
8.27270e+02	1.08461e+01
8.49986e+02	1.06517e+01
8.73326e+02	1.04600e+01
8.97307e+02	1.02710e+01
9.21947e+02	1.00847e+01
9.47263e+02	9.90104e+00
9.73274e+02	9.72002e+00
1.00000e+03	9.54164e+00
1.02746e+03	9.36587e+00
1.05567e+03	9.19270e+00
1.08466e+03	9.02212e+00
1.11444e+03	8.85410e+00
1.14505e+03	8.68863e+00
1.17649e+03	8.52569e+00
1.20880e+03	8.36527e+00
1.24199e+03	8.20733e+00
1.27609e+03	8.05186e+00
1.31113e+03	7.89884e+00
1.34714e+03	7.74824e+00
1.38413e+03	7.60005e+00
1.42214e+03	7.45425e+00
1.46119e+03	7.31080e+00
1.50131e+03	7.16969e+00
1.54254e+03	7.03090e+00
1.58489e+03	6.89439e+00
1.62841e+03	6.76015e+00
1.67313e+03	6.62814e+00
1.71907e+03	6.49836e+00
1.76628e+03	6.37077e+00
1.81478e+03	6.24534e+00
1.86461e+03	6.12206e+00
1.91581e+03	6.00089e+00
1.96842e+03	5.88181e+00
2.02247e+03	5.76480e+00
2.07801e+03	5.64982e+00
2.13507e+03	5.53686e+00
2.19370e+03	5.42589e+00
2.25393e+03	5.31689e+00
2.31583e+03	5.20982e+00
2.37942e+03	5.10466e+00
2.44476e+03	5.00138e+00
2.51189e+03	4.89997e+00
2.58086e+03	4.80039e+00
2.65173e+03	4.70262e+00
2.72455e+03	4.60664e+00
2.79936e+03	4.51241e+00
2.87623e+03	4.41991e+00
2.95521e+03	4.32913e+00
3.03636e+03	4.24002e+00
3.11974e+03	4.15257e+00
3.20540e+03	4.06676e+00
3.29342e+03	3.98256e+00
3.38386e+03	3.89993e+00
3.47677e+03	3.81887e+00
3.57224e+03	3.73935e+00
3.67034e+03	3.66133e+00
3.77112e+03	3.58480e+00
3.87468e+03	3.50974e+00
3.98107e+03	3.43612e+00
4.09039e+03	3.36391e+00
4.20271e+03	3.29311e+00
4.31811e+03	3.22367e+00
4.43669e+03	3.15558e+00
4.55852e+03	3.08882e+00
4.68369e+03	3.02337e+00
4.81230e+03	2.95919e+00
4.94445e+03	2.89628e+00
5.08022e+03	2.83461e+00
5.21972e+03	2.77416e+00
5.36305e+03	2.71491e+00
5.51032e+03	2.65684e+00
5.66163e+03	2.59992e+00
5.81709e+03	2.54414e+00
5.97683e+03	2.48948e+00
6.14095e+03	2.43591e+00
6.30957e+03	2.38343e+00
6.48283e+03	2.33200e+00
6.66085e+03	2.28161e+00
6.84375e+03	2.23225e+00
7.03168e+03	2.18388e+00
7.22476e+03	2.13651e+00
7.42315e+03	2.09009e+00
7.62699e+03	2.04463e+00
7.83642e+03	2.00010e+00
8.05160e+03	1.95649e+00
8.27270e+03	1.91377e+00
8.49986e+03	1.87193e+00
8.73326e+03	1.83096e+00
8.97307e+03	1.79084e+00
9.21947e+03	1.75155e+00
9.47263e+03	1.71308e+00
9.73274e+03	1.67540e+00
1.00000e+04	1.63852e+00
