# CH2NH cross section
256
1.00000e+01	0.00000e+00
1.04618e+01	0.00000e+00
1.09450e+01	0.00000e+00
1.14505e+01	3.74880e-02
1.19793e+01	3.22402e-01
1.25325e+01	7.18430e-01
1.31113e+01	1.11616e+00
1.37169e+01	1.59116e+00
1.43504e+01	2.43195e+00
1.50131e+01	3.60732e+00
1.57065e+01	4.68292e+00
1.64318e+01	5.57121e+00
1.71907e+01	6.36795e+00
1.79846e+01	7.13383e+00
1.88152e+01	7.90388e+00
1.96842e+01	8.69478e+00
2.05933e+01	9.51047e+00
2.15444e+01	1.03466e+01
2.25393e+01	1.11938e+01
2.35803e+01	1.20403e+01
2.46693e+01	1.28738e+01
2.58086e+01	1.36826e+01
2.70006e+01	1.44565e+01
2.82475e+01	1.51869e+01
2.95521e+01	1.58675e+01
3.09169e+01	1.64938e+01
3.23448e+01	1.70631e+01
3.38385e+01	1.75743e+01
3.54013e+01	1.80274e+01
3.70363e+01	1.84236e+01
3.87467e+01	1.87648e+01
4.05362e+01	1.90534e+01
4.24083e+01	1.92922e+01
4.43669e+01	1.94842e+01
4.64159e+01	1.96324e+01
4.85595e+01	1.97400e+01
5.08022e+01	1.98098e+01
5.31484e+01	1.98450e+01
5.56030e+01	1.98480e+01
5.81709e+01	1.98217e+01
6.08575e+01	1.97683e+01
6.36681e+01	1.96901e+01
6.66085e+01	1.95892e+01
6.96847e+01	1.94676e+01
7.29030e+01	1.93270e+01
7.62699e+01	1.91691e+01
7.97923e+01	1.89955e+01
8.34773e+01	1.88074e+01
8.73326e+01	1.86064e+01
9.13659e+01	1.83934e+01
9.55855e+01	1.81698e+01
1.00000e+02	1.79365e+01
1.04618e+02	1.76945e+01
1.09450e+02	1.74447e+01
1.14505e+02	1.71880e+01
1.19793e+02	1.69252e+01
1.25325e+02	1.66571e+01
1.31113e+02	1.63842e+01
1.37169e+02	1.61074e+01
1.43504e+02	1.58271e+01
1.50131e+02	1.55441e+01
1.57065e+02	1.52588e+01
1.64318e+02	1.49717e+01
1.71907e+02	1.46834e+01
1.79846e+02	1.43943e+01
1.88152e+02	1.41048e+01
1.96842e+02	1.38153e+01
2.05933e+02	1.35262e+01
2.15444e+02	1.32379e+01
2.25393e+02	1.29506e+01
2.35803e+02	1.26648e+01
2.46693e+02	1.23806e+01
2.58086e+02	1.20984e+01
2.70005e+02	1.18185e+01
2.82475e+02	1.15409e+01
2.95521e+02	1.12660e+01
3.09169e+02	1.09940e+01
3.23448e+02	1.07251e+01
3.38385e+02	1.04594e+01
3.54013e+02	1.01970e+01
3.70363e+02	9.93820e+00
3.87467e+02	9.68303e+00
4.05362e+02	9.43162e+00
4.24083e+02	9.18408e+00
4.43669e+02	8.94050e+00
4.64159e+02	8.70097e+00
4.85595e+02	8.46555e+00
5.08022e+02	8.23431e+00
5.31484e+02	8.00729e+00
5.56030e+02	7.78454e+00
5.81709e+02	7.56609e+00
6.08574e+02	7.35196e+00
6.36681e+02	7.14218e+00
6.66085e+02	6.93675e+00
6.96847e+02	6.73567e+00
7.29029e+02	6.53894e+00
7.62699e+02	6.34655e+00
7.97923e+02	6.15849e+00
8.34773e+02	5.97473e+00
8.73326e+02	5.79524e+00
9.13659e+02	5.62001e+00
9.55855e+02	5.44898e+00
1.00000e+03	5.28213e+00
1.04618e+03	5.11940e+00
1.09450e+03	4.96076e+00
1.14505e+03	4.80615e+00
1.19793e+03	4.65552e+00
1.25325e+03	4.50882e+00
1.31113e+03	4.36599e+00
1.37169e+03	4.22697e+00
1.43504e+03	4.09170e+00
1.50131e+03	3.96011e+00
1.57065e+03	3.83216e+00
1.64318e+03	3.70776e+00
1.71907e+03	3.58685e+00
1.79846e+03	3.46936e+00
1.88152e+03	3.35524e+00
1.96842e+03	3.24441e+00
2.05933e+03	3.13680e+00
2.15443e+03	3.03234e+00
2.25393e+03	2.93097e+00
2.35803e+03	2.83262e+00
2.46693e+03	2.73721e+00
2.58086e+03	2.64468e+00
2.70005e+03	2.55497e+00
2.82475e+03	2.46800e+00
2.95521e+03	2.38370e+00
3.09169e+03	2.30202e+00
3.23448e+03	2.22289e+00
3.38386e+03	2.14623e+00
3.54013e+03	2.07200e+00
3.70363e+03	2.00011e+00
3.87468e+03	1.93052e+00
4.05362e+03	1.86316e+00
4.24083e+03	1.79797e+00
4.43669e+03	1.73488e+00
4.64159e+03	1.67385e+00
4.85595e+03	1.61481e+00
5.08022e+03	1.55771e+00
5.31484e+03	1.50249e+00
5.56030e+03	1.44910e+00
5.81709e+03	1.39748e+00
6.08574e+03	1.34759e+00
6.36681e+03	1.29936e+00
6.66085e+03	1.25276e+00
6.96847e+03	1.20773e+00
7.29030e+03	1.16423e+00
7.62699e+03	1.12220e+00
7.97923e+03	1.08161e+00
8.34773e+03	1.04241e+00
8.73326e+03	1.00456e+00
9.13659e+03	9.68009e-01
9.55855e+03	9.32722e-01
1.00000e+04	8.98658e-01
1.04618e+04	8.65779e-01
1.09450e+04	8.34046e-01
1.14505e+04	8.03423e-01
1.19793e+04	7.73873e-01
1.25325e+04	7.45363e-01
1.31113e+04	7.17858e-01
1.37169e+04	6.91325e-01
1.43504e+04	6.65732e-01
1.50131e+04	6.41048e-01
1.57065e+04	6.17243e-01
1.64318e+04	5.94288e-01
1.71907e+04	5.72154e-01
1.79847e+04	5.50814e-01
1.88152e+04	5.30240e-01
1.96842e+04	5.10407e-01
2.05933e+04	4.91290e-01
2.15443e+04	4.72864e-01
2.25393e+04	4.55105e-01
2.35803e+04	4.37992e-01
2.46693e+04	4.21501e-01
2.58086e+04	4.05610e-01
2.70005e+04	3.90300e-01
2.82475e+04	3.75551e-01
2.95521e+04	3.61341e-01
3.09169e+04	3.47653e-01
3.23448e+04	3.34468e-01
3.38386e+04	3.21769e-01
3.54013e+04	3.09539e-01
3.70363e+04	2.97760e-01
3.87468e+04	2.86418e-01
4.05362e+04	2.75495e-01
4.24083e+04	2.64979e-01
4.43669e+04	2.54853e-01
4.64159e+04	2.45104e-01
4.85595e+04	2.35719e-01
5.08022e+04	2.26684e-01
5.31484e+04	2.17988e-01
5.56030e+04	2.09616e-01
5.81709e+04	2.01559e-01
6.08574e+04	1.93804e-01
6.36681e+04	1.86341e-01
6.66085e+04	1.79158e-01
6.96847e+04	1.72247e-01
7.29029e+04	1.65596e-01
7.62699e+04	1.59196e-01
7.97923e+04	1.53039e-01
8.34773e+04	1.47114e-01
8.73326e+04	1.41415e-01
9.13659e+04	1.35931e-01
9.55855e+04	1.30656e-01
1.00000e+05	1.25582e-01
1.04618e+05	1.20701e-01
1.09450e+05	1.16006e-01
1.14505e+05	1.11490e-01
1.19793e+05	1.07146e-01
1.25325e+05	1.02969e-01
1.31113e+05	9.89518e-02
1.37169e+05	9.50883e-02
1.43504e+05	9.13730e-02
1.50131e+05	8.78004e-02
1.57065e+05	8.43650e-02
1.64318e+05	8.10618e-02
1.71907e+05	7.78858e-02
1.79846e+05	7.48321e-02
1.88152e+05	7.18962e-02
1.96842e+05	6.90736e-02
2.05933e+05	6.63600e-02
2.15444e+05	6.37514e-02
2.25393e+05	6.12437e-02
2.35803e+05	5.88332e-02
2.46693e+05	5.65161e-02
2.58086e+05	5.42889e-02
2.70006e+05	5.21481e-02
2.82475e+05	5.00906e-02
2.95521e+05	4.81130e-02
3.09169e+05	4.62125e-02
3.23448e+05	4.43859e-02
3.38386e+05	4.26305e-02
3.54013e+05	4.09436e-02
3.70363e+05	3.93225e-02
3.87468e+05	3.77647e-02
4.05362e+05	3.62678e-02
4.24083e+05	3.48295e-02
4.43669e+05	3.34475e-02
4.64159e+05	3.21196e-02
4.85595e+05	3.08438e-02
5.08022e+05	2.96180e-02
5.31484e+05	2.84403e-02
5.56030e+05	2.73088e-02
5.81709e+05	2.62218e-02
6.08574e+05	2.51776e-02
6.36680e+05	2.41744e-02
6.66085e+05	2.32108e-02
6.96847e+05	2.22851e-02
7.29030e+05	2.13959e-02
7.62699e+05	2.05418e-02
7.97923e+05	1.97213e-02
8.34773e+05	1.89333e-02
8.73326e+05	1.81764e-02
9.13659e+05	1.74495e-02
9.55855e+05	1.67513e-02
1.00000e+06	1.60807e-02
