# CH2NH2 cross section
256
1.00000e+01	0.00000e+00
1.04618e+01	0.00000e+00
1.09450e+01	0.00000e+00
1.14505e+01	3.74880e-02
1.19793e+01	3.22402e-01
1.25325e+01	7.18430e-01
1.31113e+01	1.11616e+00
1.37169e+01	1.63080e+00
1.43504e+01	2.65082e+00
1.50131e+01	3.96830e+00
1.57065e+01	5.16634e+00
1.64318e+01	6.16962e+00
1.71907e+01	7.07835e+00
1.79846e+01	7.95466e+00
1.88152e+01	8.83333e+00
1.96842e+01	9.72998e+00
2.05933e+01	1.06471e+01
2.15444e+01	1.15789e+01
2.25393e+01	1.25146e+01
2.35803e+01	1.34413e+01
2.46693e+01	1.43459e+01
2.58086e+01	1.52161e+01
2.70006e+01	1.60416e+01
2.82475e+01	1.68140e+01
2.95521e+01	1.75272e+01
3.09169e+01	1.81773e+01
3.23448e+01	1.87623e+01
3.38385e+01	1.92818e+01
3.54013e+01	1.97367e+01
3.70363e+01	2.01290e+01
3.87467e+01	2.04614e+01
4.05362e+01	2.07370e+01
4.24083e+01	2.09594e+01
4.43669e+01	2.11322e+01
4.64159e+01	2.12591e+01
4.85595e+01	2.13436e+01
5.08022e+01	2.13892e+01
5.31484e+01	2.13991e+01
5.56030e+01	2.13765e+01
5.81709e+01	2.13241e+01
6.08575e+01	2.12447e+01
6.36681e+01	2.11405e+01
6.66085e+01	2.10139e+01
6.96847e+01	2.08669e+01
7.29030e+01	2.07013e+01
7.62699e+01	2.05189e+01
7.97923e+01	2.03211e+01
8.34773e+01	2.01095e+01
8.73326e+01	1.98853e+01
9.13659e+01	1.96498e+01
9.55855e+01	1.94041e+01
1.00000e+02	1.91491e+01
1.04618e+02	1.88859e+01
1.09450e+02	1.86153e+01
1.14505e+02	1.83382e+01
1.19793e+02	1.80554e+01
1.25325e+02	1.77675e+01
1.31113e+02	1.74752e+01
1.37169e+02	1.71791e+01
1.43504e+02	1.68800e+01
1.50131e+02	1.65782e+01
1.57065e+02	1.62744e+01
1.64318e+02	1.59690e+01
1.71907e+02	1.56625e+01
1.79846e+02	1.53554e+01
1.88152e+02	1.50480e+01
1.96842e+02	1.47408e+01
2.05933e+02	1.44341e+01
2.15444e+02	1.41283e+01
2.25393e+02	1.38237e+01
2.35803e+02	1.35206e+01
2.46693e+02	1.32194e+01
2.58086e+02	1.29202e+01
2.70005e+02	1.26233e+01
2.82475e+02	1.23290e+01
2.95521e+02	1.20374e+01
3.09169e+02	1.17489e+01
3.23448e+02	1.14635e+01
3.38385e+02	1.11815e+01
3.54013e+02	1.09030e+01
3.70363e+02	1.06282e+01
3.87467e+02	1.03572e+01
4.05362e+02	1.00900e+01
4.24083e+02	9.82698e+00
4.43669e+02	9.56804e+00
4.64159e+02	9.31331e+00
4.85595e+02	9.06289e+00
5.08022e+02	8.81683e+00
5.31484e+02	8.57518e+00
5.56030e+02	8.33800e+00
5.81709e+02	8.10533e+00
6.08574e+02	7.87718e+00
6.36681e+02	7.65360e+00
6.66085e+02	7.43458e+00
6.96847e+02	7.22014e+00
7.29029e+02	7.01027e+00
7.62699e+02	6.80497e+00
7.97923e+02	6.60423e+00
8.34773e+02	6.40802e+00
8.73326e+02	6.21633e+00
9.13659e+02	6.02911e+00
9.55855e+02	5.84635e+00
1.00000e+03	5.66800e+00
1.04618e+03	5.49401e+00
1.09450e+03	5.32435e+00
1.14505e+03	5.15896e+00
1.19793e+03	4.99779e+00
1.25325e+03	4.84079e+00
1.31113e+03	4.68790e+00
1.37169e+03	4.53905e+00
1.43504e+03	4.39418e+00
1.50131e+03	4.25324e+00
1.57065e+03	4.11615e+00
1.64318e+03	3.98284e+00
1.71907e+03	3.85326e+00
1.79846e+03	3.72732e+00
1.88152e+03	3.60496e+00
1.96842e+03	3.48612e+00
2.05933e+03	3.37070e+00
2.15443e+03	3.25866e+00
2.25393e+03	3.14990e+00
2.35803e+03	3.04437e+00
2.46693e+03	2.94199e+00
2.58086e+03	2.84268e+00
2.70005e+03	2.74638e+00
2.82475e+03	2.65301e+00
2.95521e+03	2.56251e+00
3.09169e+03	2.47480e+00
3.23448e+03	2.38982e+00
3.38386e+03	2.30749e+00
3.54013e+03	2.22775e+00
3.70363e+03	2.15053e+00
3.87468e+03	2.07577e+00
4.05362e+03	2.00339e+00
4.24083e+03	1.93335e+00
4.43669e+03	1.86556e+00
4.64159e+03	1.79997e+00
4.85595e+03	1.73652e+00
5.08022e+03	1.67514e+00
5.31484e+03	1.61579e+00
5.56030e+03	1.55839e+00
5.81709e+03	1.50291e+00
6.08574e+03	1.44927e+00
6.36681e+03	1.39742e+00
6.66085e+03	1.34732e+00
6.96847e+03	1.29890e+00
7.29030e+03	1.25212e+00
7.62699e+03	1.20693e+00
7.97923e+03	1.16328e+00
8.34773e+03	1.12113e+00
8.73326e+03	1.08042e+00
9.13659e+03	1.04111e+00
9.55855e+03	1.00316e+00
1.00000e+04	9.66526e-01
1.04618e+04	9.31163e-01
1.09450e+04	8.97032e-01
1.14505e+04	8.64095e-01
1.19793e+04	8.32311e-01
1.25325e+04	8.01645e-01
1.31113e+04	7.72060e-01
1.37169e+04	7.43519e-01
1.43504e+04	7.15990e-01
1.50131e+04	6.89439e-01
1.57065e+04	6.63832e-01
1.64318e+04	6.39139e-01
1.71907e+04	6.15330e-01
1.79847e+04	5.92374e-01
1.88152e+04	5.70242e-01
1.96842e+04	5.48908e-01
2.05933e+04	5.28343e-01
2.15443e+04	5.08522e-01
2.25393e+04	4.89420e-01
2.35803e+04	4.71010e-01
2.46693e+04	4.53271e-01
2.58086e+04	4.36177e-01
2.70005e+04	4.19709e-01
2.82475e+04	4.03842e-01
2.95521e+04	3.88557e-01
3.09169e+04	3.73833e-01
3.23448e+04	3.59651e-01
3.38386e+04	3.45991e-01
3.54013e+04	3.32835e-01
3.70363e+04	3.20166e-01
3.87468e+04	3.07965e-01
4.05362e+04	2.96217e-01
4.24083e+04	2.84905e-01
4.43669e+04	2.74014e-01
4.64159e+04	2.63528e-01
4.85595e+04	2.53434e-01
5.08022e+04	2.43716e-01
5.31484e+04	2.34362e-01
5.56030e+04	2.25359e-01
5.81709e+04	2.16693e-01
6.08574e+04	2.08353e-01
6.36681e+04	2.00326e-01
6.66085e+04	1.92601e-01
6.96847e+04	1.85168e-01
7.29029e+04	1.78015e-01
7.62699e+04	1.71133e-01
7.97923e+04	1.64511e-01
8.34773e+04	1.58140e-01
8.73326e+04	1.52011e-01
9.13659e+04	1.46114e-01
9.55855e+04	1.40442e-01
1.00000e+05	1.34985e-01
1.04618e+05	1.29737e-01
1.09450e+05	1.24688e-01
1.14505e+05	1.19832e-01
1.19793e+05	1.15162e-01
1.25325e+05	1.10670e-01
1.31113e+05	1.06351e-01
1.37169e+05	1.02197e-01
1.43504e+05	9.82023e-02
1.50131e+05	9.43611e-02
1.57065e+05	9.06676e-02
1.64318e+05	8.71162e-02
1.71907e+05	8.37016e-02
1.79846e+05	8.04186e-02
1.88152e+05	7.72623e-02
1.96842e+05	7.42279e-02
2.05933e+05	7.13108e-02
2.15444e+05	6.85065e-02
2.25393e+05	6.58107e-02
2.35803e+05	6.32195e-02
2.46693e+05	6.07287e-02
2.58086e+05	5.83346e-02
2.70006e+05	5.60334e-02
2.82475e+05	5.38218e-02
2.95521e+05	5.16961e-02
3.09169e+05	4.96532e-02
3.23448e+05	4.76900e-02
3.38386e+05	4.58032e-02
3.54013e+05	4.39901e-02
3.70363e+05	4.22478e-02
3.87468e+05	4.05735e-02
4.05362e+05	3.89647e-02
4.24083e+05	3.74189e-02
4.43669e+05	3.59336e-02
4.64159e+05	3.45065e-02
4.85595e+05	3.31354e-02
5.08022e+05	3.18181e-02
5.31484e+05	3.05525e-02
5.56030e+05	2.93366e-02
5.81709e+05	2.81685e-02
6.08574e+05	2.70463e-02
6.36680e+05	2.59684e-02
6.66085e+05	2.49329e-02
6.96847e+05	2.39382e-02
7.29030e+05	2.29827e-02
7.62699e+05	2.20649e-02
7.97923e+05	2.11834e-02
8.34773e+05	2.03367e-02
8.73326e+05	1.95234e-02
9.13659e+05	1.87424e-02
9.55855e+05	1.79922e-02
1.00000e+06	1.72717e-02
