# CH2OH cross section
256
1.00000e+01	0.00000e+00
1.04618e+01	0.00000e+00
1.09450e+01	0.00000e+00
1.14505e+01	3.74880e-02
1.19793e+01	3.22402e-01
1.25325e+01	7.18430e-01
1.31113e+01	1.11616e+00
1.37169e+01	1.63772e+00
1.43504e+01	2.63281e+00
1.50131e+01	3.38037e+00
1.57065e+01	4.04166e+00
1.64318e+01	4.70433e+00
1.71907e+01	5.40886e+00
1.79846e+01	6.16688e+00
1.88152e+01	6.97359e+00
1.96842e+01	7.81588e+00
2.05933e+01	8.67736e+00
2.15444e+01	9.54139e+00
2.25393e+01	1.03927e+01
2.35803e+01	1.12182e+01
2.46693e+01	1.20075e+01
2.58086e+01	1.27526e+01
2.70006e+01	1.34482e+01
2.82475e+01	1.40908e+01
2.95521e+01	1.46790e+01
3.09169e+01	1.52126e+01
3.23448e+01	1.56927e+01
3.38385e+01	1.61212e+01
3.54013e+01	1.65004e+01
3.70363e+01	1.68331e+01
3.87467e+01	1.71220e+01
4.05362e+01	1.73700e+01
4.24083e+01	1.75799e+01
4.43669e+01	1.77543e+01
4.64159e+01	1.78956e+01
4.85595e+01	1.80062e+01
5.08022e+01	1.80880e+01
5.31484e+01	1.81429e+01
5.56030e+01	1.81727e+01
5.81709e+01	1.81789e+01
6.08575e+01	1.81630e+01
6.36681e+01	1.81263e+01
6.66085e+01	1.80700e+01
6.96847e+01	1.79953e+01
7.29030e+01	1.79032e+01
7.62699e+01	1.77949e+01
7.97923e+01	1.76712e+01
8.34773e+01	1.75331e+01
8.73326e+01	1.73816e+01
9.13659e+01	1.72175e+01
9.55855e+01	1.70417e+01
1.00000e+02	1.68549e+01
1.04618e+02	1.66581e+01
1.09450e+02	1.64519e+01
1.14505e+02	1.62372e+01
1.19793e+02	1.60146e+01
1.25325e+02	1.57849e+01
1.31113e+02	1.55487e+01
1.37169e+02	1.53068e+01
1.43504e+02	1.50597e+01
1.50131e+02	1.48080e+01
1.57065e+02	1.45524e+01
1.64318e+02	1.42934e+01
1.71907e+02	1.40315e+01
1.79846e+02	1.37674e+01
1.88152e+02	1.35014e+01
1.96842e+02	1.32340e+01
2.05933e+02	1.29657e+01
2.15444e+02	1.26970e+01
2.25393e+02	1.24282e+01
2.35803e+02	1.21596e+01
2.46693e+02	1.18918e+01
2.58086e+02	1.16249e+01
2.70005e+02	1.13594e+01
2.82475e+02	1.10954e+01
2.95521e+02	1.08334e+01
3.09169e+02	1.05736e+01
3.23448e+02	1.03161e+01
3.38385e+02	1.00612e+01
3.54013e+02	9.80922e+00
3.70363e+02	9.56021e+00
3.87467e+02	9.31439e+00
4.05362e+02	9.07190e+00
4.24083e+02	8.83290e+00
4.43669e+02	8.59750e+00
4.64159e+02	8.36583e+00
4.85595e+02	8.13798e+00
5.08022e+02	7.91403e+00
5.31484e+02	7.69406e+00
5.56030e+02	7.47814e+00
5.81709e+02	7.26632e+00
6.08574e+02	7.05864e+00
6.36681e+02	6.85513e+00
6.66085e+02	6.65582e+00
6.96847e+02	6.46073e+00
7.29029e+02	6.26985e+00
7.62699e+02	6.08320e+00
7.97923e+02	5.90076e+00
8.34773e+02	5.72252e+00
8.73326e+02	5.54846e+00
9.13659e+02	5.37856e+00
9.55855e+02	5.21279e+00
1.00000e+03	5.05110e+00
1.04618e+03	4.89347e+00
1.09450e+03	4.73984e+00
1.14505e+03	4.59018e+00
1.19793e+03	4.44443e+00
1.25325e+03	4.30253e+00
1.31113e+03	4.16444e+00
1.37169e+03	4.03009e+00
1.43504e+03	3.89943e+00
1.50131e+03	3.77239e+00
1.57065e+03	3.64891e+00
1.64318e+03	3.52892e+00
1.71907e+03	3.41236e+00
1.79846e+03	3.29916e+00
1.88152e+03	3.18925e+00
1.96842e+03	3.08257e+00
2.05933e+03	2.97904e+00
2.15443e+03	2.87860e+00
2.25393e+03	2.78119e+00
2.35803e+03	2.68671e+00
2.46693e+03	2.59513e+00
2.58086e+03	2.50635e+00
2.70005e+03	2.42032e+00
2.82475e+03	2.33696e+00
2.95521e+03	2.25622e+00
3.09169e+03	2.17801e+00
3.23448e+03	2.10229e+00
3.38386e+03	2.02898e+00
3.54013e+03	1.95802e+00
3.70363e+03	1.88934e+00
3.87468e+03	1.82289e+00
4.05362e+03	1.75860e+00
4.24083e+03	1.69642e+00
4.43669e+03	1.63627e+00
4.64159e+03	1.57811e+00
4.85595e+03	1.52188e+00
5.08022e+03	1.46752e+00
5.31484e+03	1.41498e+00
5.56030e+03	1.36421e+00
5.81709e+03	1.31514e+00
6.08574e+03	1.26774e+00
6.36681e+03	1.22195e+00
6.66085e+03	1.17771e+00
6.96847e+03	1.13499e+00
7.29030e+03	1.09374e+00
7.62699e+03	1.05390e+00
7.97923e+03	1.01545e+00
8.34773e+03	9.78324e-01
8.73326e+03	9.42491e-01
9.13659e+03	9.07908e-01
9.55855e+03	8.74534e-01
1.00000e+04	8.42332e-01
1.04618e+04	8.11262e-01
1.09450e+04	7.81288e-01
1.14505e+04	7.52374e-01
1.19793e+04	7.24486e-01
1.25325e+04	6.97588e-01
1.31113e+04	6.71650e-01
1.37169e+04	6.46638e-01
1.43504e+04	6.22521e-01
1.50131e+04	5.99271e-01
1.57065e+04	5.76856e-01
1.64318e+04	5.55250e-01
1.71907e+04	5.34424e-01
1.79847e+04	5.14352e-01
1.88152e+04	4.95008e-01
1.96842e+04	4.76368e-01
2.05933e+04	4.58406e-01
2.15443e+04	4.41100e-01
2.25393e+04	4.24427e-01
2.35803e+04	4.08364e-01
2.46693e+04	3.92891e-01
2.58086e+04	3.77987e-01
2.70005e+04	3.63631e-01
2.82475e+04	3.49805e-01
2.95521e+04	3.36490e-01
3.09169e+04	3.23667e-01
3.23448e+04	3.11320e-01
3.38386e+04	2.99431e-01
3.54013e+04	2.87985e-01
3.70363e+04	2.76964e-01
3.87468e+04	2.66355e-01
4.05362e+04	2.56142e-01
4.24083e+04	2.46310e-01
4.43669e+04	2.36847e-01
4.64159e+04	2.27739e-01
4.85595e+04	2.18973e-01
5.08022e+04	2.10536e-01
5.31484e+04	2.02418e-01
5.56030e+04	1.94605e-01
5.81709e+04	1.87087e-01
6.08574e+04	1.79853e-01
6.36681e+04	1.72893e-01
6.66085e+04	1.66197e-01
6.96847e+04	1.59755e-01
7.29029e+04	1.53557e-01
7.62699e+04	1.47595e-01
7.97923e+04	1.41860e-01
8.34773e+04	1.36343e-01
8.73326e+04	1.31037e-01
9.13659e+04	1.25933e-01
9.55855e+04	1.21025e-01
1.00000e+05	1.16304e-01
1.04618e+05	1.11764e-01
1.09450e+05	1.07398e-01
1.14505e+05	1.03199e-01
1.19793e+05	9.91622e-02
1.25325e+05	9.52803e-02
1.31113e+05	9.15477e-02
1.37169e+05	8.79589e-02
1.43504e+05	8.45085e-02
1.50131e+05	8.11912e-02
1.57065e+05	7.80021e-02
1.64318e+05	7.49362e-02
1.71907e+05	7.19889e-02
1.79846e+05	6.91557e-02
1.88152e+05	6.64324e-02
1.96842e+05	6.38146e-02
2.05933e+05	6.12985e-02
2.15444e+05	5.88801e-02
2.25393e+05	5.65557e-02
2.35803e+05	5.43218e-02
2.46693e+05	5.21749e-02
2.58086e+05	5.01116e-02
2.70006e+05	4.81287e-02
2.82475e+05	4.62233e-02
2.95521e+05	4.43923e-02
3.09169e+05	4.26328e-02
3.23448e+05	4.09421e-02
3.38386e+05	3.93176e-02
3.54013e+05	3.77567e-02
3.70363e+05	3.62570e-02
3.87468e+05	3.48162e-02
4.05362e+05	3.34318e-02
4.24083e+05	3.21018e-02
4.43669e+05	3.08241e-02
4.64159e+05	2.95966e-02
4.85595e+05	2.84174e-02
5.08022e+05	2.72847e-02
5.31484e+05	2.61965e-02
5.56030e+05	2.51513e-02
5.81709e+05	2.41472e-02
6.08574e+05	2.31828e-02
6.36680e+05	2.22565e-02
6.66085e+05	2.13668e-02
6.96847e+05	2.05122e-02
7.29030e+05	1.96915e-02
7.62699e+05	1.89032e-02
7.97923e+05	1.81462e-02
8.34773e+05	1.74192e-02
8.73326e+05	1.67209e-02
9.13659e+05	1.60504e-02
9.55855e+05	1.54065e-02
1.00000e+06	1.47882e-02
