# CH2PH cross section
256
1.00000e+01	0.00000e+00
1.02746e+01	0.00000e+00
1.05567e+01	1.46266e-01
1.08466e+01	6.78224e-01
1.11445e+01	1.14819e+00
1.14505e+01	1.62970e+00
1.17649e+01	2.22004e+00
1.20880e+01	2.88724e+00
1.24199e+01	3.60252e+00
1.27609e+01	4.34516e+00
1.31113e+01	5.10058e+00
1.34714e+01	5.85874e+00
1.38413e+01	6.82987e+00
1.42214e+01	7.86474e+00
1.46119e+01	8.84789e+00
1.50131e+01	9.78804e+00
1.54254e+01	1.06923e+01
1.58489e+01	1.15664e+01
1.62841e+01	1.24146e+01
1.67313e+01	1.32404e+01
1.71907e+01	1.40461e+01
1.76628e+01	1.48336e+01
1.81478e+01	1.56037e+01
1.86461e+01	1.63573e+01
1.91581e+01	1.70943e+01
1.96842e+01	1.78147e+01
2.02247e+01	1.85181e+01
2.07801e+01	1.92037e+01
2.13507e+01	1.98709e+01
2.19370e+01	2.05186e+01
2.25393e+01	2.11461e+01
2.31583e+01	2.17522e+01
2.37942e+01	2.23362e+01
2.44475e+01	2.28971e+01
2.51189e+01	2.34341e+01
2.58086e+01	2.39467e+01
2.65173e+01	2.44342e+01
2.72455e+01	2.48962e+01
2.79936e+01	2.53323e+01
2.87623e+01	2.57425e+01
2.95521e+01	2.61267e+01
3.03636e+01	2.64849e+01
3.11974e+01	2.68174e+01
3.20540e+01	2.71244e+01
3.29342e+01	2.74063e+01
3.38385e+01	2.76636e+01
3.47677e+01	2.78968e+01
3.57225e+01	2.81065e+01
3.67034e+01	2.82934e+01
3.77112e+01	2.84581e+01
3.87467e+01	2.86014e+01
3.98107e+01	2.87240e+01
4.09039e+01	2.88267e+01
4.20271e+01	2.89102e+01
4.31811e+01	2.89752e+01
4.43669e+01	2.90226e+01
4.55852e+01	2.90531e+01
4.68369e+01	2.90674e+01
4.81230e+01	2.90662e+01
4.94445e+01	2.90502e+01
5.08022e+01	2.90201e+01
5.21972e+01	2.89767e+01
5.36305e+01	2.89204e+01
5.51032e+01	2.88520e+01
5.66163e+01	2.87720e+01
5.81709e+01	2.86810e+01
5.97683e+01	2.85796e+01
6.14095e+01	2.84682e+01
6.30957e+01	2.83474e+01
6.48283e+01	2.82176e+01
6.66085e+01	2.80794e+01
6.84375e+01	2.79331e+01
7.03168e+01	2.77792e+01
7.22476e+01	2.76180e+01
7.42315e+01	2.74500e+01
7.62699e+01	2.72755e+01
7.83642e+01	2.70949e+01
8.05160e+01	2.69085e+01
8.27270e+01	2.67166e+01
8.49986e+01	2.65195e+01
8.73326e+01	2.63175e+01
8.97307e+01	2.61110e+01
9.21947e+01	2.59001e+01
9.47263e+01	2.56851e+01
9.73274e+01	2.54664e+01
1.00000e+02	2.52440e+01
1.02746e+02	2.50183e+01
1.05567e+02	2.47895e+01
1.08466e+02	2.45577e+01
1.11445e+02	2.43232e+01
1.14505e+02	2.40863e+01
1.17649e+02	2.38470e+01
1.20880e+02	2.36056e+01
1.24199e+02	2.33622e+01
1.27609e+02	2.31171e+01
1.31113e+02	2.28703e+01
1.34714e+02	2.26222e+01
1.38413e+02	2.23727e+01
1.42214e+02	2.21221e+01
1.46119e+02	2.18706e+01
1.50131e+02	2.16182e+01
1.54254e+02	2.13651e+01
1.58489e+02	2.11115e+01
1.62841e+02	2.08575e+01
1.67313e+02	2.06032e+01
1.71907e+02	2.03487e+01
1.76628e+02	2.00942e+01
1.81478e+02	1.98398e+01
1.86461e+02	1.95856e+01
1.91581e+02	1.93317e+01
1.96842e+02	1.90782e+01
2.02247e+02	1.88253e+01
2.07801e+02	1.85729e+01
2.13507e+02	1.83213e+01
2.19370e+02	1.80705e+01
2.25393e+02	1.78206e+01
2.31583e+02	1.75717e+01
2.37942e+02	1.73239e+01
2.44476e+02	1.70772e+01
2.51189e+02	1.68318e+01
2.58086e+02	1.65877e+01
2.65173e+02	1.63450e+01
2.72455e+02	1.61038e+01
2.79936e+02	1.58640e+01
2.87623e+02	1.56259e+01
2.95521e+02	1.53894e+01
3.03636e+02	1.51546e+01
3.11974e+02	1.49216e+01
3.20540e+02	1.46904e+01
3.29342e+02	1.44611e+01
3.38385e+02	1.42336e+01
3.47677e+02	1.40081e+01
3.57224e+02	1.37847e+01
3.67034e+02	1.35632e+01
3.77112e+02	1.33438e+01
3.87467e+02	1.31266e+01
3.98107e+02	1.29115e+01
4.09039e+02	1.26985e+01
4.20271e+02	1.24877e+01
4.31811e+02	1.22792e+01
4.43669e+02	1.20729e+01
4.55852e+02	1.18689e+01
4.68369e+02	1.16671e+01
4.81230e+02	1.14677e+01
4.94445e+02	1.12706e+01
5.08022e+02	1.10757e+01
5.21972e+02	1.08833e+01
5.36305e+02	1.06932e+01
5.51032e+02	1.05054e+01
5.66163e+02	1.03200e+01
5.81709e+02	1.01370e+01
5.97683e+02	9.95632e+00
6.14095e+02	9.77803e+00
6.30957e+02	9.60211e+00
6.48283e+02	9.42857e+00
6.66085e+02	9.25738e+00
6.84375e+02	9.08856e+00
7.03168e+02	8.92210e+00
7.22476e+02	8.75799e+00
7.42315e+02	8.59622e+00
7.62699e+02	8.43679e+00
7.83642e+02	8.27968e+00
8.05160e+02	8.12488e+00
8.27270e+02	7.97239e+00
8.49986e+02	7.82219e+00
8.73326e+02	7.67426e+00
8.97307e+02	7.52860e+00
9.21947e+02	7.38518e+00
9.47263e+02	7.24400e+00
9.73274e+02	7.10503e+00
1.00000e+03	6.96826e+00
1.02746e+03	6.83367e+00
1.05567e+03	6.70125e+00
1.08466e+03	6.57096e+00
1.11444e+03	6.44281e+00
1.14505e+03	6.31675e+00
1.17649e+03	6.19279e+00
1.20880e+03	6.07088e+00
1.24199e+03	5.95102e+00
1.27609e+03	5.83319e+00
1.31113e+03	5.71735e+00
1.34714e+03	5.60350e+00
1.38413e+03	5.49160e+00
1.42214e+03	5.38163e+00
1.46119e+03	5.27358e+00
1.50131e+03	5.16742e+00
1.54254e+03	5.06312e+00
1.58489e+03	4.96067e+00
1.62841e+03	4.86004e+00
1.67313e+03	4.76121e+00
1.71907e+03	4.66415e+00
1.76628e+03	4.56885e+00
1.81478e+03	4.47527e+00
1.86461e+03	4.38340e+00
1.91581e+03	4.29321e+00
1.96842e+03	4.20467e+00
2.02247e+03	4.11777e+00
2.07801e+03	4.03249e+00
2.13507e+03	3.94879e+00
2.19370e+03	3.86666e+00
2.25393e+03	3.78606e+00
2.31583e+03	3.70699e+00
2.37942e+03	3.62942e+00
2.44476e+03	3.55332e+00
2.51189e+03	3.47867e+00
2.58086e+03	3.40545e+00
2.65173e+03	3.33363e+00
2.72455e+03	3.26321e+00
2.79936e+03	3.19414e+00
2.87623e+03	3.12641e+00
2.95521e+03	3.06000e+00
3.03636e+03	2.99489e+00
3.11974e+03	2.93106e+00
3.20540e+03	2.86848e+00
3.29342e+03	2.80714e+00
3.38386e+03	2.74701e+00
3.47677e+03	2.68807e+00
3.57224e+03	2.63031e+00
3.67034e+03	2.57369e+00
3.77112e+03	2.51822e+00
3.87468e+03	2.46385e+00
3.98107e+03	2.41058e+00
4.09039e+03	2.35838e+00
4.20271e+03	2.30724e+00
4.31811e+03	2.25714e+00
4.43669e+03	2.20805e+00
4.55852e+03	2.15997e+00
4.68369e+03	2.11287e+00
4.81230e+03	2.06673e+00
4.94445e+03	2.02154e+00
5.08022e+03	1.97728e+00
5.21972e+03	1.93393e+00
5.36305e+03	1.89148e+00
5.51032e+03	1.84991e+00
5.66163e+03	1.80920e+00
5.81709e+03	1.76934e+00
5.97683e+03	1.73031e+00
6.14095e+03	1.69209e+00
6.30957e+03	1.65467e+00
6.48283e+03	1.61804e+00
6.66085e+03	1.58218e+00
6.84375e+03	1.54707e+00
7.03168e+03	1.51271e+00
7.22476e+03	1.47907e+00
7.42315e+03	1.44614e+00
7.62699e+03	1.41391e+00
7.83642e+03	1.38237e+00
8.05160e+03	1.35149e+00
8.27270e+03	1.32128e+00
8.49986e+03	1.29171e+00
8.73326e+03	1.26277e+00
8.97307e+03	1.23445e+00
9.21947e+03	1.20674e+00
9.47263e+03	1.17963e+00
9.73274e+03	1.15310e+00
1.00000e+04	1.12714e+00
