# CH3COCH3 cross section
256
1.00000e+01	0.00000e+00
1.04618e+01	0.00000e+00
1.09450e+01	0.00000e+00
1.14505e+01	1.12432e-01
1.19793e+01	9.64808e-01
1.25325e+01	2.14340e+00
1.31113e+01	3.31984e+00
1.37169e+01	4.65013e+00
1.43504e+01	6.74829e+00
1.50131e+01	8.40883e+00
1.57065e+01	9.87881e+00
1.64318e+01	1.13102e+01
1.71907e+01	1.27855e+01
1.79846e+01	1.43393e+01
1.88152e+01	1.59751e+01
1.96842e+01	1.76770e+01
2.05933e+01	1.94186e+01
2.15444e+01	2.11689e+01
2.25393e+01	2.28968e+01
2.35803e+01	2.45732e+01
2.46693e+01	2.61735e+01
2.58086e+01	2.76778e+01
2.70006e+01	2.90718e+01
2.82475e+01	3.03462e+01
2.95521e+01	3.14963e+01
3.09169e+01	3.25213e+01
3.23448e+01	3.34236e+01
3.38385e+01	3.42079e+01
3.54013e+01	3.48805e+01
3.70363e+01	3.54488e+01
3.87467e+01	3.59206e+01
4.05362e+01	3.63039e+01
4.24083e+01	3.66066e+01
4.43669e+01	3.68359e+01
4.64159e+01	3.69987e+01
4.85595e+01	3.71013e+01
5.08022e+01	3.71493e+01
5.31484e+01	3.71478e+01
5.56030e+01	3.71010e+01
5.81709e+01	3.70131e+01
6.08575e+01	3.68873e+01
6.36681e+01	3.67268e+01
6.66085e+01	3.65342e+01
6.96847e+01	3.63120e+01
7.29030e+01	3.60622e+01
7.62699e+01	3.57869e+01
7.97923e+01	3.54877e+01
8.34773e+01	3.51663e+01
8.73326e+01	3.48241e+01
9.13659e+01	3.44627e+01
9.55855e+01	3.40833e+01
1.00000e+02	3.36873e+01
1.04618e+02	3.32758e+01
1.09450e+02	3.28499e+01
1.14505e+02	3.24109e+01
1.19793e+02	3.19599e+01
1.25325e+02	3.14978e+01
1.31113e+02	3.10258e+01
1.37169e+02	3.05448e+01
1.43504e+02	3.00559e+01
1.50131e+02	2.95598e+01
1.57065e+02	2.90576e+01
1.64318e+02	2.85502e+01
1.71907e+02	2.80384e+01
1.79846e+02	2.75229e+01
1.88152e+02	2.70047e+01
1.96842e+02	2.64844e+01
2.05933e+02	2.59628e+01
2.15444e+02	2.54406e+01
2.25393e+02	2.49185e+01
2.35803e+02	2.43970e+01
2.46693e+02	2.38769e+01
2.58086e+02	2.33586e+01
2.70005e+02	2.28427e+01
2.82475e+02	2.23298e+01
2.95521e+02	2.18202e+01
3.09169e+02	2.13146e+01
3.23448e+02	2.08132e+01
3.38385e+02	2.03165e+01
3.54013e+02	1.98249e+01
3.70363e+02	1.93386e+01
3.87467e+02	1.88581e+01
4.05362e+02	1.83836e+01
4.24083e+02	1.79154e+01
4.43669e+02	1.74537e+01
4.64159e+02	1.69988e+01
4.85595e+02	1.65507e+01
5.08022e+02	1.61099e+01
5.31484e+02	1.56762e+01
5.56030e+02	1.52500e+01
5.81709e+02	1.48314e+01
6.08574e+02	1.44204e+01
6.36681e+02	1.40171e+01
6.66085e+02	1.36215e+01
6.96847e+02	1.32338e+01
7.29029e+02	1.28540e+01
7.62699e+02	1.24821e+01
7.97923e+02	1.21181e+01
8.34773e+02	1.17619e+01
8.73326e+02	1.14137e+01
9.13659e+02	1.10733e+01
9.55855e+02	1.07408e+01
1.00000e+03	1.04160e+01
1.04618e+03	1.00990e+01
1.09450e+03	9.78957e+00
1.14505e+03	9.48778e+00
1.19793e+03	9.19350e+00
1.25325e+03	8.90666e+00
1.31113e+03	8.62716e+00
1.37169e+03	8.35490e+00
1.43504e+03	8.08980e+00
1.50131e+03	7.83174e+00
1.57065e+03	7.58062e+00
1.64318e+03	7.33632e+00
1.71907e+03	7.09874e+00
1.79846e+03	6.86775e+00
1.88152e+03	6.64324e+00
1.96842e+03	6.42508e+00
2.05933e+03	6.21315e+00
2.15443e+03	6.00733e+00
2.25393e+03	5.80750e+00
2.35803e+03	5.61352e+00
2.46693e+03	5.42528e+00
2.58086e+03	5.24264e+00
2.70005e+03	5.06549e+00
2.82475e+03	4.89369e+00
2.95521e+03	4.72712e+00
3.09169e+03	4.56565e+00
3.23448e+03	4.40917e+00
3.38386e+03	4.25754e+00
3.54013e+03	4.11066e+00
3.70363e+03	3.96839e+00
3.87468e+03	3.83061e+00
4.05362e+03	3.69722e+00
4.24083e+03	3.56810e+00
4.43669e+03	3.44312e+00
4.64159e+03	3.32218e+00
4.85595e+03	3.20517e+00
5.08022e+03	3.09197e+00
5.31484e+03	2.98249e+00
5.56030e+03	2.87661e+00
5.81709e+03	2.77424e+00
6.08574e+03	2.67526e+00
6.36681e+03	2.57959e+00
6.66085e+03	2.48713e+00
6.96847e+03	2.39777e+00
7.29030e+03	2.31143e+00
7.62699e+03	2.22802e+00
7.97923e+03	2.14744e+00
8.34773e+03	2.06962e+00
8.73326e+03	1.99446e+00
9.13659e+03	1.92189e+00
9.55855e+03	1.85182e+00
1.00000e+04	1.78418e+00
1.04618e+04	1.71888e+00
1.09450e+04	1.65586e+00
1.14505e+04	1.59503e+00
1.19793e+04	1.53634e+00
1.25325e+04	1.47971e+00
1.31113e+04	1.42508e+00
1.37169e+04	1.37237e+00
1.43504e+04	1.32153e+00
1.50131e+04	1.27250e+00
1.57065e+04	1.22521e+00
1.64318e+04	1.17961e+00
1.71907e+04	1.13563e+00
1.79847e+04	1.09324e+00
1.88152e+04	1.05237e+00
1.96842e+04	1.01297e+00
2.05933e+04	9.74990e-01
2.15443e+04	9.38386e-01
2.25393e+04	9.03108e-01
2.35803e+04	8.69112e-01
2.46693e+04	8.36353e-01
2.58086e+04	8.04788e-01
2.70005e+04	7.74377e-01
2.82475e+04	7.45079e-01
2.95521e+04	7.16855e-01
3.09169e+04	6.89667e-01
3.23448e+04	6.63481e-01
3.38386e+04	6.38259e-01
3.54013e+04	6.13969e-01
3.70363e+04	5.90577e-01
3.87468e+04	5.68052e-01
4.05362e+04	5.46363e-01
4.24083e+04	5.25480e-01
4.43669e+04	5.05374e-01
4.64159e+04	4.86017e-01
4.85595e+04	4.67384e-01
5.08022e+04	4.49446e-01
5.31484e+04	4.32181e-01
5.56030e+04	4.15562e-01
5.81709e+04	3.99568e-01
6.08574e+04	3.84174e-01
6.36681e+04	3.69360e-01
6.66085e+04	3.55105e-01
6.96847e+04	3.41387e-01
7.29029e+04	3.28188e-01
7.62699e+04	3.15488e-01
7.97923e+04	3.03269e-01
8.34773e+04	2.91514e-01
8.73326e+04	2.80204e-01
9.13659e+04	2.69325e-01
9.55855e+04	2.58860e-01
1.00000e+05	2.48793e-01
1.04618e+05	2.39110e-01
1.09450e+05	2.29797e-01
1.14505e+05	2.20840e-01
1.19793e+05	2.12225e-01
1.25325e+05	2.03940e-01
1.31113e+05	1.95973e-01
1.37169e+05	1.88312e-01
1.43504e+05	1.80945e-01
1.50131e+05	1.73861e-01
1.57065e+05	1.67049e-01
1.64318e+05	1.60500e-01
1.71907e+05	1.54204e-01
1.79846e+05	1.48150e-01
1.88152e+05	1.42330e-01
1.96842e+05	1.36736e-01
2.05933e+05	1.31357e-01
2.15444e+05	1.26187e-01
2.25393e+05	1.21218e-01
2.35803e+05	1.16441e-01
2.46693e+05	1.11849e-01
2.58086e+05	1.07436e-01
2.70006e+05	1.03194e-01
2.82475e+05	9.91179e-02
2.95521e+05	9.52001e-02
3.09169e+05	9.14350e-02
3.23448e+05	8.78167e-02
3.38386e+05	8.43396e-02
3.54013e+05	8.09983e-02
3.70363e+05	7.77876e-02
3.87468e+05	7.47025e-02
4.05362e+05	7.17382e-02
4.24083e+05	6.88899e-02
4.43669e+05	6.61533e-02
4.64159e+05	6.35240e-02
4.85595e+05	6.09979e-02
5.08022e+05	5.85710e-02
5.31484e+05	5.62395e-02
5.56030e+05	5.39996e-02
5.81709e+05	5.18479e-02
6.08574e+05	4.97809e-02
6.36680e+05	4.77954e-02
6.66085e+05	4.58881e-02
6.96847e+05	4.40560e-02
7.29030e+05	4.22963e-02
7.62699e+05	4.06061e-02
7.97923e+05	3.89826e-02
8.34773e+05	3.74234e-02
8.73326e+05	3.59258e-02
9.13659e+05	3.44875e-02
9.55855e+05	3.31062e-02
1.00000e+06	3.17796e-02
