# CH3COCN cross section
256
1.00000e+01	0.00000e+00
1.04618e+01	0.00000e+00
1.09450e+01	0.00000e+00
1.14505e+01	1.12430e-01
1.19793e+01	9.64719e-01
1.25325e+01	2.14296e+00
1.31113e+01	3.31879e+00
1.37169e+01	4.53072e+00
1.43504e+01	6.10762e+00
1.50131e+01	7.82408e+00
1.57065e+01	9.38154e+00
1.64318e+01	1.07693e+01
1.71907e+01	1.21227e+01
1.79846e+01	1.35164e+01
1.88152e+01	1.49834e+01
1.96842e+01	1.65290e+01
2.05933e+01	1.81412e+01
2.15444e+01	1.97981e+01
2.25393e+01	2.14735e+01
2.35803e+01	2.31403e+01
2.46693e+01	2.47732e+01
2.58086e+01	2.63502e+01
2.70006e+01	2.78533e+01
2.82475e+01	2.92687e+01
2.95521e+01	3.05868e+01
3.09169e+01	3.18017e+01
3.23448e+01	3.29104e+01
3.38385e+01	3.39128e+01
3.54013e+01	3.48105e+01
3.70363e+01	3.56067e+01
3.87467e+01	3.63055e+01
4.05362e+01	3.69117e+01
4.24083e+01	3.74304e+01
4.43669e+01	3.78667e+01
4.64159e+01	3.82258e+01
4.85595e+01	3.85126e+01
5.08022e+01	3.87318e+01
5.31484e+01	3.88879e+01
5.56030e+01	3.89851e+01
5.81709e+01	3.90271e+01
6.08575e+01	3.90177e+01
6.36681e+01	3.89602e+01
6.66085e+01	3.88576e+01
6.96847e+01	3.87130e+01
7.29030e+01	3.85291e+01
7.62699e+01	3.83084e+01
7.97923e+01	3.80534e+01
8.34773e+01	3.77665e+01
8.73326e+01	3.74497e+01
9.13659e+01	3.71052e+01
9.55855e+01	3.67350e+01
1.00000e+02	3.63410e+01
1.04618e+02	3.59251e+01
1.09450e+02	3.54890e+01
1.14505e+02	3.50344e+01
1.19793e+02	3.45629e+01
1.25325e+02	3.40761e+01
1.31113e+02	3.35755e+01
1.37169e+02	3.30624e+01
1.43504e+02	3.25384e+01
1.50131e+02	3.20046e+01
1.57065e+02	3.14625e+01
1.64318e+02	3.09130e+01
1.71907e+02	3.03575e+01
1.79846e+02	2.97970e+01
1.88152e+02	2.92326e+01
1.96842e+02	2.86652e+01
2.05933e+02	2.80957e+01
2.15444e+02	2.75251e+01
2.25393e+02	2.69542e+01
2.35803e+02	2.63839e+01
2.46693e+02	2.58147e+01
2.58086e+02	2.52476e+01
2.70005e+02	2.46830e+01
2.82475e+02	2.41216e+01
2.95521e+02	2.35641e+01
3.09169e+02	2.30109e+01
3.23448e+02	2.24626e+01
3.38385e+02	2.19196e+01
3.54013e+02	2.13823e+01
3.70363e+02	2.08511e+01
3.87467e+02	2.03264e+01
4.05362e+02	1.98085e+01
4.24083e+02	1.92978e+01
4.43669e+02	1.87944e+01
4.64159e+02	1.82987e+01
4.85595e+02	1.78108e+01
5.08022e+02	1.73309e+01
5.31484e+02	1.68592e+01
5.56030e+02	1.63958e+01
5.81709e+02	1.59409e+01
6.08574e+02	1.54946e+01
6.36681e+02	1.50568e+01
6.66085e+02	1.46278e+01
6.96847e+02	1.42075e+01
7.29029e+02	1.37960e+01
7.62699e+02	1.33932e+01
7.97923e+02	1.29993e+01
8.34773e+02	1.26140e+01
8.73326e+02	1.22376e+01
9.13659e+02	1.18698e+01
9.55855e+02	1.15106e+01
1.00000e+03	1.11600e+01
1.04618e+03	1.08179e+01
1.09450e+03	1.04843e+01
1.14505e+03	1.01590e+01
1.19793e+03	9.84192e+00
1.25325e+03	9.53301e+00
1.31113e+03	9.23213e+00
1.37169e+03	8.93917e+00
1.43504e+03	8.65403e+00
1.50131e+03	8.37657e+00
1.57065e+03	8.10667e+00
1.64318e+03	7.84421e+00
1.71907e+03	7.58905e+00
1.79846e+03	7.34106e+00
1.88152e+03	7.10010e+00
1.96842e+03	6.86604e+00
2.05933e+03	6.63874e+00
2.15443e+03	6.41805e+00
2.25393e+03	6.20385e+00
2.35803e+03	5.99598e+00
2.46693e+03	5.79431e+00
2.58086e+03	5.59870e+00
2.70005e+03	5.40901e+00
2.82475e+03	5.22509e+00
2.95521e+03	5.04682e+00
3.09169e+03	4.87405e+00
3.23448e+03	4.70664e+00
3.38386e+03	4.54447e+00
3.54013e+03	4.38739e+00
3.70363e+03	4.23528e+00
3.87468e+03	4.08800e+00
4.05362e+03	3.94543e+00
4.24083e+03	3.80744e+00
4.43669e+03	3.67391e+00
4.64159e+03	3.54471e+00
4.85595e+03	3.41973e+00
5.08022e+03	3.29883e+00
5.31484e+03	3.18192e+00
5.56030e+03	3.06887e+00
5.81709e+03	2.95957e+00
6.08574e+03	2.85392e+00
6.36681e+03	2.75180e+00
6.66085e+03	2.65311e+00
6.96847e+03	2.55775e+00
7.29030e+03	2.46562e+00
7.62699e+03	2.37661e+00
7.97923e+03	2.29065e+00
8.34773e+03	2.20762e+00
8.73326e+03	2.12744e+00
9.13659e+03	2.05003e+00
9.55855e+03	1.97528e+00
1.00000e+04	1.90313e+00
1.04618e+04	1.83349e+00
1.09450e+04	1.76627e+00
1.14505e+04	1.70141e+00
1.19793e+04	1.63881e+00
1.25325e+04	1.57842e+00
1.31113e+04	1.52016e+00
1.37169e+04	1.46396e+00
1.43504e+04	1.40975e+00
1.50131e+04	1.35746e+00
1.57065e+04	1.30703e+00
1.64318e+04	1.25841e+00
1.71907e+04	1.21152e+00
1.79847e+04	1.16632e+00
1.88152e+04	1.12274e+00
1.96842e+04	1.08073e+00
2.05933e+04	1.04024e+00
2.15443e+04	1.00121e+00
2.25393e+04	9.63595e-01
2.35803e+04	9.27346e-01
2.46693e+04	8.92416e-01
2.58086e+04	8.58759e-01
2.70005e+04	8.26332e-01
2.82475e+04	7.95091e-01
2.95521e+04	7.64996e-01
3.09169e+04	7.36005e-01
3.23448e+04	7.08081e-01
3.38386e+04	6.81185e-01
3.54013e+04	6.55282e-01
3.70363e+04	6.30337e-01
3.87468e+04	6.06315e-01
4.05362e+04	5.83184e-01
4.24083e+04	5.60913e-01
4.43669e+04	5.39469e-01
4.64159e+04	5.18825e-01
4.85595e+04	4.98950e-01
5.08022e+04	4.79818e-01
5.31484e+04	4.61402e-01
5.56030e+04	4.43675e-01
5.81709e+04	4.26614e-01
6.08574e+04	4.10193e-01
6.36681e+04	3.94390e-01
6.66085e+04	3.79182e-01
6.96847e+04	3.64548e-01
7.29029e+04	3.50466e-01
7.62699e+04	3.36916e-01
7.97923e+04	3.23879e-01
8.34773e+04	3.11336e-01
8.73326e+04	2.99269e-01
9.13659e+04	2.87660e-01
9.55855e+04	2.76492e-01
1.00000e+05	2.65749e-01
1.04618e+05	2.55416e-01
1.09450e+05	2.45476e-01
1.14505e+05	2.35917e-01
1.19793e+05	2.26722e-01
1.25325e+05	2.17880e-01
1.31113e+05	2.09375e-01
1.37169e+05	2.01197e-01
1.43504e+05	1.93333e-01
1.50131e+05	1.85771e-01
1.57065e+05	1.78499e-01
1.64318e+05	1.71508e-01
1.71907e+05	1.64785e-01
1.79846e+05	1.58322e-01
1.88152e+05	1.52108e-01
1.96842e+05	1.46134e-01
2.05933e+05	1.40391e-01
2.15444e+05	1.34870e-01
2.25393e+05	1.29563e-01
2.35803e+05	1.24462e-01
2.46693e+05	1.19558e-01
2.58086e+05	1.14845e-01
2.70006e+05	1.10315e-01
2.82475e+05	1.05960e-01
2.95521e+05	1.01776e-01
3.09169e+05	9.77538e-02
3.23448e+05	9.38887e-02
3.38386e+05	9.01742e-02
3.54013e+05	8.66047e-02
3.70363e+05	8.31746e-02
3.87468e+05	7.98785e-02
4.05362e+05	7.67113e-02
4.24083e+05	7.36680e-02
4.43669e+05	7.07439e-02
4.64159e+05	6.79344e-02
4.85595e+05	6.52350e-02
5.08022e+05	6.26416e-02
5.31484e+05	6.01499e-02
5.56030e+05	5.77562e-02
5.81709e+05	5.54566e-02
6.08574e+05	5.32474e-02
6.36680e+05	5.11252e-02
6.66085e+05	4.90865e-02
6.96847e+05	4.71283e-02
7.29030e+05	4.52472e-02
7.62699e+05	4.34404e-02
7.97923e+05	4.17049e-02
8.34773e+05	4.00380e-02
8.73326e+05	3.84369e-02
9.13659e+05	3.68992e-02
9.55855e+05	3.54223e-02
1.00000e+06	3.40039e-02
