# CH3C3N cross section
256
1.00000e+01	0.00000e+00
1.02746e+01	0.00000e+00
1.05567e+01	0.00000e+00
1.08466e+01	0.00000e+00
1.11445e+01	0.00000e+00
1.14505e+01	1.49888e-01
1.17649e+01	7.41565e-01
1.20880e+01	1.58282e+00
1.24199e+01	2.52874e+00
1.27609e+01	3.48812e+00
1.31113e+01	4.40832e+00
1.34714e+01	5.26356e+00
1.38413e+01	6.27918e+00
1.42214e+01	7.30378e+00
1.46119e+01	8.31639e+00
1.50131e+01	9.54955e+00
1.54254e+01	1.06406e+01
1.58489e+01	1.16336e+01
1.62841e+01	1.25646e+01
1.67313e+01	1.34628e+01
1.71907e+01	1.43507e+01
1.76628e+01	1.52450e+01
1.81478e+01	1.61573e+01
1.86461e+01	1.70950e+01
1.91581e+01	1.80619e+01
1.96842e+01	1.90587e+01
2.02247e+01	2.00839e+01
2.07801e+01	2.11343e+01
2.13507e+01	2.22052e+01
2.19370e+01	2.32910e+01
2.25393e+01	2.43857e+01
2.31583e+01	2.54829e+01
2.37942e+01	2.65763e+01
2.44475e+01	2.76597e+01
2.51189e+01	2.87273e+01
2.58086e+01	2.97738e+01
2.65173e+01	3.07943e+01
2.72455e+01	3.17846e+01
2.79936e+01	3.27408e+01
2.87623e+01	3.36600e+01
2.95521e+01	3.45396e+01
3.03636e+01	3.53776e+01
3.11974e+01	3.61725e+01
3.20540e+01	3.69233e+01
3.29342e+01	3.76293e+01
3.38385e+01	3.82903e+01
3.47677e+01	3.89065e+01
3.57225e+01	3.94781e+01
3.67034e+01	4.00058e+01
3.77112e+01	4.04904e+01
3.87467e+01	4.09328e+01
3.98107e+01	4.13342e+01
4.09039e+01	4.16957e+01
4.20271e+01	4.20187e+01
4.31811e+01	4.23044e+01
4.43669e+01	4.25543e+01
4.55852e+01	4.27697e+01
4.68369e+01	4.29520e+01
4.81230e+01	4.31027e+01
4.94445e+01	4.32230e+01
5.08022e+01	4.33144e+01
5.21972e+01	4.33781e+01
5.36305e+01	4.34154e+01
5.51032e+01	4.34276e+01
5.66163e+01	4.34159e+01
5.81709e+01	4.33814e+01
5.97683e+01	4.33253e+01
6.14095e+01	4.32486e+01
6.30957e+01	4.31523e+01
6.48283e+01	4.30375e+01
6.66085e+01	4.29051e+01
6.84375e+01	4.27561e+01
7.03168e+01	4.25912e+01
7.22476e+01	4.24113e+01
7.42315e+01	4.22172e+01
7.62699e+01	4.20097e+01
7.83642e+01	4.17895e+01
8.05160e+01	4.15573e+01
8.27270e+01	4.13137e+01
8.49986e+01	4.10595e+01
8.73326e+01	4.07951e+01
8.97307e+01	4.05213e+01
9.21947e+01	4.02385e+01
9.47263e+01	3.99472e+01
9.73274e+01	3.96481e+01
1.00000e+02	3.93416e+01
1.02746e+02	3.90281e+01
1.05567e+02	3.87081e+01
1.08466e+02	3.83820e+01
1.11445e+02	3.80503e+01
1.14505e+02	3.77133e+01
1.17649e+02	3.73715e+01
1.20880e+02	3.70251e+01
1.24199e+02	3.66746e+01
1.27609e+02	3.63203e+01
1.31113e+02	3.59625e+01
1.34714e+02	3.56016e+01
1.38413e+02	3.52377e+01
1.42214e+02	3.48713e+01
1.46119e+02	3.45025e+01
1.50131e+02	3.41317e+01
1.54254e+02	3.37591e+01
1.58489e+02	3.33850e+01
1.62841e+02	3.30095e+01
1.67313e+02	3.26331e+01
1.71907e+02	3.22557e+01
1.76628e+02	3.18777e+01
1.81478e+02	3.14993e+01
1.86461e+02	3.11206e+01
1.91581e+02	3.07419e+01
1.96842e+02	3.03633e+01
2.02247e+02	2.99851e+01
2.07801e+02	2.96073e+01
2.13507e+02	2.92301e+01
2.19370e+02	2.88537e+01
2.25393e+02	2.84783e+01
2.31583e+02	2.81039e+01
2.37942e+02	2.77308e+01
2.44476e+02	2.73590e+01
2.51189e+02	2.69886e+01
2.58086e+02	2.66199e+01
2.65173e+02	2.62529e+01
2.72455e+02	2.58877e+01
2.79936e+02	2.55245e+01
2.87623e+02	2.51632e+01
2.95521e+02	2.48041e+01
3.03636e+02	2.44472e+01
3.11974e+02	2.40926e+01
3.20540e+02	2.37404e+01
3.29342e+02	2.33907e+01
3.38385e+02	2.30435e+01
3.47677e+02	2.26989e+01
3.57224e+02	2.23570e+01
3.67034e+02	2.20178e+01
3.77112e+02	2.16815e+01
3.87467e+02	2.13480e+01
3.98107e+02	2.10174e+01
4.09039e+02	2.06898e+01
4.20271e+02	2.03652e+01
4.31811e+02	2.00436e+01
4.43669e+02	1.97252e+01
4.55852e+02	1.94098e+01
4.68369e+02	1.90977e+01
4.81230e+02	1.87887e+01
4.94445e+02	1.84829e+01
5.08022e+02	1.81804e+01
5.21972e+02	1.78812e+01
5.36305e+02	1.75853e+01
5.51032e+02	1.72927e+01
5.66163e+02	1.70034e+01
5.81709e+02	1.67175e+01
5.97683e+02	1.64349e+01
6.14095e+02	1.61557e+01
6.30957e+02	1.58798e+01
6.48283e+02	1.56074e+01
6.66085e+02	1.53383e+01
6.84375e+02	1.50726e+01
7.03168e+02	1.48103e+01
7.22476e+02	1.45513e+01
7.42315e+02	1.42958e+01
7.62699e+02	1.40436e+01
7.83642e+02	1.37948e+01
8.05160e+02	1.35493e+01
8.27270e+02	1.33072e+01
8.49986e+02	1.30685e+01
8.73326e+02	1.28330e+01
8.97307e+02	1.26009e+01
9.21947e+02	1.23720e+01
9.47263e+02	1.21465e+01
9.73274e+02	1.19242e+01
1.00000e+03	1.17051e+01
1.02746e+03	1.14893e+01
1.05567e+03	1.12767e+01
1.08466e+03	1.10672e+01
1.11444e+03	1.08609e+01
1.14505e+03	1.06578e+01
1.17649e+03	1.04578e+01
1.20880e+03	1.02608e+01
1.24199e+03	1.00670e+01
1.27609e+03	9.87612e+00
1.31113e+03	9.68830e+00
1.34714e+03	9.50347e+00
1.38413e+03	9.32160e+00
1.42214e+03	9.14266e+00
1.46119e+03	8.96662e+00
1.50131e+03	8.79345e+00
1.54254e+03	8.62313e+00
1.58489e+03	8.45562e+00
1.62841e+03	8.29090e+00
1.67313e+03	8.12893e+00
1.71907e+03	7.96969e+00
1.76628e+03	7.81314e+00
1.81478e+03	7.65926e+00
1.86461e+03	7.50800e+00
1.91581e+03	7.35935e+00
1.96842e+03	7.21326e+00
2.02247e+03	7.06972e+00
2.07801e+03	6.92868e+00
2.13507e+03	6.79011e+00
2.19370e+03	6.65398e+00
2.25393e+03	6.52027e+00
2.31583e+03	6.38893e+00
2.37942e+03	6.25994e+00
2.44476e+03	6.13327e+00
2.51189e+03	6.00888e+00
2.58086e+03	5.88674e+00
2.65173e+03	5.76683e+00
2.72455e+03	5.64910e+00
2.79936e+03	5.53353e+00
2.87623e+03	5.42009e+00
2.95521e+03	5.30875e+00
3.03636e+03	5.19947e+00
3.11974e+03	5.09223e+00
3.20540e+03	4.98698e+00
3.29342e+03	4.88372e+00
3.38386e+03	4.78240e+00
3.47677e+03	4.68299e+00
3.57224e+03	4.58546e+00
3.67034e+03	4.48979e+00
3.77112e+03	4.39595e+00
3.87468e+03	4.30390e+00
3.98107e+03	4.21362e+00
4.09039e+03	4.12508e+00
4.20271e+03	4.03825e+00
4.31811e+03	3.95310e+00
4.43669e+03	3.86961e+00
4.55852e+03	3.78775e+00
4.68369e+03	3.70748e+00
4.81230e+03	3.62880e+00
4.94445e+03	3.55166e+00
5.08022e+03	3.47604e+00
5.21972e+03	3.40191e+00
5.36305e+03	3.32926e+00
5.51032e+03	3.25805e+00
5.66163e+03	3.18826e+00
5.81709e+03	3.11987e+00
5.97683e+03	3.05284e+00
6.14095e+03	2.98716e+00
6.30957e+03	2.92281e+00
6.48283e+03	2.85975e+00
6.66085e+03	2.79797e+00
6.84375e+03	2.73744e+00
7.03168e+03	2.67814e+00
7.22476e+03	2.62005e+00
7.42315e+03	2.56314e+00
7.62699e+03	2.50740e+00
7.83642e+03	2.45280e+00
8.05160e+03	2.39932e+00
8.27270e+03	2.34694e+00
8.49986e+03	2.29565e+00
8.73326e+03	2.24541e+00
8.97307e+03	2.19621e+00
9.21947e+03	2.14804e+00
9.47263e+03	2.10087e+00
9.73274e+03	2.05467e+00
1.00000e+04	2.00945e+00
