# CH3NH cross section
256
1.00000e+01	0.00000e+00
1.02746e+01	0.00000e+00
1.05567e+01	0.00000e+00
1.08466e+01	0.00000e+00
1.11445e+01	0.00000e+00
1.14505e+01	3.74880e-02
1.17649e+01	1.85784e-01
1.20880e+01	3.97500e-01
1.24199e+01	6.36787e-01
1.27609e+01	8.80815e-01
1.31113e+01	1.11616e+00
1.34714e+01	1.33603e+00
1.38413e+01	1.85167e+00
1.42214e+01	2.45971e+00
1.46119e+01	3.08918e+00
1.50131e+01	3.96306e+00
1.54254e+01	4.71272e+00
1.58489e+01	5.37344e+00
1.62841e+01	5.97298e+00
1.67313e+01	6.53282e+00
1.71907e+01	7.06924e+00
1.76628e+01	7.59425e+00
1.81478e+01	8.11631e+00
1.86461e+01	8.64103e+00
1.91581e+01	9.17170e+00
1.96842e+01	9.70979e+00
2.02247e+01	1.02553e+01
2.07801e+01	1.08073e+01
2.13507e+01	1.13638e+01
2.19370e+01	1.19226e+01
2.25393e+01	1.24809e+01
2.31583e+01	1.30358e+01
2.37942e+01	1.35845e+01
2.44475e+01	1.41241e+01
2.51189e+01	1.46520e+01
2.58086e+01	1.51658e+01
2.65173e+01	1.56633e+01
2.72455e+01	1.61426e+01
2.79936e+01	1.66022e+01
2.87623e+01	1.70408e+01
2.95521e+01	1.74573e+01
3.03636e+01	1.78511e+01
3.11974e+01	1.82216e+01
3.20540e+01	1.85687e+01
3.29342e+01	1.88922e+01
3.38385e+01	1.91923e+01
3.47677e+01	1.94693e+01
3.57225e+01	1.97237e+01
3.67034e+01	1.99559e+01
3.77112e+01	2.01665e+01
3.87467e+01	2.03562e+01
3.98107e+01	2.05259e+01
4.09039e+01	2.06761e+01
4.20271e+01	2.08077e+01
4.31811e+01	2.09216e+01
4.43669e+01	2.10184e+01
4.55852e+01	2.10991e+01
4.68369e+01	2.11643e+01
4.81230e+01	2.12148e+01
4.94445e+01	2.12514e+01
5.08022e+01	2.12747e+01
5.21972e+01	2.12855e+01
5.36305e+01	2.12844e+01
5.51032e+01	2.12721e+01
5.66163e+01	2.12491e+01
5.81709e+01	2.12160e+01
5.97683e+01	2.11733e+01
6.14095e+01	2.11216e+01
6.30957e+01	2.10614e+01
6.48283e+01	2.09931e+01
6.66085e+01	2.09171e+01
6.84375e+01	2.08338e+01
7.03168e+01	2.07438e+01
7.22476e+01	2.06472e+01
7.42315e+01	2.05445e+01
7.62699e+01	2.04360e+01
7.83642e+01	2.03221e+01
8.05160e+01	2.02029e+01
8.27270e+01	2.00789e+01
8.49986e+01	1.99502e+01
8.73326e+01	1.98172e+01
8.97307e+01	1.96801e+01
9.21947e+01	1.95391e+01
9.47263e+01	1.93944e+01
9.73274e+01	1.92463e+01
1.00000e+02	1.90950e+01
1.02746e+02	1.89406e+01
1.05567e+02	1.87834e+01
1.08466e+02	1.86235e+01
1.11445e+02	1.84611e+01
1.14505e+02	1.82965e+01
1.17649e+02	1.81297e+01
1.20880e+02	1.79608e+01
1.24199e+02	1.77902e+01
1.27609e+02	1.76178e+01
1.31113e+02	1.74438e+01
1.34714e+02	1.72685e+01
1.38413e+02	1.70918e+01
1.42214e+02	1.69140e+01
1.46119e+02	1.67351e+01
1.50131e+02	1.65553e+01
1.54254e+02	1.63747e+01
1.58489e+02	1.61933e+01
1.62841e+02	1.60114e+01
1.67313e+02	1.58290e+01
1.71907e+02	1.56462e+01
1.76628e+02	1.54631e+01
1.81478e+02	1.52798e+01
1.86461e+02	1.50963e+01
1.91581e+02	1.49129e+01
1.96842e+02	1.47295e+01
2.02247e+02	1.45462e+01
2.07801e+02	1.43632e+01
2.13507e+02	1.41804e+01
2.19370e+02	1.39980e+01
2.25393e+02	1.38161e+01
2.31583e+02	1.36346e+01
2.37942e+02	1.34537e+01
2.44476e+02	1.32735e+01
2.51189e+02	1.30939e+01
2.58086e+02	1.29151e+01
2.65173e+02	1.27371e+01
2.72455e+02	1.25600e+01
2.79936e+02	1.23837e+01
2.87623e+02	1.22085e+01
2.95521e+02	1.20342e+01
3.03636e+02	1.18610e+01
3.11974e+02	1.16889e+01
3.20540e+02	1.15179e+01
3.29342e+02	1.13481e+01
3.38385e+02	1.11796e+01
3.47677e+02	1.10122e+01
3.57224e+02	1.08462e+01
3.67034e+02	1.06814e+01
3.77112e+02	1.05181e+01
3.87467e+02	1.03560e+01
3.98107e+02	1.01954e+01
4.09039e+02	1.00362e+01
4.20271e+02	9.87849e+00
4.31811e+02	9.72222e+00
4.43669e+02	9.56745e+00
4.55852e+02	9.41418e+00
4.68369e+02	9.26244e+00
4.81230e+02	9.11225e+00
4.94445e+02	8.96362e+00
5.08022e+02	8.81656e+00
5.21972e+02	8.67108e+00
5.36305e+02	8.52721e+00
5.51032e+02	8.38494e+00
5.66163e+02	8.24428e+00
5.81709e+02	8.10525e+00
5.97683e+02	7.96784e+00
6.14095e+02	7.83207e+00
6.30957e+02	7.69794e+00
6.48283e+02	7.56545e+00
6.66085e+02	7.43460e+00
6.84375e+02	7.30540e+00
7.03168e+02	7.17784e+00
7.22476e+02	7.05193e+00
7.42315e+02	6.92766e+00
7.62699e+02	6.80503e+00
7.83642e+02	6.68405e+00
8.05160e+02	6.56469e+00
8.27270e+02	6.44697e+00
8.49986e+02	6.33088e+00
8.73326e+02	6.21640e+00
8.97307e+02	6.10354e+00
9.21947e+02	5.99228e+00
9.47263e+02	5.88262e+00
9.73274e+02	5.77455e+00
1.00000e+03	5.66807e+00
1.02746e+03	5.56315e+00
1.05567e+03	5.45980e+00
1.08466e+03	5.35800e+00
1.11444e+03	5.25774e+00
1.14505e+03	5.15902e+00
1.17649e+03	5.06181e+00
1.20880e+03	4.96611e+00
1.24199e+03	4.87191e+00
1.27609e+03	4.77919e+00
1.31113e+03	4.68793e+00
1.34714e+03	4.59814e+00
1.38413e+03	4.50979e+00
1.42214e+03	4.42287e+00
1.46119e+03	4.33736e+00
1.50131e+03	4.25326e+00
1.54254e+03	4.17054e+00
1.58489e+03	4.08920e+00
1.62841e+03	4.00922e+00
1.67313e+03	3.93058e+00
1.71907e+03	3.85326e+00
1.76628e+03	3.77727e+00
1.81478e+03	3.70257e+00
1.86461e+03	3.62915e+00
1.91581e+03	3.55701e+00
1.96842e+03	3.48611e+00
2.02247e+03	3.41646e+00
2.07801e+03	3.34802e+00
2.13507e+03	3.28079e+00
2.19370e+03	3.21475e+00
2.25393e+03	3.14989e+00
2.31583e+03	3.08619e+00
2.37942e+03	3.02363e+00
2.44476e+03	2.96220e+00
2.51189e+03	2.90188e+00
2.58086e+03	2.84266e+00
2.65173e+03	2.78453e+00
2.72455e+03	2.72745e+00
2.79936e+03	2.67144e+00
2.87623e+03	2.61645e+00
2.95521e+03	2.56249e+00
3.03636e+03	2.50954e+00
3.11974e+03	2.45757e+00
3.20540e+03	2.40658e+00
3.29342e+03	2.35655e+00
3.38386e+03	2.30747e+00
3.47677e+03	2.25932e+00
3.57224e+03	2.21209e+00
3.67034e+03	2.16576e+00
3.77112e+03	2.12032e+00
3.87468e+03	2.07575e+00
3.98107e+03	2.03204e+00
4.09039e+03	1.98918e+00
4.20271e+03	1.94715e+00
4.31811e+03	1.90594e+00
4.43669e+03	1.86553e+00
4.55852e+03	1.82592e+00
4.68369e+03	1.78709e+00
4.81230e+03	1.74902e+00
4.94445e+03	1.71170e+00
5.08022e+03	1.67512e+00
5.21972e+03	1.63927e+00
5.36305e+03	1.60413e+00
5.51032e+03	1.56970e+00
5.66163e+03	1.53595e+00
5.81709e+03	1.50289e+00
5.97683e+03	1.47048e+00
6.14095e+03	1.43874e+00
6.30957e+03	1.40763e+00
6.48283e+03	1.37715e+00
6.66085e+03	1.34730e+00
6.84375e+03	1.31805e+00
7.03168e+03	1.28940e+00
7.22476e+03	1.26133e+00
7.42315e+03	1.23384e+00
7.62699e+03	1.20692e+00
7.83642e+03	1.18055e+00
8.05160e+03	1.15472e+00
8.27270e+03	1.12943e+00
8.49986e+03	1.10466e+00
8.73326e+03	1.08041e+00
8.97307e+03	1.05666e+00
9.21947e+03	1.03340e+00
9.47263e+03	1.01063e+00
9.73274e+03	9.88339e-01
1.00000e+04	9.66514e-01
