# CH3NCO cross section
256
1.00000e+01	0.00000e+00
1.04618e+01	0.00000e+00
1.09450e+01	0.00000e+00
1.14505e+01	3.74880e-02
1.19793e+01	3.22402e-01
1.25325e+01	7.18430e-01
1.31113e+01	1.11616e+00
1.37169e+01	1.63837e+00
1.43504e+01	2.64200e+00
1.50131e+01	3.86382e+00
1.57065e+01	4.97224e+00
1.64318e+01	5.92760e+00
1.71907e+01	6.83720e+00
1.79846e+01	7.75711e+00
1.88152e+01	8.71134e+00
1.96842e+01	9.70444e+00
2.05933e+01	1.07297e+01
2.15444e+01	1.17746e+01
2.25393e+01	1.28244e+01
2.35803e+01	1.38641e+01
2.46693e+01	1.48801e+01
2.58086e+01	1.58607e+01
2.70006e+01	1.67965e+01
2.82475e+01	1.76804e+01
2.95521e+01	1.85075e+01
3.09169e+01	1.92748e+01
3.23448e+01	1.99807e+01
3.38385e+01	2.06252e+01
3.54013e+01	2.12090e+01
3.70363e+01	2.17336e+01
3.87467e+01	2.22010e+01
4.05362e+01	2.26136e+01
4.24083e+01	2.29737e+01
4.43669e+01	2.32840e+01
4.64159e+01	2.35471e+01
4.85595e+01	2.37653e+01
5.08022e+01	2.39412e+01
5.31484e+01	2.40770e+01
5.56030e+01	2.41749e+01
5.81709e+01	2.42371e+01
6.08575e+01	2.42656e+01
6.36681e+01	2.42621e+01
6.66085e+01	2.42286e+01
6.96847e+01	2.41668e+01
7.29030e+01	2.40782e+01
7.62699e+01	2.39645e+01
7.97923e+01	2.38272e+01
8.34773e+01	2.36678e+01
8.73326e+01	2.34877e+01
9.13659e+01	2.32882e+01
9.55855e+01	2.30707e+01
1.00000e+02	2.28365e+01
1.04618e+02	2.25867e+01
1.09450e+02	2.23226e+01
1.14505e+02	2.20453e+01
1.19793e+02	2.17559e+01
1.25325e+02	2.14556e+01
1.31113e+02	2.11453e+01
1.37169e+02	2.08261e+01
1.43504e+02	2.04988e+01
1.50131e+02	2.01645e+01
1.57065e+02	1.98240e+01
1.64318e+02	1.94781e+01
1.71907e+02	1.91276e+01
1.79846e+02	1.87734e+01
1.88152e+02	1.84161e+01
1.96842e+02	1.80565e+01
2.05933e+02	1.76951e+01
2.15444e+02	1.73327e+01
2.25393e+02	1.69697e+01
2.35803e+02	1.66069e+01
2.46693e+02	1.62446e+01
2.58086e+02	1.58834e+01
2.70005e+02	1.55237e+01
2.82475e+02	1.51660e+01
2.95521e+02	1.48106e+01
3.09169e+02	1.44580e+01
3.23448e+02	1.41085e+01
3.38385e+02	1.37624e+01
3.54013e+02	1.34200e+01
3.70363e+02	1.30815e+01
3.87467e+02	1.27473e+01
4.05362e+02	1.24175e+01
4.24083e+02	1.20923e+01
4.43669e+02	1.17719e+01
4.64159e+02	1.14565e+01
4.85595e+02	1.11463e+01
5.08022e+02	1.08412e+01
5.31484e+02	1.05416e+01
5.56030e+02	1.02473e+01
5.81709e+02	9.95859e+00
6.08574e+02	9.67545e+00
6.36681e+02	9.39794e+00
6.66085e+02	9.12610e+00
6.96847e+02	8.85994e+00
7.29029e+02	8.59950e+00
7.62699e+02	8.34476e+00
7.97923e+02	8.09572e+00
8.34773e+02	7.85237e+00
8.73326e+02	7.61468e+00
9.13659e+02	7.38261e+00
9.55855e+02	7.15615e+00
1.00000e+03	6.93522e+00
1.04618e+03	6.71979e+00
1.09450e+03	6.50980e+00
1.14505e+03	6.30519e+00
1.19793e+03	6.10588e+00
1.25325e+03	5.91182e+00
1.31113e+03	5.72292e+00
1.37169e+03	5.53911e+00
1.43504e+03	5.36030e+00
1.50131e+03	5.18642e+00
1.57065e+03	5.01738e+00
1.64318e+03	4.85310e+00
1.71907e+03	4.69347e+00
1.79846e+03	4.53842e+00
1.88152e+03	4.38786e+00
1.96842e+03	4.24168e+00
2.05933e+03	4.09980e+00
2.15443e+03	3.96213e+00
2.25393e+03	3.82858e+00
2.35803e+03	3.69904e+00
2.46693e+03	3.57344e+00
2.58086e+03	3.45166e+00
2.70005e+03	3.33364e+00
2.82475e+03	3.21926e+00
2.95521e+03	3.10845e+00
3.09169e+03	3.00111e+00
3.23448e+03	2.89715e+00
3.38386e+03	2.79649e+00
3.54013e+03	2.69904e+00
3.70363e+03	2.60471e+00
3.87468e+03	2.51342e+00
4.05362e+03	2.42509e+00
4.24083e+03	2.33963e+00
4.43669e+03	2.25696e+00
4.64159e+03	2.17701e+00
4.85595e+03	2.09970e+00
5.08022e+03	2.02496e+00
5.31484e+03	1.95270e+00
5.56030e+03	1.88285e+00
5.81709e+03	1.81535e+00
6.08574e+03	1.75012e+00
6.36681e+03	1.68710e+00
6.66085e+03	1.62622e+00
6.96847e+03	1.56741e+00
7.29030e+03	1.51061e+00
7.62699e+03	1.45576e+00
7.97923e+03	1.40280e+00
8.34773e+03	1.35167e+00
8.73326e+03	1.30231e+00
9.13659e+03	1.25466e+00
9.55855e+03	1.20867e+00
1.00000e+04	1.16429e+00
1.04618e+04	1.12146e+00
1.09450e+04	1.08014e+00
1.14505e+04	1.04028e+00
1.19793e+04	1.00182e+00
1.25325e+04	9.64726e-01
1.31113e+04	9.28949e-01
1.37169e+04	8.94445e-01
1.43504e+04	8.61173e-01
1.50131e+04	8.29091e-01
1.57065e+04	7.98159e-01
1.64318e+04	7.68338e-01
1.71907e+04	7.39591e-01
1.79847e+04	7.11882e-01
1.88152e+04	6.85174e-01
1.96842e+04	6.59434e-01
2.05933e+04	6.34629e-01
2.15443e+04	6.10726e-01
2.25393e+04	5.87695e-01
2.35803e+04	5.65504e-01
2.46693e+04	5.44125e-01
2.58086e+04	5.23530e-01
2.70005e+04	5.03691e-01
2.82475e+04	4.84582e-01
2.95521e+04	4.66176e-01
3.09169e+04	4.48450e-01
3.23448e+04	4.31379e-01
3.38386e+04	4.14940e-01
3.54013e+04	3.99111e-01
3.70363e+04	3.83869e-01
3.87468e+04	3.69195e-01
4.05362e+04	3.55067e-01
4.24083e+04	3.41466e-01
4.43669e+04	3.28373e-01
4.64159e+04	3.15769e-01
4.85595e+04	3.03638e-01
5.08022e+04	2.91962e-01
5.31484e+04	2.80725e-01
5.56030e+04	2.69910e-01
5.81709e+04	2.59502e-01
6.08574e+04	2.49487e-01
6.36681e+04	2.39850e-01
6.66085e+04	2.30577e-01
6.96847e+04	2.21655e-01
7.29029e+04	2.13071e-01
7.62699e+04	2.04813e-01
7.97923e+04	1.96868e-01
8.34773e+04	1.89225e-01
8.73326e+04	1.81873e-01
9.13659e+04	1.74802e-01
9.55855e+04	1.68000e-01
1.00000e+05	1.61457e-01
1.04618e+05	1.55165e-01
1.09450e+05	1.49113e-01
1.14505e+05	1.43293e-01
1.19793e+05	1.37696e-01
1.25325e+05	1.32314e-01
1.31113e+05	1.27139e-01
1.37169e+05	1.22163e-01
1.43504e+05	1.17378e-01
1.50131e+05	1.12777e-01
1.57065e+05	1.08354e-01
1.64318e+05	1.04101e-01
1.71907e+05	1.00013e-01
1.79846e+05	9.60826e-02
1.88152e+05	9.23042e-02
1.96842e+05	8.86722e-02
2.05933e+05	8.51808e-02
2.15444e+05	8.18249e-02
2.25393e+05	7.85992e-02
2.35803e+05	7.54988e-02
2.46693e+05	7.25189e-02
2.58086e+05	6.96549e-02
2.70006e+05	6.69025e-02
2.82475e+05	6.42572e-02
2.95521e+05	6.17151e-02
3.09169e+05	5.92722e-02
3.23448e+05	5.69247e-02
3.38386e+05	5.46689e-02
3.54013e+05	5.25013e-02
3.70363e+05	5.04185e-02
3.87468e+05	4.84173e-02
4.05362e+05	4.64945e-02
4.24083e+05	4.46471e-02
4.43669e+05	4.28722e-02
4.64159e+05	4.11669e-02
4.85595e+05	3.95287e-02
5.08022e+05	3.79548e-02
5.31484e+05	3.64429e-02
5.56030e+05	3.49905e-02
5.81709e+05	3.35953e-02
6.08574e+05	3.22550e-02
6.36680e+05	3.09676e-02
6.66085e+05	2.97311e-02
6.96847e+05	2.85433e-02
7.29030e+05	2.74024e-02
7.62699e+05	2.63067e-02
7.97923e+05	2.52543e-02
8.34773e+05	2.42435e-02
8.73326e+05	2.32728e-02
9.13659e+05	2.23405e-02
9.55855e+05	2.14452e-02
1.00000e+06	2.05853e-02
