# CH3OH cross section
256
1.00000e+01	0.00000e+00
1.04618e+01	0.00000e+00
1.09450e+01	0.00000e+00
1.14505e+01	3.74880e-02
1.19793e+01	3.22402e-01
1.25325e+01	7.18430e-01
1.31113e+01	1.11616e+00
1.37169e+01	1.67708e+00
1.43504e+01	2.84776e+00
1.50131e+01	3.73725e+00
1.57065e+01	4.52204e+00
1.64318e+01	5.29897e+00
1.71907e+01	6.11338e+00
1.79846e+01	6.97883e+00
1.88152e+01	7.89070e+00
1.96842e+01	8.83500e+00
2.05933e+01	9.79403e+00
2.15444e+01	1.07496e+01
2.25393e+01	1.16851e+01
2.35803e+01	1.25864e+01
2.46693e+01	1.34420e+01
2.58086e+01	1.42436e+01
2.70006e+01	1.49856e+01
2.82475e+01	1.56648e+01
2.95521e+01	1.62802e+01
3.09169e+01	1.68321e+01
3.23448e+01	1.73226e+01
3.38385e+01	1.77542e+01
3.54013e+01	1.81304e+01
3.70363e+01	1.84548e+01
3.87467e+01	1.87310e+01
4.05362e+01	1.89629e+01
4.24083e+01	1.91538e+01
4.43669e+01	1.93072e+01
4.64159e+01	1.94260e+01
4.85595e+01	1.95130e+01
5.08022e+01	1.95708e+01
5.31484e+01	1.96014e+01
5.56030e+01	1.96069e+01
5.81709e+01	1.95890e+01
6.08575e+01	1.95494e+01
6.36681e+01	1.94895e+01
6.66085e+01	1.94105e+01
6.96847e+01	1.93136e+01
7.29030e+01	1.92000e+01
7.62699e+01	1.90707e+01
7.97923e+01	1.89266e+01
8.34773e+01	1.87687e+01
8.73326e+01	1.85978e+01
9.13659e+01	1.84148e+01
9.55855e+01	1.82205e+01
1.00000e+02	1.80156e+01
1.04618e+02	1.78009e+01
1.09450e+02	1.75772e+01
1.14505e+02	1.73451e+01
1.19793e+02	1.71054e+01
1.25325e+02	1.68588e+01
1.31113e+02	1.66058e+01
1.37169e+02	1.63471e+01
1.43504e+02	1.60834e+01
1.50131e+02	1.58153e+01
1.57065e+02	1.55432e+01
1.64318e+02	1.52678e+01
1.71907e+02	1.49896e+01
1.79846e+02	1.47091e+01
1.88152e+02	1.44268e+01
1.96842e+02	1.41431e+01
2.05933e+02	1.38585e+01
2.15444e+02	1.35735e+01
2.25393e+02	1.32885e+01
2.35803e+02	1.30037e+01
2.46693e+02	1.27197e+01
2.58086e+02	1.24367e+01
2.70005e+02	1.21550e+01
2.82475e+02	1.18751e+01
2.95521e+02	1.15971e+01
3.09169e+02	1.13213e+01
3.23448e+02	1.10480e+01
3.38385e+02	1.07774e+01
3.54013e+02	1.05097e+01
3.70363e+02	1.02451e+01
3.87467e+02	9.98383e+00
4.05362e+02	9.72602e+00
4.24083e+02	9.47183e+00
4.43669e+02	9.22138e+00
4.64159e+02	8.97480e+00
4.85595e+02	8.73220e+00
5.08022e+02	8.49367e+00
5.31484e+02	8.25930e+00
5.56030e+02	8.02916e+00
5.81709e+02	7.80330e+00
6.08574e+02	7.58177e+00
6.36681e+02	7.36462e+00
6.66085e+02	7.15187e+00
6.96847e+02	6.94354e+00
7.29029e+02	6.73965e+00
7.62699e+02	6.54020e+00
7.97923e+02	6.34518e+00
8.34773e+02	6.15459e+00
8.73326e+02	5.96841e+00
9.13659e+02	5.78662e+00
9.55855e+02	5.60918e+00
1.00000e+03	5.43607e+00
1.04618e+03	5.26724e+00
1.09450e+03	5.10265e+00
1.14505e+03	4.94226e+00
1.19793e+03	4.78602e+00
1.25325e+03	4.63387e+00
1.31113e+03	4.48576e+00
1.37169e+03	4.34162e+00
1.43504e+03	4.20140e+00
1.50131e+03	4.06504e+00
1.57065e+03	3.93246e+00
1.64318e+03	3.80359e+00
1.71907e+03	3.67838e+00
1.79846e+03	3.55675e+00
1.88152e+03	3.43864e+00
1.96842e+03	3.32396e+00
2.05933e+03	3.21266e+00
2.15443e+03	3.10465e+00
2.25393e+03	2.99986e+00
2.35803e+03	2.89823e+00
2.46693e+03	2.79968e+00
2.58086e+03	2.70414e+00
2.70005e+03	2.61153e+00
2.82475e+03	2.52180e+00
2.95521e+03	2.43485e+00
3.09169e+03	2.35064e+00
3.23448e+03	2.26907e+00
3.38386e+03	2.19010e+00
3.54013e+03	2.11364e+00
3.70363e+03	2.03964e+00
3.87468e+03	1.96803e+00
4.05362e+03	1.89873e+00
4.24083e+03	1.83170e+00
4.43669e+03	1.76685e+00
4.64159e+03	1.70415e+00
4.85595e+03	1.64351e+00
5.08022e+03	1.58488e+00
5.31484e+03	1.52821e+00
5.56030e+03	1.47344e+00
5.81709e+03	1.42051e+00
6.08574e+03	1.36936e+00
6.36681e+03	1.31995e+00
6.66085e+03	1.27222e+00
6.96847e+03	1.22611e+00
7.29030e+03	1.18159e+00
7.62699e+03	1.13859e+00
7.97923e+03	1.09708e+00
8.34773e+03	1.05700e+00
8.73326e+03	1.01832e+00
9.13659e+03	9.80981e-01
9.55855e+03	9.44946e-01
1.00000e+04	9.10173e-01
1.04618e+04	8.76621e-01
1.09450e+04	8.44251e-01
1.14505e+04	8.13025e-01
1.19793e+04	7.82903e-01
1.25325e+04	7.53852e-01
1.31113e+04	7.25834e-01
1.37169e+04	6.98816e-01
1.43504e+04	6.72764e-01
1.50131e+04	6.47647e-01
1.57065e+04	6.23432e-01
1.64318e+04	6.00089e-01
1.71907e+04	5.77588e-01
1.79847e+04	5.55902e-01
1.88152e+04	5.35001e-01
1.96842e+04	5.14860e-01
2.05933e+04	4.95451e-01
2.15443e+04	4.76751e-01
2.25393e+04	4.58734e-01
2.35803e+04	4.41376e-01
2.46693e+04	4.24655e-01
2.58086e+04	4.08548e-01
2.70005e+04	3.93034e-01
2.82475e+04	3.78091e-01
2.95521e+04	3.63701e-01
3.09169e+04	3.49843e-01
3.23448e+04	3.36498e-01
3.38386e+04	3.23649e-01
3.54013e+04	3.11277e-01
3.70363e+04	2.99366e-01
3.87468e+04	2.87899e-01
4.05362e+04	2.76860e-01
4.24083e+04	2.66234e-01
4.43669e+04	2.56005e-01
4.64159e+04	2.46161e-01
4.85595e+04	2.36685e-01
5.08022e+04	2.27566e-01
5.31484e+04	2.18790e-01
5.56030e+04	2.10346e-01
5.81709e+04	2.02219e-01
6.08574e+04	1.94400e-01
6.36681e+04	1.86877e-01
6.66085e+04	1.79639e-01
6.96847e+04	1.72675e-01
7.29029e+04	1.65976e-01
7.62699e+04	1.59531e-01
7.97923e+04	1.53331e-01
8.34773e+04	1.47368e-01
8.73326e+04	1.41632e-01
9.13659e+04	1.36116e-01
9.55855e+04	1.30809e-01
1.00000e+05	1.25706e-01
1.04618e+05	1.20799e-01
1.09450e+05	1.16080e-01
1.14505e+05	1.11541e-01
1.19793e+05	1.07177e-01
1.25325e+05	1.02981e-01
1.31113e+05	9.89464e-02
1.37169e+05	9.50671e-02
1.43504e+05	9.13374e-02
1.50131e+05	8.77516e-02
1.57065e+05	8.43043e-02
1.64318e+05	8.09903e-02
1.71907e+05	7.78045e-02
1.79846e+05	7.47421e-02
1.88152e+05	7.17983e-02
1.96842e+05	6.89688e-02
2.05933e+05	6.62490e-02
2.15444e+05	6.36350e-02
2.25393e+05	6.11226e-02
2.35803e+05	5.87079e-02
2.46693e+05	5.63873e-02
2.58086e+05	5.41571e-02
2.70006e+05	5.20139e-02
2.82475e+05	4.99544e-02
2.95521e+05	4.79752e-02
3.09169e+05	4.60735e-02
3.23448e+05	4.42461e-02
3.38386e+05	4.24903e-02
3.54013e+05	4.08032e-02
3.70363e+05	3.91823e-02
3.87468e+05	3.76249e-02
4.05362e+05	3.61286e-02
4.24083e+05	3.46912e-02
4.43669e+05	3.33102e-02
4.64159e+05	3.19835e-02
4.85595e+05	3.07090e-02
5.08022e+05	2.94847e-02
5.31484e+05	2.83087e-02
5.56030e+05	2.71790e-02
5.81709e+05	2.60938e-02
6.08574e+05	2.50516e-02
6.36680e+05	2.40504e-02
6.66085e+05	2.30889e-02
6.96847e+05	2.21653e-02
7.29030e+05	2.12783e-02
7.62699e+05	2.04264e-02
7.97923e+05	1.96082e-02
8.34773e+05	1.88225e-02
8.73326e+05	1.80679e-02
9.13659e+05	1.73433e-02
9.55855e+05	1.66474e-02
1.00000e+06	1.59792e-02
