# CH3OCH2 cross section
256
1.00000e+01	0.00000e+00
1.02746e+01	0.00000e+00
1.05567e+01	0.00000e+00
1.08466e+01	0.00000e+00
1.11445e+01	0.00000e+00
1.14505e+01	7.49702e-02
1.17649e+01	3.71425e-01
1.20880e+01	7.94343e-01
1.24199e+01	1.27189e+00
1.27609e+01	1.75841e+00
1.31113e+01	2.22714e+00
1.34714e+01	2.66464e+00
1.38413e+01	3.55023e+00
1.42214e+01	4.52923e+00
1.46119e+01	5.36092e+00
1.50131e+01	6.09999e+00
1.54254e+01	6.78747e+00
1.58489e+01	7.45316e+00
1.62841e+01	8.11780e+00
1.67313e+01	8.79497e+00
1.71907e+01	9.49266e+00
1.76628e+01	1.02146e+01
1.81478e+01	1.09615e+01
1.86461e+01	1.17316e+01
1.91581e+01	1.25215e+01
1.96842e+01	1.33270e+01
2.02247e+01	1.41429e+01
2.07801e+01	1.49641e+01
2.13507e+01	1.57850e+01
2.19370e+01	1.66005e+01
2.25393e+01	1.74055e+01
2.31583e+01	1.81954e+01
2.37942e+01	1.89660e+01
2.44475e+01	1.97137e+01
2.51189e+01	2.04353e+01
2.58086e+01	2.11283e+01
2.65173e+01	2.17905e+01
2.72455e+01	2.24203e+01
2.79936e+01	2.30166e+01
2.87623e+01	2.35788e+01
2.95521e+01	2.41064e+01
3.03636e+01	2.45996e+01
3.11974e+01	2.50587e+01
3.20540e+01	2.54841e+01
3.29342e+01	2.58768e+01
3.38385e+01	2.62376e+01
3.47677e+01	2.65677e+01
3.57225e+01	2.68682e+01
3.67034e+01	2.71403e+01
3.77112e+01	2.73853e+01
3.87467e+01	2.76046e+01
3.98107e+01	2.77993e+01
4.09039e+01	2.79708e+01
4.20271e+01	2.81202e+01
4.31811e+01	2.82488e+01
4.43669e+01	2.83577e+01
4.55852e+01	2.84479e+01
4.68369e+01	2.85206e+01
4.81230e+01	2.85766e+01
4.94445e+01	2.86168e+01
5.08022e+01	2.86422e+01
5.21972e+01	2.86535e+01
5.36305e+01	2.86514e+01
5.51032e+01	2.86366e+01
5.66163e+01	2.86098e+01
5.81709e+01	2.85715e+01
5.97683e+01	2.85224e+01
6.14095e+01	2.84628e+01
6.30957e+01	2.83934e+01
6.48283e+01	2.83145e+01
6.66085e+01	2.82265e+01
6.84375e+01	2.81299e+01
7.03168e+01	2.80250e+01
7.22476e+01	2.79121e+01
7.42315e+01	2.77917e+01
7.62699e+01	2.76640e+01
7.83642e+01	2.75293e+01
8.05160e+01	2.73878e+01
8.27270e+01	2.72400e+01
8.49986e+01	2.70859e+01
8.73326e+01	2.69260e+01
8.97307e+01	2.67604e+01
9.21947e+01	2.65894e+01
9.47263e+01	2.64132e+01
9.73274e+01	2.62320e+01
1.00000e+02	2.60461e+01
1.02746e+02	2.58556e+01
1.05567e+02	2.56609e+01
1.08466e+02	2.54620e+01
1.11445e+02	2.52592e+01
1.14505e+02	2.50528e+01
1.17649e+02	2.48428e+01
1.20880e+02	2.46295e+01
1.24199e+02	2.44130e+01
1.27609e+02	2.41937e+01
1.31113e+02	2.39715e+01
1.34714e+02	2.37468e+01
1.38413e+02	2.35196e+01
1.42214e+02	2.32902e+01
1.46119e+02	2.30587e+01
1.50131e+02	2.28253e+01
1.54254e+02	2.25902e+01
1.58489e+02	2.23535e+01
1.62841e+02	2.21153e+01
1.67313e+02	2.18758e+01
1.71907e+02	2.16352e+01
1.76628e+02	2.13936e+01
1.81478e+02	2.11511e+01
1.86461e+02	2.09079e+01
1.91581e+02	2.06640e+01
1.96842e+02	2.04198e+01
2.02247e+02	2.01752e+01
2.07801e+02	1.99303e+01
2.13507e+02	1.96854e+01
2.19370e+02	1.94405e+01
2.25393e+02	1.91957e+01
2.31583e+02	1.89512e+01
2.37942e+02	1.87070e+01
2.44476e+02	1.84633e+01
2.51189e+02	1.82201e+01
2.58086e+02	1.79775e+01
2.65173e+02	1.77357e+01
2.72455e+02	1.74947e+01
2.79936e+02	1.72546e+01
2.87623e+02	1.70155e+01
2.95521e+02	1.67775e+01
3.03636e+02	1.65406e+01
3.11974e+02	1.63050e+01
3.20540e+02	1.60706e+01
3.29342e+02	1.58376e+01
3.38385e+02	1.56060e+01
3.47677e+02	1.53759e+01
3.57224e+02	1.51473e+01
3.67034e+02	1.49204e+01
3.77112e+02	1.46951e+01
3.87467e+02	1.44714e+01
3.98107e+02	1.42496e+01
4.09039e+02	1.40295e+01
4.20271e+02	1.38113e+01
4.31811e+02	1.35949e+01
4.43669e+02	1.33805e+01
4.55852e+02	1.31680e+01
4.68369e+02	1.29575e+01
4.81230e+02	1.27490e+01
4.94445e+02	1.25425e+01
5.08022e+02	1.23381e+01
5.21972e+02	1.21358e+01
5.36305e+02	1.19357e+01
5.51032e+02	1.17376e+01
5.66163e+02	1.15418e+01
5.81709e+02	1.13481e+01
5.97683e+02	1.11565e+01
6.14095e+02	1.09672e+01
6.30957e+02	1.07801e+01
6.48283e+02	1.05952e+01
6.66085e+02	1.04125e+01
6.84375e+02	1.02321e+01
7.03168e+02	1.00539e+01
7.22476e+02	9.87793e+00
7.42315e+02	9.70423e+00
7.62699e+02	9.53277e+00
7.83642e+02	9.36355e+00
8.05160e+02	9.19659e+00
8.27270e+02	9.03186e+00
8.49986e+02	8.86937e+00
8.73326e+02	8.70911e+00
8.97307e+02	8.55108e+00
9.21947e+02	8.39527e+00
9.47263e+02	8.24166e+00
9.73274e+02	8.09026e+00
1.00000e+03	7.94106e+00
1.02746e+03	7.79403e+00
1.05567e+03	7.64917e+00
1.08466e+03	7.50647e+00
1.11444e+03	7.36591e+00
1.14505e+03	7.22748e+00
1.17649e+03	7.09117e+00
1.20880e+03	6.95695e+00
1.24199e+03	6.82483e+00
1.27609e+03	6.69477e+00
1.31113e+03	6.56676e+00
1.34714e+03	6.44079e+00
1.38413e+03	6.31683e+00
1.42214e+03	6.19487e+00
1.46119e+03	6.07490e+00
1.50131e+03	5.95688e+00
1.54254e+03	5.84081e+00
1.58489e+03	5.72666e+00
1.62841e+03	5.61441e+00
1.67313e+03	5.50405e+00
1.71907e+03	5.39555e+00
1.76628e+03	5.28888e+00
1.81478e+03	5.18405e+00
1.86461e+03	5.08101e+00
1.91581e+03	4.97975e+00
1.96842e+03	4.88025e+00
2.02247e+03	4.78248e+00
2.07801e+03	4.68644e+00
2.13507e+03	4.59208e+00
2.19370e+03	4.49940e+00
2.25393e+03	4.40837e+00
2.31583e+03	4.31897e+00
2.37942e+03	4.23117e+00
2.44476e+03	4.14496e+00
2.51189e+03	4.06032e+00
2.58086e+03	3.97722e+00
2.65173e+03	3.89564e+00
2.72455e+03	3.81556e+00
2.79936e+03	3.73695e+00
2.87623e+03	3.65981e+00
2.95521e+03	3.58410e+00
3.03636e+03	3.50981e+00
3.11974e+03	3.43690e+00
3.20540e+03	3.36537e+00
3.29342e+03	3.29520e+00
3.38386e+03	3.22635e+00
3.47677e+03	3.15882e+00
3.57224e+03	3.09257e+00
3.67034e+03	3.02759e+00
3.77112e+03	2.96387e+00
3.87468e+03	2.90137e+00
3.98107e+03	2.84009e+00
4.09039e+03	2.77999e+00
4.20271e+03	2.72106e+00
4.31811e+03	2.66329e+00
4.43669e+03	2.60665e+00
4.55852e+03	2.55112e+00
4.68369e+03	2.49669e+00
4.81230e+03	2.44333e+00
4.94445e+03	2.39103e+00
5.08022e+03	2.33977e+00
5.21972e+03	2.28953e+00
5.36305e+03	2.24030e+00
5.51032e+03	2.19205e+00
5.66163e+03	2.14478e+00
5.81709e+03	2.09845e+00
5.97683e+03	2.05307e+00
6.14095e+03	2.00860e+00
6.30957e+03	1.96503e+00
6.48283e+03	1.92235e+00
6.66085e+03	1.88054e+00
6.84375e+03	1.83959e+00
7.03168e+03	1.79947e+00
7.22476e+03	1.76018e+00
7.42315e+03	1.72170e+00
7.62699e+03	1.68401e+00
7.83642e+03	1.64710e+00
8.05160e+03	1.61095e+00
8.27270e+03	1.57555e+00
8.49986e+03	1.54089e+00
8.73326e+03	1.50696e+00
8.97307e+03	1.47373e+00
9.21947e+03	1.44119e+00
9.47263e+03	1.40934e+00
9.73274e+03	1.37816e+00
1.00000e+04	1.34763e+00
