# CN cross section
256
1.00000e+01	0.00000e+00
1.02746e+01	0.00000e+00
1.05567e+01	0.00000e+00
1.08466e+01	0.00000e+00
1.11445e+01	0.00000e+00
1.14505e+01	3.74880e-02
1.17649e+01	1.85784e-01
1.20880e+01	3.97500e-01
1.24199e+01	6.36787e-01
1.27609e+01	8.80815e-01
1.31113e+01	1.11616e+00
1.34714e+01	1.33603e+00
1.38413e+01	1.53816e+00
1.42214e+01	1.72326e+00
1.46119e+01	1.98293e+00
1.50131e+01	2.52872e+00
1.54254e+01	2.97553e+00
1.58489e+01	3.34936e+00
1.62841e+01	3.67177e+00
1.67313e+01	3.96028e+00
1.71907e+01	4.22893e+00
1.76628e+01	4.48863e+00
1.81478e+01	4.74768e+00
1.86461e+01	5.01213e+00
1.91581e+01	5.28616e+00
1.96842e+01	5.57235e+00
2.02247e+01	5.87206e+00
2.07801e+01	6.18560e+00
2.13507e+01	6.51249e+00
2.19370e+01	6.85163e+00
2.25393e+01	7.20148e+00
2.31583e+01	7.56019e+00
2.37942e+01	7.92572e+00
2.44475e+01	8.29593e+00
2.51189e+01	8.66863e+00
2.58086e+01	9.04170e+00
2.65173e+01	9.41308e+00
2.72455e+01	9.78084e+00
2.79936e+01	1.01432e+01
2.87623e+01	1.04985e+01
2.95521e+01	1.08453e+01
3.03636e+01	1.11824e+01
3.11974e+01	1.15085e+01
3.20540e+01	1.18227e+01
3.29342e+01	1.21243e+01
3.38385e+01	1.24127e+01
3.47677e+01	1.26872e+01
3.57225e+01	1.29475e+01
3.67034e+01	1.31934e+01
3.77112e+01	1.34247e+01
3.87467e+01	1.36414e+01
3.98107e+01	1.38434e+01
4.09039e+01	1.40309e+01
4.20271e+01	1.42040e+01
4.31811e+01	1.43629e+01
4.43669e+01	1.45080e+01
4.55852e+01	1.46394e+01
4.68369e+01	1.47575e+01
4.81230e+01	1.48627e+01
4.94445e+01	1.49553e+01
5.08022e+01	1.50358e+01
5.21972e+01	1.51044e+01
5.36305e+01	1.51616e+01
5.51032e+01	1.52079e+01
5.66163e+01	1.52436e+01
5.81709e+01	1.52691e+01
5.97683e+01	1.52849e+01
6.14095e+01	1.52913e+01
6.30957e+01	1.52888e+01
6.48283e+01	1.52776e+01
6.66085e+01	1.52583e+01
6.84375e+01	1.52311e+01
7.03168e+01	1.51965e+01
7.22476e+01	1.51547e+01
7.42315e+01	1.51062e+01
7.62699e+01	1.50512e+01
7.83642e+01	1.49901e+01
8.05160e+01	1.49232e+01
8.27270e+01	1.48507e+01
8.49986e+01	1.47731e+01
8.73326e+01	1.46905e+01
8.97307e+01	1.46033e+01
9.21947e+01	1.45116e+01
9.47263e+01	1.44158e+01
9.73274e+01	1.43161e+01
1.00000e+02	1.42127e+01
1.02746e+02	1.41059e+01
1.05567e+02	1.39958e+01
1.08466e+02	1.38827e+01
1.11445e+02	1.37668e+01
1.14505e+02	1.36482e+01
1.17649e+02	1.35272e+01
1.20880e+02	1.34040e+01
1.24199e+02	1.32786e+01
1.27609e+02	1.31513e+01
1.31113e+02	1.30222e+01
1.34714e+02	1.28916e+01
1.38413e+02	1.27594e+01
1.42214e+02	1.26259e+01
1.46119e+02	1.24912e+01
1.50131e+02	1.23554e+01
1.54254e+02	1.22187e+01
1.58489e+02	1.20812e+01
1.62841e+02	1.19429e+01
1.67313e+02	1.18041e+01
1.71907e+02	1.16647e+01
1.76628e+02	1.15250e+01
1.81478e+02	1.13849e+01
1.86461e+02	1.12446e+01
1.91581e+02	1.11042e+01
1.96842e+02	1.09638e+01
2.02247e+02	1.08234e+01
2.07801e+02	1.06831e+01
2.13507e+02	1.05430e+01
2.19370e+02	1.04032e+01
2.25393e+02	1.02637e+01
2.31583e+02	1.01245e+01
2.37942e+02	9.98588e+00
2.44476e+02	9.84774e+00
2.51189e+02	9.71016e+00
2.58086e+02	9.57320e+00
2.65173e+02	9.43692e+00
2.72455e+02	9.30134e+00
2.79936e+02	9.16654e+00
2.87623e+02	9.03254e+00
2.95521e+02	8.89938e+00
3.03636e+02	8.76711e+00
3.11974e+02	8.63576e+00
3.20540e+02	8.50536e+00
3.29342e+02	8.37595e+00
3.38385e+02	8.24756e+00
3.47677e+02	8.12021e+00
3.57224e+02	7.99394e+00
3.67034e+02	7.86876e+00
3.77112e+02	7.74470e+00
3.87467e+02	7.62179e+00
3.98107e+02	7.50003e+00
4.09039e+02	7.37945e+00
4.20271e+02	7.26007e+00
4.31811e+02	7.14191e+00
4.43669e+02	7.02497e+00
4.55852e+02	6.90927e+00
4.68369e+02	6.79482e+00
4.81230e+02	6.68163e+00
4.94445e+02	6.56971e+00
5.08022e+02	6.45908e+00
5.21972e+02	6.34972e+00
5.36305e+02	6.24166e+00
5.51032e+02	6.13490e+00
5.66163e+02	6.02944e+00
5.81709e+02	5.92528e+00
5.97683e+02	5.82242e+00
6.14095e+02	5.72088e+00
6.30957e+02	5.62064e+00
6.48283e+02	5.52171e+00
6.66085e+02	5.42409e+00
6.84375e+02	5.32777e+00
7.03168e+02	5.23276e+00
7.22476e+02	5.13904e+00
7.42315e+02	5.04662e+00
7.62699e+02	4.95549e+00
7.83642e+02	4.86565e+00
8.05160e+02	4.77709e+00
8.27270e+02	4.68981e+00
8.49986e+02	4.60379e+00
8.73326e+02	4.51904e+00
8.97307e+02	4.43554e+00
9.21947e+02	4.35328e+00
9.47263e+02	4.27227e+00
9.73274e+02	4.19249e+00
1.00000e+03	4.11392e+00
1.02746e+03	4.03657e+00
1.05567e+03	3.96042e+00
1.08466e+03	3.88547e+00
1.11444e+03	3.81169e+00
1.14505e+03	3.73909e+00
1.17649e+03	3.66765e+00
1.20880e+03	3.59736e+00
1.24199e+03	3.52821e+00
1.27609e+03	3.46019e+00
1.31113e+03	3.39328e+00
1.34714e+03	3.32748e+00
1.38413e+03	3.26278e+00
1.42214e+03	3.19915e+00
1.46119e+03	3.13660e+00
1.50131e+03	3.07511e+00
1.54254e+03	3.01465e+00
1.58489e+03	2.95524e+00
1.62841e+03	2.89684e+00
1.67313e+03	2.83946e+00
1.71907e+03	2.78307e+00
1.76628e+03	2.72766e+00
1.81478e+03	2.67323e+00
1.86461e+03	2.61976e+00
1.91581e+03	2.56723e+00
1.96842e+03	2.51564e+00
2.02247e+03	2.46496e+00
2.07801e+03	2.41520e+00
2.13507e+03	2.36633e+00
2.19370e+03	2.31835e+00
2.25393e+03	2.27124e+00
2.31583e+03	2.22499e+00
2.37942e+03	2.17959e+00
2.44476e+03	2.13502e+00
2.51189e+03	2.09128e+00
2.58086e+03	2.04834e+00
2.65173e+03	2.00621e+00
2.72455e+03	1.96486e+00
2.79936e+03	1.92429e+00
2.87623e+03	1.88447e+00
2.95521e+03	1.84541e+00
3.03636e+03	1.80709e+00
3.11974e+03	1.76950e+00
3.20540e+03	1.73262e+00
3.29342e+03	1.69645e+00
3.38386e+03	1.66097e+00
3.47677e+03	1.62617e+00
3.57224e+03	1.59205e+00
3.67034e+03	1.55858e+00
3.77112e+03	1.52577e+00
3.87468e+03	1.49359e+00
3.98107e+03	1.46204e+00
4.09039e+03	1.43111e+00
4.20271e+03	1.40079e+00
4.31811e+03	1.37106e+00
4.43669e+03	1.34192e+00
4.55852e+03	1.31335e+00
4.68369e+03	1.28535e+00
4.81230e+03	1.25791e+00
4.94445e+03	1.23102e+00
5.08022e+03	1.20466e+00
5.21972e+03	1.17883e+00
5.36305e+03	1.15352e+00
5.51032e+03	1.12872e+00
5.66163e+03	1.10442e+00
5.81709e+03	1.08061e+00
5.97683e+03	1.05728e+00
6.14095e+03	1.03443e+00
6.30957e+03	1.01204e+00
6.48283e+03	9.90110e-01
6.66085e+03	9.68626e-01
6.84375e+03	9.47582e-01
7.03168e+03	9.26970e-01
7.22476e+03	9.06782e-01
7.42315e+03	8.87010e-01
7.62699e+03	8.67646e-01
7.83642e+03	8.48682e-01
8.05160e+03	8.30112e-01
8.27270e+03	8.11926e-01
8.49986e+03	7.94119e-01
8.73326e+03	7.76683e-01
8.97307e+03	7.59611e-01
9.21947e+03	7.42896e-01
9.47263e+03	7.26531e-01
9.73274e+03	7.10509e-01
1.00000e+04	6.94824e-01
