# CO cross section
256
1.00000e+01	0.00000e+00
1.04618e+01	0.00000e+00
1.09450e+01	0.00000e+00
1.14505e+01	3.74880e-02
1.19793e+01	3.22402e-01
1.25325e+01	7.18430e-01
1.31113e+01	1.11616e+00
1.37169e+01	1.51932e+00
1.43504e+01	1.98298e+00
1.50131e+01	2.29590e+00
1.57065e+01	2.57546e+00
1.64318e+01	2.88286e+00
1.71907e+01	3.24445e+00
1.79846e+01	3.66611e+00
1.88152e+01	4.14249e+00
1.96842e+01	4.66284e+00
2.05933e+01	5.21453e+00
2.15444e+01	5.78502e+00
2.25393e+01	6.36296e+00
2.35803e+01	6.93861e+00
2.46693e+01	7.50405e+00
2.58086e+01	8.05305e+00
2.70006e+01	8.58092e+00
2.82475e+01	9.08432e+00
2.95521e+01	9.56096e+00
3.09169e+01	1.00095e+01
3.23448e+01	1.04291e+01
3.38385e+01	1.08197e+01
3.54013e+01	1.11813e+01
3.70363e+01	1.15143e+01
3.87467e+01	1.18193e+01
4.05362e+01	1.20969e+01
4.24083e+01	1.23479e+01
4.43669e+01	1.25728e+01
4.64159e+01	1.27725e+01
4.85595e+01	1.29477e+01
5.08022e+01	1.30992e+01
5.31484e+01	1.32275e+01
5.56030e+01	1.33336e+01
5.81709e+01	1.34180e+01
6.08575e+01	1.34817e+01
6.36681e+01	1.35251e+01
6.66085e+01	1.35493e+01
6.96847e+01	1.35548e+01
7.29030e+01	1.35426e+01
7.62699e+01	1.35133e+01
7.97923e+01	1.34678e+01
8.34773e+01	1.34069e+01
8.73326e+01	1.33314e+01
9.13659e+01	1.32422e+01
9.55855e+01	1.31400e+01
1.00000e+02	1.30257e+01
1.04618e+02	1.29000e+01
1.09450e+02	1.27638e+01
1.14505e+02	1.26178e+01
1.19793e+02	1.24628e+01
1.25325e+02	1.22996e+01
1.31113e+02	1.21290e+01
1.37169e+02	1.19515e+01
1.43504e+02	1.17679e+01
1.50131e+02	1.15789e+01
1.57065e+02	1.13850e+01
1.64318e+02	1.11870e+01
1.71907e+02	1.09854e+01
1.79846e+02	1.07807e+01
1.88152e+02	1.05736e+01
1.96842e+02	1.03644e+01
2.05933e+02	1.01537e+01
2.15444e+02	9.94193e+00
2.25393e+02	9.72951e+00
2.35803e+02	9.51683e+00
2.46693e+02	9.30427e+00
2.58086e+02	9.09217e+00
2.70005e+02	8.88087e+00
2.82475e+02	8.67066e+00
2.95521e+02	8.46182e+00
3.09169e+02	8.25461e+00
3.23448e+02	8.04925e+00
3.38385e+02	7.84597e+00
3.54013e+02	7.64496e+00
3.70363e+02	7.44640e+00
3.87467e+02	7.25045e+00
4.05362e+02	7.05726e+00
4.24083e+02	6.86694e+00
4.43669e+02	6.67963e+00
4.64159e+02	6.49540e+00
4.85595e+02	6.31436e+00
5.08022e+02	6.13657e+00
5.31484e+02	5.96210e+00
5.56030e+02	5.79100e+00
5.81709e+02	5.62330e+00
6.08574e+02	5.45905e+00
6.36681e+02	5.29826e+00
6.66085e+02	5.14096e+00
6.96847e+02	4.98714e+00
7.29029e+02	4.83680e+00
7.62699e+02	4.68994e+00
7.97923e+02	4.54655e+00
8.34773e+02	4.40661e+00
8.73326e+02	4.27010e+00
9.13659e+02	4.13698e+00
9.55855e+02	4.00723e+00
1.00000e+03	3.88082e+00
1.04618e+03	3.75769e+00
1.09450e+03	3.63782e+00
1.14505e+03	3.52115e+00
1.19793e+03	3.40764e+00
1.25325e+03	3.29724e+00
1.31113e+03	3.18990e+00
1.37169e+03	3.08557e+00
1.43504e+03	2.98419e+00
1.50131e+03	2.88570e+00
1.57065e+03	2.79006e+00
1.64318e+03	2.69719e+00
1.71907e+03	2.60706e+00
1.79846e+03	2.51960e+00
1.88152e+03	2.43474e+00
1.96842e+03	2.35244e+00
2.05933e+03	2.27263e+00
2.15443e+03	2.19526e+00
2.25393e+03	2.12026e+00
2.35803e+03	2.04758e+00
2.46693e+03	1.97717e+00
2.58086e+03	1.90896e+00
2.70005e+03	1.84291e+00
2.82475e+03	1.77894e+00
2.95521e+03	1.71702e+00
3.09169e+03	1.65707e+00
3.23448e+03	1.59906e+00
3.38386e+03	1.54293e+00
3.54013e+03	1.48863e+00
3.70363e+03	1.43610e+00
3.87468e+03	1.38529e+00
4.05362e+03	1.33616e+00
4.24083e+03	1.28866e+00
4.43669e+03	1.24274e+00
4.64159e+03	1.19835e+00
4.85595e+03	1.15545e+00
5.08022e+03	1.11400e+00
5.31484e+03	1.07394e+00
5.56030e+03	1.03525e+00
5.81709e+03	9.97872e-01
6.08574e+03	9.61771e-01
6.36681e+03	9.26906e-01
6.66085e+03	8.93241e-01
6.96847e+03	8.60736e-01
7.29030e+03	8.29356e-01
7.62699e+03	7.99065e-01
7.97923e+03	7.69828e-01
8.34773e+03	7.41612e-01
8.73326e+03	7.14383e-01
9.13659e+03	6.88110e-01
9.55855e+03	6.62761e-01
1.00000e+04	6.38306e-01
1.04618e+04	6.14716e-01
1.09450e+04	5.91963e-01
1.14505e+04	5.70018e-01
1.19793e+04	5.48856e-01
1.25325e+04	5.28448e-01
1.31113e+04	5.08772e-01
1.37169e+04	4.89800e-01
1.43504e+04	4.71511e-01
1.50131e+04	4.53881e-01
1.57065e+04	4.36887e-01
1.64318e+04	4.20507e-01
1.71907e+04	4.04721e-01
1.79847e+04	3.89509e-01
1.88152e+04	3.74849e-01
1.96842e+04	3.60724e-01
2.05933e+04	3.47115e-01
2.15443e+04	3.34003e-01
2.25393e+04	3.21372e-01
2.35803e+04	3.09205e-01
2.46693e+04	2.97484e-01
2.58086e+04	2.86196e-01
2.70005e+04	2.75324e-01
2.82475e+04	2.64853e-01
2.95521e+04	2.54770e-01
3.09169e+04	2.45060e-01
3.23448e+04	2.35711e-01
3.38386e+04	2.26710e-01
3.54013e+04	2.18043e-01
3.70363e+04	2.09699e-01
3.87468e+04	2.01667e-01
4.05362e+04	1.93935e-01
4.24083e+04	1.86493e-01
4.43669e+04	1.79329e-01
4.64159e+04	1.72434e-01
4.85595e+04	1.65798e-01
5.08022e+04	1.59412e-01
5.31484e+04	1.53267e-01
5.56030e+04	1.47353e-01
5.81709e+04	1.41662e-01
6.08574e+04	1.36187e-01
6.36681e+04	1.30919e-01
6.66085e+04	1.25850e-01
6.96847e+04	1.20974e-01
7.29029e+04	1.16283e-01
7.62699e+04	1.11770e-01
7.97923e+04	1.07429e-01
8.34773e+04	1.03253e-01
8.73326e+04	9.92368e-02
9.13659e+04	9.53737e-02
9.55855e+04	9.16581e-02
1.00000e+05	8.80847e-02
1.04618e+05	8.46481e-02
1.09450e+05	8.13433e-02
1.14505e+05	7.81652e-02
1.19793e+05	7.51091e-02
1.25325e+05	7.21705e-02
1.31113e+05	6.93449e-02
1.37169e+05	6.66281e-02
1.43504e+05	6.40160e-02
1.50131e+05	6.15047e-02
1.57065e+05	5.90903e-02
1.64318e+05	5.67691e-02
1.71907e+05	5.45378e-02
1.79846e+05	5.23928e-02
1.88152e+05	5.03309e-02
1.96842e+05	4.83488e-02
2.05933e+05	4.64437e-02
2.15444e+05	4.46126e-02
2.25393e+05	4.28526e-02
2.35803e+05	4.11610e-02
2.46693e+05	3.95353e-02
2.58086e+05	3.79729e-02
2.70006e+05	3.64713e-02
2.82475e+05	3.50283e-02
2.95521e+05	3.36417e-02
3.09169e+05	3.23092e-02
3.23448e+05	3.10288e-02
3.38386e+05	2.97984e-02
3.54013e+05	2.86162e-02
3.70363e+05	2.74803e-02
3.87468e+05	2.63889e-02
4.05362e+05	2.53404e-02
4.24083e+05	2.43329e-02
4.43669e+05	2.33650e-02
4.64159e+05	2.24352e-02
4.85595e+05	2.15419e-02
5.08022e+05	2.06838e-02
5.31484e+05	1.98594e-02
5.56030e+05	1.90675e-02
5.81709e+05	1.83069e-02
6.08574e+05	1.75762e-02
6.36680e+05	1.68743e-02
6.66085e+05	1.62002e-02
6.96847e+05	1.55527e-02
7.29030e+05	1.49308e-02
7.62699e+05	1.43335e-02
7.97923e+05	1.37598e-02
8.34773e+05	1.32089e-02
8.73326e+05	1.26797e-02
9.13659e+05	1.21716e-02
9.55855e+05	1.16836e-02
1.00000e+06	1.12149e-02
