# CS cross section
256
1.00000e+01	0.00000e+00
1.04618e+01	2.04802e-01
1.09450e+01	8.75781e-01
1.14505e+01	1.36424e+00
1.19793e+01	2.06872e+00
1.25325e+01	2.94404e+00
1.31113e+01	3.90870e+00
1.37169e+01	4.91526e+00
1.43504e+01	5.93695e+00
1.50131e+01	6.95924e+00
1.57065e+01	7.97456e+00
1.64318e+01	8.97903e+00
1.71907e+01	9.97041e+00
1.79846e+01	1.09470e+01
1.88152e+01	1.19069e+01
1.96842e+01	1.28477e+01
2.05933e+01	1.37668e+01
2.15444e+01	1.46609e+01
2.25393e+01	1.55267e+01
2.35803e+01	1.63608e+01
2.46693e+01	1.71599e+01
2.58086e+01	1.79210e+01
2.70006e+01	1.86412e+01
2.82475e+01	1.93183e+01
2.95521e+01	1.99505e+01
3.09169e+01	2.05364e+01
3.23448e+01	2.10749e+01
3.38385e+01	2.15656e+01
3.54013e+01	2.20084e+01
3.70363e+01	2.24034e+01
3.87467e+01	2.27513e+01
4.05362e+01	2.30529e+01
4.24083e+01	2.33091e+01
4.43669e+01	2.35214e+01
4.64159e+01	2.36912e+01
4.85595e+01	2.38199e+01
5.08022e+01	2.39093e+01
5.31484e+01	2.39611e+01
5.56030e+01	2.39772e+01
5.81709e+01	2.39593e+01
6.08575e+01	2.39093e+01
6.36681e+01	2.38289e+01
6.66085e+01	2.37202e+01
6.96847e+01	2.35848e+01
7.29030e+01	2.34245e+01
7.62699e+01	2.32411e+01
7.97923e+01	2.30361e+01
8.34773e+01	2.28113e+01
8.73326e+01	2.25683e+01
9.13659e+01	2.23084e+01
9.55855e+01	2.20333e+01
1.00000e+02	2.17442e+01
1.04618e+02	2.14426e+01
1.09450e+02	2.11296e+01
1.14505e+02	2.08066e+01
1.19793e+02	2.04746e+01
1.25325e+02	2.01348e+01
1.31113e+02	1.97883e+01
1.37169e+02	1.94359e+01
1.43504e+02	1.90787e+01
1.50131e+02	1.87175e+01
1.57065e+02	1.83532e+01
1.64318e+02	1.79865e+01
1.71907e+02	1.76181e+01
1.79846e+02	1.72489e+01
1.88152e+02	1.68793e+01
1.96842e+02	1.65101e+01
2.05933e+02	1.61417e+01
2.15444e+02	1.57747e+01
2.25393e+02	1.54096e+01
2.35803e+02	1.50468e+01
2.46693e+02	1.46868e+01
2.58086e+02	1.43299e+01
2.70005e+02	1.39764e+01
2.82475e+02	1.36268e+01
2.95521e+02	1.32812e+01
3.09169e+02	1.29400e+01
3.23448e+02	1.26034e+01
3.38385e+02	1.22715e+01
3.54013e+02	1.19447e+01
3.70363e+02	1.16230e+01
3.87467e+02	1.13067e+01
4.05362e+02	1.09957e+01
4.24083e+02	1.06904e+01
4.43669e+02	1.03906e+01
4.64159e+02	1.00966e+01
4.85595e+02	9.80838e+00
5.08022e+02	9.52596e+00
5.31484e+02	9.24940e+00
5.56030e+02	8.97873e+00
5.81709e+02	8.71393e+00
6.08574e+02	8.45503e+00
6.36681e+02	8.20200e+00
6.66085e+02	7.95482e+00
6.96847e+02	7.71346e+00
7.29029e+02	7.47790e+00
7.62699e+02	7.24807e+00
7.97923e+02	7.02394e+00
8.34773e+02	6.80544e+00
8.73326e+02	6.59250e+00
9.13659e+02	6.38508e+00
9.55855e+02	6.18308e+00
1.00000e+03	5.98644e+00
1.04618e+03	5.79507e+00
1.09450e+03	5.60890e+00
1.14505e+03	5.42784e+00
1.19793e+03	5.25179e+00
1.25325e+03	5.08068e+00
1.31113e+03	4.91440e+00
1.37169e+03	4.75286e+00
1.43504e+03	4.59598e+00
1.50131e+03	4.44366e+00
1.57065e+03	4.29579e+00
1.64318e+03	4.15229e+00
1.71907e+03	4.01306e+00
1.79846e+03	3.87800e+00
1.88152e+03	3.74702e+00
1.96842e+03	3.62002e+00
2.05933e+03	3.49690e+00
2.15443e+03	3.37758e+00
2.25393e+03	3.26195e+00
2.35803e+03	3.14993e+00
2.46693e+03	3.04142e+00
2.58086e+03	2.93633e+00
2.70005e+03	2.83458e+00
2.82475e+03	2.73606e+00
2.95521e+03	2.64071e+00
3.09169e+03	2.54843e+00
3.23448e+03	2.45913e+00
3.38386e+03	2.37274e+00
3.54013e+03	2.28916e+00
3.70363e+03	2.20833e+00
3.87468e+03	2.13017e+00
4.05362e+03	2.05459e+00
4.24083e+03	1.98152e+00
4.43669e+03	1.91088e+00
4.64159e+03	1.84262e+00
4.85595e+03	1.77665e+00
5.08022e+03	1.71290e+00
5.31484e+03	1.65131e+00
5.56030e+03	1.59181e+00
5.81709e+03	1.53434e+00
6.08574e+03	1.47884e+00
6.36681e+03	1.42524e+00
6.66085e+03	1.37349e+00
6.96847e+03	1.32352e+00
7.29030e+03	1.27528e+00
7.62699e+03	1.22872e+00
7.97923e+03	1.18378e+00
8.34773e+03	1.14040e+00
8.73326e+03	1.09855e+00
9.13659e+03	1.05817e+00
9.55855e+03	1.01920e+00
1.00000e+04	9.81613e-01
1.04618e+04	9.45354e-01
1.09450e+04	9.10381e-01
1.14505e+04	8.76651e-01
1.19793e+04	8.44122e-01
1.25325e+04	8.12755e-01
1.31113e+04	7.82509e-01
1.37169e+04	7.53349e-01
1.43504e+04	7.25236e-01
1.50131e+04	6.98136e-01
1.57065e+04	6.72013e-01
1.64318e+04	6.46835e-01
1.71907e+04	6.22569e-01
1.79847e+04	5.99183e-01
1.88152e+04	5.76648e-01
1.96842e+04	5.54933e-01
2.05933e+04	5.34011e-01
2.15443e+04	5.13854e-01
2.25393e+04	4.94435e-01
2.35803e+04	4.75728e-01
2.46693e+04	4.57709e-01
2.58086e+04	4.40352e-01
2.70005e+04	4.23636e-01
2.82475e+04	4.07536e-01
2.95521e+04	3.92032e-01
3.09169e+04	3.77102e-01
3.23448e+04	3.62726e-01
3.38386e+04	3.48884e-01
3.54013e+04	3.35556e-01
3.70363e+04	3.22725e-01
3.87468e+04	3.10372e-01
4.05362e+04	2.98481e-01
4.24083e+04	2.87035e-01
4.43669e+04	2.76017e-01
4.64159e+04	2.65412e-01
4.85595e+04	2.55205e-01
5.08022e+04	2.45383e-01
5.31484e+04	2.35929e-01
5.56030e+04	2.26832e-01
5.81709e+04	2.18079e-01
6.08574e+04	2.09655e-01
6.36681e+04	2.01551e-01
6.66085e+04	1.93753e-01
6.96847e+04	1.86251e-01
7.29029e+04	1.79033e-01
7.62699e+04	1.72090e-01
7.97923e+04	1.65411e-01
8.34773e+04	1.58986e-01
8.73326e+04	1.52805e-01
9.13659e+04	1.46861e-01
9.55855e+04	1.41143e-01
1.00000e+05	1.35644e-01
1.04618e+05	1.30356e-01
1.09450e+05	1.25269e-01
1.14505e+05	1.20378e-01
1.19793e+05	1.15675e-01
1.25325e+05	1.11152e-01
1.31113e+05	1.06803e-01
1.37169e+05	1.02621e-01
1.43504e+05	9.86006e-02
1.50131e+05	9.47349e-02
1.57065e+05	9.10183e-02
1.64318e+05	8.74452e-02
1.71907e+05	8.40102e-02
1.79846e+05	8.07080e-02
1.88152e+05	7.75336e-02
1.96842e+05	7.44822e-02
2.05933e+05	7.15491e-02
2.15444e+05	6.87298e-02
2.25393e+05	6.60199e-02
2.35803e+05	6.34153e-02
2.46693e+05	6.09120e-02
2.58086e+05	5.85062e-02
2.70006e+05	5.61940e-02
2.82475e+05	5.39719e-02
2.95521e+05	5.18366e-02
3.09169e+05	4.97845e-02
3.23448e+05	4.78126e-02
3.38386e+05	4.59178e-02
3.54013e+05	4.40971e-02
3.70363e+05	4.23476e-02
3.87468e+05	4.06667e-02
4.05362e+05	3.90516e-02
4.24083e+05	3.74999e-02
4.43669e+05	3.60091e-02
4.64159e+05	3.45768e-02
4.85595e+05	3.32007e-02
5.08022e+05	3.18788e-02
5.31484e+05	3.06089e-02
5.56030e+05	2.93890e-02
5.81709e+05	2.82171e-02
6.08574e+05	2.70915e-02
6.36680e+05	2.60102e-02
6.66085e+05	2.49716e-02
6.96847e+05	2.39740e-02
7.29030e+05	2.30158e-02
7.62699e+05	2.20955e-02
7.97923e+05	2.12116e-02
8.34773e+05	2.03626e-02
8.73326e+05	1.95473e-02
9.13659e+05	1.87643e-02
9.55855e+05	1.80123e-02
1.00000e+06	1.72902e-02
