# H2CCS cross section
256
1.00000e+01	0.00000e+00
1.04618e+01	2.04802e-01
1.09450e+01	8.75781e-01
1.14505e+01	1.40112e+00
1.19793e+01	2.38731e+00
1.25325e+01	3.65079e+00
1.31113e+01	5.00033e+00
1.37169e+01	6.42431e+00
1.43504e+01	8.07932e+00
1.50131e+01	9.62710e+00
1.57065e+01	1.11070e+01
1.64318e+01	1.25495e+01
1.71907e+01	1.39751e+01
1.79846e+01	1.53947e+01
1.88152e+01	1.68111e+01
1.96842e+01	1.82214e+01
2.05933e+01	1.96185e+01
2.15444e+01	2.09924e+01
2.25393e+01	2.23322e+01
2.35803e+01	2.36266e+01
2.46693e+01	2.48652e+01
2.58086e+01	2.60389e+01
2.70006e+01	2.71404e+01
2.82475e+01	2.81642e+01
2.95521e+01	2.91063e+01
3.09169e+01	2.99648e+01
3.23448e+01	3.07390e+01
3.38385e+01	3.14296e+01
3.54013e+01	3.20381e+01
3.70363e+01	3.25670e+01
3.87467e+01	3.30192e+01
4.05362e+01	3.33981e+01
4.24083e+01	3.37073e+01
4.43669e+01	3.39505e+01
4.64159e+01	3.41316e+01
4.85595e+01	3.42541e+01
5.08022e+01	3.43219e+01
5.31484e+01	3.43383e+01
5.56030e+01	3.43069e+01
5.81709e+01	3.42309e+01
6.08575e+01	3.41135e+01
6.36681e+01	3.39574e+01
6.66085e+01	3.37656e+01
6.96847e+01	3.35406e+01
7.29030e+01	3.32851e+01
7.62699e+01	3.30013e+01
7.97923e+01	3.26915e+01
8.34773e+01	3.23578e+01
8.73326e+01	3.20022e+01
9.13659e+01	3.16266e+01
9.55855e+01	3.12328e+01
1.00000e+02	3.08224e+01
1.04618e+02	3.03972e+01
1.09450e+02	2.99586e+01
1.14505e+02	2.95081e+01
1.19793e+02	2.90470e+01
1.25325e+02	2.85766e+01
1.31113e+02	2.80981e+01
1.37169e+02	2.76127e+01
1.43504e+02	2.71215e+01
1.50131e+02	2.66255e+01
1.57065e+02	2.61257e+01
1.64318e+02	2.56230e+01
1.71907e+02	2.51183e+01
1.79846e+02	2.46123e+01
1.88152e+02	2.41060e+01
1.96842e+02	2.35999e+01
2.05933e+02	2.30947e+01
2.15444e+02	2.25912e+01
2.25393e+02	2.20898e+01
2.35803e+02	2.15912e+01
2.46693e+02	2.10959e+01
2.58086e+02	2.06043e+01
2.70005e+02	2.01169e+01
2.82475e+02	1.96341e+01
2.95521e+02	1.91563e+01
3.09169e+02	1.86838e+01
3.23448e+02	1.82171e+01
3.38385e+02	1.77562e+01
3.54013e+02	1.73016e+01
3.70363e+02	1.68534e+01
3.87467e+02	1.64120e+01
4.05362e+02	1.59774e+01
4.24083e+02	1.55498e+01
4.43669e+02	1.51294e+01
4.64159e+02	1.47164e+01
4.85595e+02	1.43108e+01
5.08022e+02	1.39127e+01
5.31484e+02	1.35222e+01
5.56030e+02	1.31394e+01
5.81709e+02	1.27643e+01
6.08574e+02	1.23969e+01
6.36681e+02	1.20373e+01
6.66085e+02	1.16853e+01
6.96847e+02	1.13412e+01
7.29029e+02	1.10047e+01
7.62699e+02	1.06760e+01
7.97923e+02	1.03548e+01
8.34773e+02	1.00413e+01
8.73326e+02	9.73527e+00
9.13659e+02	9.43672e+00
9.55855e+02	9.14557e+00
1.00000e+03	8.86172e+00
1.04618e+03	8.58510e+00
1.09450e+03	8.31560e+00
1.14505e+03	8.05315e+00
1.19793e+03	7.79762e+00
1.25325e+03	7.54893e+00
1.31113e+03	7.30696e+00
1.37169e+03	7.07159e+00
1.43504e+03	6.84272e+00
1.50131e+03	6.62023e+00
1.57065e+03	6.40400e+00
1.64318e+03	6.19391e+00
1.71907e+03	5.98984e+00
1.79846e+03	5.79167e+00
1.88152e+03	5.59927e+00
1.96842e+03	5.41253e+00
2.05933e+03	5.23132e+00
2.15443e+03	5.05550e+00
2.25393e+03	4.88498e+00
2.35803e+03	4.71961e+00
2.46693e+03	4.55928e+00
2.58086e+03	4.40386e+00
2.70005e+03	4.25324e+00
2.82475e+03	4.10730e+00
2.95521e+03	3.96592e+00
3.09169e+03	3.82898e+00
3.23448e+03	3.69637e+00
3.38386e+03	3.56797e+00
3.54013e+03	3.44368e+00
3.70363e+03	3.32337e+00
3.87468e+03	3.20695e+00
4.05362e+03	3.09430e+00
4.24083e+03	2.98532e+00
4.43669e+03	2.87990e+00
4.64159e+03	2.77796e+00
4.85595e+03	2.67938e+00
5.08022e+03	2.58406e+00
5.31484e+03	2.49193e+00
5.56030e+03	2.40287e+00
5.81709e+03	2.31680e+00
6.08574e+03	2.23363e+00
6.36681e+03	2.15327e+00
6.66085e+03	2.07564e+00
6.96847e+03	2.00065e+00
7.29030e+03	1.92823e+00
7.62699e+03	1.85828e+00
7.97923e+03	1.79075e+00
8.34773e+03	1.72554e+00
8.73326e+03	1.66259e+00
9.13659e+03	1.60182e+00
9.55855e+03	1.54317e+00
1.00000e+04	1.48657e+00
1.04618e+04	1.43195e+00
1.09450e+04	1.37925e+00
1.14505e+04	1.32840e+00
1.19793e+04	1.27935e+00
1.25325e+04	1.23203e+00
1.31113e+04	1.18640e+00
1.37169e+04	1.14238e+00
1.43504e+04	1.09993e+00
1.50131e+04	1.05900e+00
1.57065e+04	1.01954e+00
1.64318e+04	9.81490e-01
1.71907e+04	9.44810e-01
1.79847e+04	9.09452e-01
1.88152e+04	8.75371e-01
1.96842e+04	8.42524e-01
2.05933e+04	8.10867e-01
2.15443e+04	7.80361e-01
2.25393e+04	7.50965e-01
2.35803e+04	7.22642e-01
2.46693e+04	6.95353e-01
2.58086e+04	6.69064e-01
2.70005e+04	6.43738e-01
2.82475e+04	6.19343e-01
2.95521e+04	5.95845e-01
3.09169e+04	5.73213e-01
3.23448e+04	5.51416e-01
3.38386e+04	5.30426e-01
3.54013e+04	5.10213e-01
3.70363e+04	4.90750e-01
3.87468e+04	4.72009e-01
4.05362e+04	4.53966e-01
4.24083e+04	4.36595e-01
4.43669e+04	4.19872e-01
4.64159e+04	4.03774e-01
4.85595e+04	3.88278e-01
5.08022e+04	3.73363e-01
5.31484e+04	3.59007e-01
5.56030e+04	3.45190e-01
5.81709e+04	3.31893e-01
6.08574e+04	3.19097e-01
6.36681e+04	3.06783e-01
6.66085e+04	2.94935e-01
6.96847e+04	2.83534e-01
7.29029e+04	2.72564e-01
7.62699e+04	2.62010e-01
7.97923e+04	2.51856e-01
8.34773e+04	2.42088e-01
8.73326e+04	2.32691e-01
9.13659e+04	2.23652e-01
9.55855e+04	2.14957e-01
1.00000e+05	2.06594e-01
1.04618e+05	1.98549e-01
1.09450e+05	1.90813e-01
1.14505e+05	1.83372e-01
1.19793e+05	1.76216e-01
1.25325e+05	1.69335e-01
1.31113e+05	1.62717e-01
1.37169e+05	1.56354e-01
1.43504e+05	1.50235e-01
1.50131e+05	1.44352e-01
1.57065e+05	1.38695e-01
1.64318e+05	1.33256e-01
1.71907e+05	1.28027e-01
1.79846e+05	1.23000e-01
1.88152e+05	1.18167e-01
1.96842e+05	1.13521e-01
2.05933e+05	1.09055e-01
2.15444e+05	1.04762e-01
2.25393e+05	1.00635e-01
2.35803e+05	9.66687e-02
2.46693e+05	9.28562e-02
2.58086e+05	8.91919e-02
2.70006e+05	8.56701e-02
2.82475e+05	8.22854e-02
2.95521e+05	7.90325e-02
3.09169e+05	7.59065e-02
3.23448e+05	7.29024e-02
3.38386e+05	7.00155e-02
3.54013e+05	6.72415e-02
3.70363e+05	6.45759e-02
3.87468e+05	6.20146e-02
4.05362e+05	5.95535e-02
4.24083e+05	5.71889e-02
4.43669e+05	5.49170e-02
4.64159e+05	5.27342e-02
4.85595e+05	5.06370e-02
5.08022e+05	4.86223e-02
5.31484e+05	4.66867e-02
5.56030e+05	4.48272e-02
5.81709e+05	4.30410e-02
6.08574e+05	4.13251e-02
6.36680e+05	3.96767e-02
6.66085e+05	3.80934e-02
6.96847e+05	3.65726e-02
7.29030e+05	3.51117e-02
7.62699e+05	3.37086e-02
7.97923e+05	3.23609e-02
8.34773e+05	3.10665e-02
8.73326e+05	2.98233e-02
9.13659e+05	2.86294e-02
9.55855e+05	2.74827e-02
1.00000e+06	2.63814e-02
