# H2CS cross section
256
1.00000e+01	0.00000e+00
1.02746e+01	0.00000e+00
1.05567e+01	3.70584e-01
1.08466e+01	7.67585e-01
1.11445e+01	1.06953e+00
1.14505e+01	1.36443e+00
1.17649e+01	1.76087e+00
1.20880e+01	2.23438e+00
1.24199e+01	2.76140e+00
1.27609e+01	3.32471e+00
1.31113e+01	3.91181e+00
1.34714e+01	4.51380e+00
1.38413e+01	5.27543e+00
1.42214e+01	6.09319e+00
1.46119e+01	6.88590e+00
1.50131e+01	7.65870e+00
1.54254e+01	8.41563e+00
1.58489e+01	9.15973e+00
1.62841e+01	9.89312e+00
1.67313e+01	1.06172e+01
1.71907e+01	1.13325e+01
1.76628e+01	1.20395e+01
1.81478e+01	1.27377e+01
1.86461e+01	1.34268e+01
1.91581e+01	1.41059e+01
1.96842e+01	1.47742e+01
2.02247e+01	1.54305e+01
2.07801e+01	1.60738e+01
2.13507e+01	1.67028e+01
2.19370e+01	1.73163e+01
2.25393e+01	1.79133e+01
2.31583e+01	1.84925e+01
2.37942e+01	1.90531e+01
2.44475e+01	1.95940e+01
2.51189e+01	2.01145e+01
2.58086e+01	2.06139e+01
2.65173e+01	2.10916e+01
2.72455e+01	2.15472e+01
2.79936e+01	2.19803e+01
2.87623e+01	2.23907e+01
2.95521e+01	2.27785e+01
3.03636e+01	2.31436e+01
3.11974e+01	2.34860e+01
3.20540e+01	2.38062e+01
3.29342e+01	2.41042e+01
3.38385e+01	2.43806e+01
3.47677e+01	2.46356e+01
3.57225e+01	2.48698e+01
3.67034e+01	2.50837e+01
3.77112e+01	2.52777e+01
3.87467e+01	2.54524e+01
3.98107e+01	2.56085e+01
4.09039e+01	2.57464e+01
4.20271e+01	2.58667e+01
4.31811e+01	2.59701e+01
4.43669e+01	2.60571e+01
4.55852e+01	2.61283e+01
4.68369e+01	2.61842e+01
4.81230e+01	2.62255e+01
4.94445e+01	2.62526e+01
5.08022e+01	2.62661e+01
5.21972e+01	2.62665e+01
5.36305e+01	2.62544e+01
5.51032e+01	2.62302e+01
5.66163e+01	2.61944e+01
5.81709e+01	2.61474e+01
5.97683e+01	2.60898e+01
6.14095e+01	2.60219e+01
6.30957e+01	2.59443e+01
6.48283e+01	2.58572e+01
6.66085e+01	2.57612e+01
6.84375e+01	2.56565e+01
7.03168e+01	2.55436e+01
7.22476e+01	2.54228e+01
7.42315e+01	2.52946e+01
7.62699e+01	2.51591e+01
7.83642e+01	2.50169e+01
8.05160e+01	2.48681e+01
8.27270e+01	2.47131e+01
8.49986e+01	2.45522e+01
8.73326e+01	2.43858e+01
8.97307e+01	2.42140e+01
9.21947e+01	2.40372e+01
9.47263e+01	2.38556e+01
9.73274e+01	2.36696e+01
1.00000e+02	2.34793e+01
1.02746e+02	2.32850e+01
1.05567e+02	2.30870e+01
1.08466e+02	2.28854e+01
1.11445e+02	2.26805e+01
1.14505e+02	2.24726e+01
1.17649e+02	2.22618e+01
1.20880e+02	2.20484e+01
1.24199e+02	2.18325e+01
1.27609e+02	2.16144e+01
1.31113e+02	2.13942e+01
1.34714e+02	2.11721e+01
1.38413e+02	2.09483e+01
1.42214e+02	2.07230e+01
1.46119e+02	2.04963e+01
1.50131e+02	2.02684e+01
1.54254e+02	2.00395e+01
1.58489e+02	1.98097e+01
1.62841e+02	1.95791e+01
1.67313e+02	1.93479e+01
1.71907e+02	1.91163e+01
1.76628e+02	1.88843e+01
1.81478e+02	1.86521e+01
1.86461e+02	1.84198e+01
1.91581e+02	1.81876e+01
1.96842e+02	1.79554e+01
2.02247e+02	1.77236e+01
2.07801e+02	1.74921e+01
2.13507e+02	1.72612e+01
2.19370e+02	1.70307e+01
2.25393e+02	1.68010e+01
2.31583e+02	1.65719e+01
2.37942e+02	1.63438e+01
2.44476e+02	1.61165e+01
2.51189e+02	1.58903e+01
2.58086e+02	1.56652e+01
2.65173e+02	1.54412e+01
2.72455e+02	1.52184e+01
2.79936e+02	1.49969e+01
2.87623e+02	1.47768e+01
2.95521e+02	1.45581e+01
3.03636e+02	1.43409e+01
3.11974e+02	1.41252e+01
3.20540e+02	1.39111e+01
3.29342e+02	1.36987e+01
3.38385e+02	1.34879e+01
3.47677e+02	1.32789e+01
3.57224e+02	1.30716e+01
3.67034e+02	1.28661e+01
3.77112e+02	1.26624e+01
3.87467e+02	1.24607e+01
3.98107e+02	1.22608e+01
4.09039e+02	1.20629e+01
4.20271e+02	1.18669e+01
4.31811e+02	1.16730e+01
4.43669e+02	1.14810e+01
4.55852e+02	1.12911e+01
4.68369e+02	1.11032e+01
4.81230e+02	1.09174e+01
4.94445e+02	1.07337e+01
5.08022e+02	1.05520e+01
5.21972e+02	1.03725e+01
5.36305e+02	1.01951e+01
5.51032e+02	1.00198e+01
5.66163e+02	9.84668e+00
5.81709e+02	9.67568e+00
5.97683e+02	9.50682e+00
6.14095e+02	9.34011e+00
6.30957e+02	9.17554e+00
6.48283e+02	9.01312e+00
6.66085e+02	8.85285e+00
6.84375e+02	8.69472e+00
7.03168e+02	8.53874e+00
7.22476e+02	8.38489e+00
7.42315e+02	8.23316e+00
7.62699e+02	8.08357e+00
7.83642e+02	7.93609e+00
8.05160e+02	7.79071e+00
8.27270e+02	7.64744e+00
8.49986e+02	7.50625e+00
8.73326e+02	7.36714e+00
8.97307e+02	7.23010e+00
9.21947e+02	7.09511e+00
9.47263e+02	6.96216e+00
9.73274e+02	6.83123e+00
1.00000e+03	6.70232e+00
1.02746e+03	6.57540e+00
1.05567e+03	6.45047e+00
1.08466e+03	6.32750e+00
1.11444e+03	6.20648e+00
1.14505e+03	6.08740e+00
1.17649e+03	5.97023e+00
1.20880e+03	5.85495e+00
1.24199e+03	5.74155e+00
1.27609e+03	5.63002e+00
1.31113e+03	5.52033e+00
1.34714e+03	5.41246e+00
1.38413e+03	5.30640e+00
1.42214e+03	5.20212e+00
1.46119e+03	5.09961e+00
1.50131e+03	4.99884e+00
1.54254e+03	4.89980e+00
1.58489e+03	4.80246e+00
1.62841e+03	4.70681e+00
1.67313e+03	4.61282e+00
1.71907e+03	4.52047e+00
1.76628e+03	4.42975e+00
1.81478e+03	4.34064e+00
1.86461e+03	4.25310e+00
1.91581e+03	4.16713e+00
1.96842e+03	4.08270e+00
2.02247e+03	3.99979e+00
2.07801e+03	3.91838e+00
2.13507e+03	3.83845e+00
2.19370e+03	3.75997e+00
2.25393e+03	3.68294e+00
2.31583e+03	3.60732e+00
2.37942e+03	3.53310e+00
2.44476e+03	3.46026e+00
2.51189e+03	3.38877e+00
2.58086e+03	3.31862e+00
2.65173e+03	3.24978e+00
2.72455e+03	3.18224e+00
2.79936e+03	3.11598e+00
2.87623e+03	3.05098e+00
2.95521e+03	2.98721e+00
3.03636e+03	2.92466e+00
3.11974e+03	2.86331e+00
3.20540e+03	2.80314e+00
3.29342e+03	2.74412e+00
3.38386e+03	2.68626e+00
3.47677e+03	2.62951e+00
3.57224e+03	2.57387e+00
3.67034e+03	2.51932e+00
3.77112e+03	2.46583e+00
3.87468e+03	2.41340e+00
3.98107e+03	2.36199e+00
4.09039e+03	2.31161e+00
4.20271e+03	2.26222e+00
4.31811e+03	2.21381e+00
4.43669e+03	2.16637e+00
4.55852e+03	2.11988e+00
4.68369e+03	2.07431e+00
4.81230e+03	2.02967e+00
4.94445e+03	1.98591e+00
5.08022e+03	1.94305e+00
5.21972e+03	1.90104e+00
5.36305e+03	1.85989e+00
5.51032e+03	1.81958e+00
5.66163e+03	1.78009e+00
5.81709e+03	1.74140e+00
5.97683e+03	1.70351e+00
6.14095e+03	1.66639e+00
6.30957e+03	1.63003e+00
6.48283e+03	1.59442e+00
6.66085e+03	1.55955e+00
6.84375e+03	1.52540e+00
7.03168e+03	1.49195e+00
7.22476e+03	1.45920e+00
7.42315e+03	1.42713e+00
7.62699e+03	1.39573e+00
7.83642e+03	1.36499e+00
8.05160e+03	1.33489e+00
8.27270e+03	1.30541e+00
8.49986e+03	1.27656e+00
8.73326e+03	1.24832e+00
8.97307e+03	1.22066e+00
9.21947e+03	1.19360e+00
9.47263e+03	1.16710e+00
9.73274e+03	1.14117e+00
1.00000e+04	1.11578e+00
