# H2O2 cross section
256
1.00000e+01	0.00000e+00
1.04618e+01	0.00000e+00
1.09450e+01	0.00000e+00
1.14505e+01	0.00000e+00
1.19793e+01	0.00000e+00
1.25325e+01	0.00000e+00
1.31113e+01	0.00000e+00
1.37169e+01	1.73146e-01
1.43504e+01	8.51910e-01
1.50131e+01	1.25148e+00
1.57065e+01	1.59636e+00
1.64318e+01	1.98911e+00
1.71907e+01	2.46297e+00
1.79846e+01	3.01455e+00
1.88152e+01	3.62398e+00
1.96842e+01	4.26680e+00
2.05933e+01	4.92017e+00
2.15444e+01	5.56571e+00
2.25393e+01	6.19019e+00
2.35803e+01	6.78519e+00
2.46693e+01	7.34624e+00
2.58086e+01	7.87187e+00
2.70006e+01	8.36268e+00
2.82475e+01	8.82054e+00
2.95521e+01	9.24800e+00
3.09169e+01	9.64781e+00
3.23448e+01	1.00226e+01
3.38385e+01	1.03748e+01
3.54013e+01	1.07063e+01
3.70363e+01	1.10186e+01
3.87467e+01	1.13128e+01
4.05362e+01	1.15896e+01
4.24083e+01	1.18492e+01
4.43669e+01	1.20917e+01
4.64159e+01	1.23171e+01
4.85595e+01	1.25251e+01
5.08022e+01	1.27153e+01
5.31484e+01	1.28876e+01
5.56030e+01	1.30414e+01
5.81709e+01	1.31767e+01
6.08575e+01	1.32932e+01
6.36681e+01	1.33909e+01
6.66085e+01	1.34698e+01
6.96847e+01	1.35300e+01
7.29030e+01	1.35718e+01
7.62699e+01	1.35954e+01
7.97923e+01	1.36012e+01
8.34773e+01	1.35898e+01
8.73326e+01	1.35617e+01
9.13659e+01	1.35175e+01
9.55855e+01	1.34578e+01
1.00000e+02	1.33834e+01
1.04618e+02	1.32950e+01
1.09450e+02	1.31934e+01
1.14505e+02	1.30792e+01
1.19793e+02	1.29534e+01
1.25325e+02	1.28166e+01
1.31113e+02	1.26697e+01
1.37169e+02	1.25133e+01
1.43504e+02	1.23484e+01
1.50131e+02	1.21756e+01
1.57065e+02	1.19957e+01
1.64318e+02	1.18093e+01
1.71907e+02	1.16172e+01
1.79846e+02	1.14200e+01
1.88152e+02	1.12184e+01
1.96842e+02	1.10129e+01
2.05933e+02	1.08042e+01
2.15444e+02	1.05928e+01
2.25393e+02	1.03792e+01
2.35803e+02	1.01640e+01
2.46693e+02	9.94758e+00
2.58086e+02	9.73046e+00
2.70005e+02	9.51304e+00
2.82475e+02	9.29571e+00
2.95521e+02	9.07884e+00
3.09169e+02	8.86279e+00
3.23448e+02	8.64786e+00
3.38385e+02	8.43436e+00
3.54013e+02	8.22256e+00
3.70363e+02	8.01271e+00
3.87467e+02	7.80504e+00
4.05362e+02	7.59976e+00
4.24083e+02	7.39707e+00
4.43669e+02	7.19712e+00
4.64159e+02	7.00008e+00
4.85595e+02	6.80608e+00
5.08022e+02	6.61525e+00
5.31484e+02	6.42768e+00
5.56030e+02	6.24347e+00
5.81709e+02	6.06269e+00
6.08574e+02	5.88542e+00
6.36681e+02	5.71170e+00
6.66085e+02	5.54157e+00
6.96847e+02	5.37508e+00
7.29029e+02	5.21223e+00
7.62699e+02	5.05304e+00
7.97923e+02	4.89752e+00
8.34773e+02	4.74567e+00
8.73326e+02	4.59746e+00
9.13659e+02	4.45290e+00
9.55855e+02	4.31195e+00
1.00000e+03	4.17459e+00
1.04618e+03	4.04078e+00
1.09450e+03	3.91049e+00
1.14505e+03	3.78367e+00
1.19793e+03	3.66029e+00
1.25325e+03	3.54029e+00
1.31113e+03	3.42363e+00
1.37169e+03	3.31025e+00
1.43504e+03	3.20009e+00
1.50131e+03	3.09310e+00
1.57065e+03	2.98922e+00
1.64318e+03	2.88839e+00
1.71907e+03	2.79055e+00
1.79846e+03	2.69564e+00
1.88152e+03	2.60359e+00
1.96842e+03	2.51434e+00
2.05933e+03	2.42783e+00
2.15443e+03	2.34400e+00
2.25393e+03	2.26277e+00
2.35803e+03	2.18410e+00
2.46693e+03	2.10791e+00
2.58086e+03	2.03414e+00
2.70005e+03	1.96273e+00
2.82475e+03	1.89362e+00
2.95521e+03	1.82674e+00
3.09169e+03	1.76205e+00
3.23448e+03	1.69947e+00
3.38386e+03	1.63895e+00
3.54013e+03	1.58043e+00
3.70363e+03	1.52386e+00
3.87468e+03	1.46918e+00
4.05362e+03	1.41633e+00
4.24083e+03	1.36526e+00
4.43669e+03	1.31592e+00
4.64159e+03	1.26826e+00
4.85595e+03	1.22222e+00
5.08022e+03	1.17776e+00
5.31484e+03	1.13482e+00
5.56030e+03	1.09337e+00
5.81709e+03	1.05335e+00
6.08574e+03	1.01473e+00
6.36681e+03	9.77445e-01
6.66085e+03	9.41467e-01
6.96847e+03	9.06750e-01
7.29030e+03	8.73255e-01
7.62699e+03	8.40941e-01
7.97923e+03	8.09771e-01
8.34773e+03	7.79707e-01
8.73326e+03	7.50711e-01
9.13659e+03	7.22751e-01
9.55855e+03	6.95790e-01
1.00000e+04	6.69795e-01
1.04618e+04	6.44734e-01
1.09450e+04	6.20576e-01
1.14505e+04	5.97291e-01
1.19793e+04	5.74847e-01
1.25325e+04	5.53218e-01
1.31113e+04	5.32374e-01
1.37169e+04	5.12290e-01
1.43504e+04	4.92938e-01
1.50131e+04	4.74293e-01
1.57065e+04	4.56332e-01
1.64318e+04	4.39030e-01
1.71907e+04	4.22364e-01
1.79847e+04	4.06312e-01
1.88152e+04	3.90852e-01
1.96842e+04	3.75963e-01
2.05933e+04	3.61626e-01
2.15443e+04	3.47820e-01
2.25393e+04	3.34527e-01
2.35803e+04	3.21729e-01
2.46693e+04	3.09408e-01
2.58086e+04	2.97546e-01
2.70005e+04	2.86128e-01
2.82475e+04	2.75137e-01
2.95521e+04	2.64558e-01
3.09169e+04	2.54376e-01
3.23448e+04	2.44576e-01
3.38386e+04	2.35146e-01
3.54013e+04	2.26071e-01
3.70363e+04	2.17338e-01
3.87468e+04	2.08935e-01
4.05362e+04	2.00850e-01
4.24083e+04	1.93071e-01
4.43669e+04	1.85587e-01
4.64159e+04	1.78388e-01
4.85595e+04	1.71461e-01
5.08022e+04	1.64799e-01
5.31484e+04	1.58390e-01
5.56030e+04	1.52226e-01
5.81709e+04	1.46297e-01
6.08574e+04	1.40594e-01
6.36681e+04	1.35110e-01
6.66085e+04	1.29835e-01
6.96847e+04	1.24763e-01
7.29029e+04	1.19886e-01
7.62699e+04	1.15196e-01
7.97923e+04	1.10686e-01
8.34773e+04	1.06349e-01
8.73326e+04	1.02180e-01
9.13659e+04	9.81716e-02
9.55855e+04	9.43177e-02
1.00000e+05	9.06127e-02
1.04618e+05	8.70508e-02
1.09450e+05	8.36268e-02
1.14505e+05	8.03354e-02
1.19793e+05	7.71715e-02
1.25325e+05	7.41303e-02
1.31113e+05	7.12072e-02
1.37169e+05	6.83977e-02
1.43504e+05	6.56973e-02
1.50131e+05	6.31021e-02
1.57065e+05	6.06079e-02
1.64318e+05	5.82109e-02
1.71907e+05	5.59074e-02
1.79846e+05	5.36938e-02
1.88152e+05	5.15666e-02
1.96842e+05	4.95226e-02
2.05933e+05	4.75585e-02
2.15444e+05	4.56713e-02
2.25393e+05	4.38581e-02
2.35803e+05	4.21159e-02
2.46693e+05	4.04420e-02
2.58086e+05	3.88338e-02
2.70006e+05	3.72888e-02
2.82475e+05	3.58044e-02
2.95521e+05	3.43785e-02
3.09169e+05	3.30087e-02
3.23448e+05	3.16927e-02
3.38386e+05	3.04287e-02
3.54013e+05	2.92145e-02
3.70363e+05	2.80481e-02
3.87468e+05	2.69278e-02
4.05362e+05	2.58518e-02
4.24083e+05	2.48182e-02
4.43669e+05	2.38256e-02
4.64159e+05	2.28722e-02
4.85595e+05	2.19565e-02
5.08022e+05	2.10771e-02
5.31484e+05	2.02326e-02
5.56030e+05	1.94215e-02
5.81709e+05	1.86426e-02
6.08574e+05	1.78946e-02
6.36680e+05	1.71764e-02
6.66085e+05	1.64866e-02
6.96847e+05	1.58243e-02
7.29030e+05	1.51884e-02
7.62699e+05	1.45777e-02
7.97923e+05	1.39914e-02
8.34773e+05	1.34284e-02
8.73326e+05	1.28878e-02
9.13659e+05	1.23689e-02
9.55855e+05	1.18706e-02
1.00000e+06	1.13922e-02
