# H2S cross section
256
1.00000e+01	0.00000e+00
1.02746e+01	0.00000e+00
1.05567e+01	3.70584e-01
1.08466e+01	7.67585e-01
1.11445e+01	1.06953e+00
1.14505e+01	1.32896e+00
1.17649e+01	1.58083e+00
1.20880e+01	1.84711e+00
1.24199e+01	2.14031e+00
1.27609e+01	2.46622e+00
1.31113e+01	2.82602e+00
1.34714e+01	3.21777e+00
1.38413e+01	3.77941e+00
1.42214e+01	4.41594e+00
1.46119e+01	5.04798e+00
1.50131e+01	5.67518e+00
1.54254e+01	6.29595e+00
1.58489e+01	6.90796e+00
1.62841e+01	7.50868e+00
1.67313e+01	8.09562e+00
1.71907e+01	8.66654e+00
1.76628e+01	9.21957e+00
1.81478e+01	9.75325e+00
1.86461e+01	1.02665e+01
1.91581e+01	1.07587e+01
1.96842e+01	1.12295e+01
2.02247e+01	1.16789e+01
2.07801e+01	1.21069e+01
2.13507e+01	1.25140e+01
2.19370e+01	1.29007e+01
2.25393e+01	1.32674e+01
2.31583e+01	1.36149e+01
2.37942e+01	1.39437e+01
2.44475e+01	1.42546e+01
2.51189e+01	1.45481e+01
2.58086e+01	1.48249e+01
2.65173e+01	1.50855e+01
2.72455e+01	1.53306e+01
2.79936e+01	1.55606e+01
2.87623e+01	1.57760e+01
2.95521e+01	1.59774e+01
3.03636e+01	1.61651e+01
3.11974e+01	1.63396e+01
3.20540e+01	1.65012e+01
3.29342e+01	1.66503e+01
3.38385e+01	1.67873e+01
3.47677e+01	1.69125e+01
3.57225e+01	1.70262e+01
3.67034e+01	1.71287e+01
3.77112e+01	1.72203e+01
3.87467e+01	1.73014e+01
3.98107e+01	1.73722e+01
4.09039e+01	1.74330e+01
4.20271e+01	1.74841e+01
4.31811e+01	1.75258e+01
4.43669e+01	1.75584e+01
4.55852e+01	1.75821e+01
4.68369e+01	1.75973e+01
4.81230e+01	1.76041e+01
4.94445e+01	1.76029e+01
5.08022e+01	1.75940e+01
5.21972e+01	1.75776e+01
5.36305e+01	1.75540e+01
5.51032e+01	1.75234e+01
5.66163e+01	1.74861e+01
5.81709e+01	1.74424e+01
5.97683e+01	1.73925e+01
6.14095e+01	1.73367e+01
6.30957e+01	1.72752e+01
6.48283e+01	1.72082e+01
6.66085e+01	1.71360e+01
6.84375e+01	1.70588e+01
7.03168e+01	1.69768e+01
7.22476e+01	1.68903e+01
7.42315e+01	1.67994e+01
7.62699e+01	1.67043e+01
7.83642e+01	1.66053e+01
8.05160e+01	1.65025e+01
8.27270e+01	1.63962e+01
8.49986e+01	1.62864e+01
8.73326e+01	1.61734e+01
8.97307e+01	1.60573e+01
9.21947e+01	1.59383e+01
9.47263e+01	1.58166e+01
9.73274e+01	1.56923e+01
1.00000e+02	1.55655e+01
1.02746e+02	1.54364e+01
1.05567e+02	1.53052e+01
1.08466e+02	1.51719e+01
1.11445e+02	1.50367e+01
1.14505e+02	1.48998e+01
1.17649e+02	1.47611e+01
1.20880e+02	1.46210e+01
1.24199e+02	1.44794e+01
1.27609e+02	1.43364e+01
1.31113e+02	1.41923e+01
1.34714e+02	1.40470e+01
1.38413e+02	1.39008e+01
1.42214e+02	1.37536e+01
1.46119e+02	1.36056e+01
1.50131e+02	1.34568e+01
1.54254e+02	1.33075e+01
1.58489e+02	1.31576e+01
1.62841e+02	1.30071e+01
1.67313e+02	1.28564e+01
1.71907e+02	1.27053e+01
1.76628e+02	1.25539e+01
1.81478e+02	1.24024e+01
1.86461e+02	1.22509e+01
1.91581e+02	1.20993e+01
1.96842e+02	1.19477e+01
2.02247e+02	1.17963e+01
2.07801e+02	1.16451e+01
2.13507e+02	1.14941e+01
2.19370e+02	1.13434e+01
2.25393e+02	1.11931e+01
2.31583e+02	1.10432e+01
2.37942e+02	1.08937e+01
2.44476e+02	1.07448e+01
2.51189e+02	1.05965e+01
2.58086e+02	1.04488e+01
2.65173e+02	1.03018e+01
2.72455e+02	1.01555e+01
2.79936e+02	1.00099e+01
2.87623e+02	9.86517e+00
2.95521e+02	9.72128e+00
3.03636e+02	9.57828e+00
3.11974e+02	9.43620e+00
3.20540e+02	9.29507e+00
3.29342e+02	9.15494e+00
3.38385e+02	9.01583e+00
3.47677e+02	8.87778e+00
3.57224e+02	8.74081e+00
3.67034e+02	8.60496e+00
3.77112e+02	8.47024e+00
3.87467e+02	8.33668e+00
3.98107e+02	8.20432e+00
4.09039e+02	8.07316e+00
4.20271e+02	7.94323e+00
4.31811e+02	7.81455e+00
4.43669e+02	7.68713e+00
4.55852e+02	7.56100e+00
4.68369e+02	7.43617e+00
4.81230e+02	7.31265e+00
4.94445e+02	7.19045e+00
5.08022e+02	7.06959e+00
5.21972e+02	6.95008e+00
5.36305e+02	6.83192e+00
5.51032e+02	6.71513e+00
5.66163e+02	6.59972e+00
5.81709e+02	6.48568e+00
5.97683e+02	6.37302e+00
6.14095e+02	6.26176e+00
6.30957e+02	6.15188e+00
6.48283e+02	6.04340e+00
6.66085e+02	5.93631e+00
6.84375e+02	5.83062e+00
7.03168e+02	5.72633e+00
7.22476e+02	5.62343e+00
7.42315e+02	5.52193e+00
7.62699e+02	5.42181e+00
7.83642e+02	5.32309e+00
8.05160e+02	5.22574e+00
8.27270e+02	5.12978e+00
8.49986e+02	5.03519e+00
8.73326e+02	4.94198e+00
8.97307e+02	4.85012e+00
9.21947e+02	4.75962e+00
9.47263e+02	4.67047e+00
9.73274e+02	4.58266e+00
1.00000e+03	4.49618e+00
1.02746e+03	4.41102e+00
1.05567e+03	4.32719e+00
1.08466e+03	4.24465e+00
1.11444e+03	4.16341e+00
1.14505e+03	4.08346e+00
1.17649e+03	4.00478e+00
1.20880e+03	3.92737e+00
1.24199e+03	3.85121e+00
1.27609e+03	3.77629e+00
1.31113e+03	3.70260e+00
1.34714e+03	3.63013e+00
1.38413e+03	3.55886e+00
1.42214e+03	3.48879e+00
1.46119e+03	3.41989e+00
1.50131e+03	3.35217e+00
1.54254e+03	3.28560e+00
1.58489e+03	3.22017e+00
1.62841e+03	3.15588e+00
1.67313e+03	3.09269e+00
1.71907e+03	3.03062e+00
1.76628e+03	2.96963e+00
1.81478e+03	2.90971e+00
1.86461e+03	2.85086e+00
1.91581e+03	2.79306e+00
1.96842e+03	2.73630e+00
2.02247e+03	2.68055e+00
2.07801e+03	2.62582e+00
2.13507e+03	2.57207e+00
2.19370e+03	2.51931e+00
2.25393e+03	2.46752e+00
2.31583e+03	2.41668e+00
2.37942e+03	2.36678e+00
2.44476e+03	2.31781e+00
2.51189e+03	2.26975e+00
2.58086e+03	2.22259e+00
2.65173e+03	2.17631e+00
2.72455e+03	2.13091e+00
2.79936e+03	2.08637e+00
2.87623e+03	2.04268e+00
2.95521e+03	1.99982e+00
3.03636e+03	1.95778e+00
3.11974e+03	1.91655e+00
3.20540e+03	1.87611e+00
3.29342e+03	1.83646e+00
3.38386e+03	1.79757e+00
3.47677e+03	1.75944e+00
3.57224e+03	1.72206e+00
3.67034e+03	1.68541e+00
3.77112e+03	1.64948e+00
3.87468e+03	1.61426e+00
3.98107e+03	1.57974e+00
4.09039e+03	1.54590e+00
4.20271e+03	1.51273e+00
4.31811e+03	1.48022e+00
4.43669e+03	1.44837e+00
4.55852e+03	1.41715e+00
4.68369e+03	1.38656e+00
4.81230e+03	1.35659e+00
4.94445e+03	1.32722e+00
5.08022e+03	1.29845e+00
5.21972e+03	1.27026e+00
5.36305e+03	1.24265e+00
5.51032e+03	1.21560e+00
5.66163e+03	1.18910e+00
5.81709e+03	1.16315e+00
5.97683e+03	1.13772e+00
6.14095e+03	1.11283e+00
6.30957e+03	1.08844e+00
6.48283e+03	1.06456e+00
6.66085e+03	1.04118e+00
6.84375e+03	1.01828e+00
7.03168e+03	9.95861e-01
7.22476e+03	9.73907e-01
7.42315e+03	9.52411e-01
7.62699e+03	9.31366e-01
7.83642e+03	9.10763e-01
8.05160e+03	8.90592e-01
8.27270e+03	8.70846e-01
8.49986e+03	8.51516e-01
8.73326e+03	8.32595e-01
8.97307e+03	8.14075e-01
9.21947e+03	7.95947e-01
9.47263e+03	7.78205e-01
9.73274e+03	7.60840e-01
1.00000e+04	7.43845e-01
