# HC2N cross section
256
1.00000e+01	0.00000e+00
1.02746e+01	0.00000e+00
1.05567e+01	0.00000e+00
1.08466e+01	0.00000e+00
1.11445e+01	0.00000e+00
1.14505e+01	7.49598e-02
1.17649e+01	3.71170e-01
1.20880e+01	7.93175e-01
1.24199e+01	1.26889e+00
1.27609e+01	1.75269e+00
1.31113e+01	2.21797e+00
1.34714e+01	2.65151e+00
1.38413e+01	3.12704e+00
1.42214e+01	3.59477e+00
1.46119e+01	4.10852e+00
1.50131e+01	4.88638e+00
1.54254e+01	5.55112e+00
1.58489e+01	6.13476e+00
1.62841e+01	6.66376e+00
1.67313e+01	7.15955e+00
1.71907e+01	7.63901e+00
1.76628e+01	8.11504e+00
1.81478e+01	8.59711e+00
1.86461e+01	9.09174e+00
1.91581e+01	9.60301e+00
1.96842e+01	1.01329e+01
2.02247e+01	1.06820e+01
2.07801e+01	1.12492e+01
2.13507e+01	1.18327e+01
2.19370e+01	1.24300e+01
2.25393e+01	1.30380e+01
2.31583e+01	1.36533e+01
2.37942e+01	1.42723e+01
2.44475e+01	1.48917e+01
2.51189e+01	1.55078e+01
2.58086e+01	1.61174e+01
2.65173e+01	1.67175e+01
2.72455e+01	1.73054e+01
2.79936e+01	1.78784e+01
2.87623e+01	1.84344e+01
2.95521e+01	1.89715e+01
3.03636e+01	1.94882e+01
3.11974e+01	1.99830e+01
3.20540e+01	2.04549e+01
3.29342e+01	2.09033e+01
3.38385e+01	2.13274e+01
3.47677e+01	2.17269e+01
3.57225e+01	2.21016e+01
3.67034e+01	2.24516e+01
3.77112e+01	2.27770e+01
3.87467e+01	2.30779e+01
3.98107e+01	2.33549e+01
4.09039e+01	2.36082e+01
4.20271e+01	2.38385e+01
4.31811e+01	2.40462e+01
4.43669e+01	2.42321e+01
4.55852e+01	2.43968e+01
4.68369e+01	2.45409e+01
4.81230e+01	2.46652e+01
4.94445e+01	2.47704e+01
5.08022e+01	2.48571e+01
5.21972e+01	2.49262e+01
5.36305e+01	2.49783e+01
5.51032e+01	2.50142e+01
5.66163e+01	2.50345e+01
5.81709e+01	2.50399e+01
5.97683e+01	2.50310e+01
6.14095e+01	2.50086e+01
6.30957e+01	2.49732e+01
6.48283e+01	2.49255e+01
6.66085e+01	2.48661e+01
6.84375e+01	2.47955e+01
7.03168e+01	2.47143e+01
7.22476e+01	2.46230e+01
7.42315e+01	2.45222e+01
7.62699e+01	2.44123e+01
7.83642e+01	2.42938e+01
8.05160e+01	2.41673e+01
8.27270e+01	2.40330e+01
8.49986e+01	2.38915e+01
8.73326e+01	2.37432e+01
8.97307e+01	2.35884e+01
9.21947e+01	2.34276e+01
9.47263e+01	2.32611e+01
9.73274e+01	2.30892e+01
1.00000e+02	2.29123e+01
1.02746e+02	2.27307e+01
1.05567e+02	2.25447e+01
1.08466e+02	2.23547e+01
1.11445e+02	2.21608e+01
1.14505e+02	2.19634e+01
1.17649e+02	2.17628e+01
1.20880e+02	2.15591e+01
1.24199e+02	2.13526e+01
1.27609e+02	2.11436e+01
1.31113e+02	2.09323e+01
1.34714e+02	2.07189e+01
1.38413e+02	2.05036e+01
1.42214e+02	2.02865e+01
1.46119e+02	2.00679e+01
1.50131e+02	1.98481e+01
1.54254e+02	1.96270e+01
1.58489e+02	1.94049e+01
1.62841e+02	1.91820e+01
1.67313e+02	1.89584e+01
1.71907e+02	1.87343e+01
1.76628e+02	1.85097e+01
1.81478e+02	1.82849e+01
1.86461e+02	1.80600e+01
1.91581e+02	1.78350e+01
1.96842e+02	1.76101e+01
2.02247e+02	1.73855e+01
2.07801e+02	1.71612e+01
2.13507e+02	1.69373e+01
2.19370e+02	1.67140e+01
2.25393e+02	1.64912e+01
2.31583e+02	1.62692e+01
2.37942e+02	1.60480e+01
2.44476e+02	1.58277e+01
2.51189e+02	1.56083e+01
2.58086e+02	1.53900e+01
2.65173e+02	1.51728e+01
2.72455e+02	1.49567e+01
2.79936e+02	1.47419e+01
2.87623e+02	1.45284e+01
2.95521e+02	1.43163e+01
3.03636e+02	1.41056e+01
3.11974e+02	1.38963e+01
3.20540e+02	1.36886e+01
3.29342e+02	1.34824e+01
3.38385e+02	1.32779e+01
3.47677e+02	1.30750e+01
3.57224e+02	1.28738e+01
3.67034e+02	1.26743e+01
3.77112e+02	1.24766e+01
3.87467e+02	1.22807e+01
3.98107e+02	1.20866e+01
4.09039e+02	1.18943e+01
4.20271e+02	1.17039e+01
4.31811e+02	1.15154e+01
4.43669e+02	1.13289e+01
4.55852e+02	1.11443e+01
4.68369e+02	1.09616e+01
4.81230e+02	1.07809e+01
4.94445e+02	1.06022e+01
5.08022e+02	1.04255e+01
5.21972e+02	1.02508e+01
5.36305e+02	1.00782e+01
5.51032e+02	9.90755e+00
5.66163e+02	9.73895e+00
5.81709e+02	9.57240e+00
5.97683e+02	9.40789e+00
6.14095e+02	9.24542e+00
6.30957e+02	9.08501e+00
6.48283e+02	8.92665e+00
6.66085e+02	8.77034e+00
6.84375e+02	8.61607e+00
7.03168e+02	8.46385e+00
7.22476e+02	8.31367e+00
7.42315e+02	8.16552e+00
7.62699e+02	8.01941e+00
7.83642e+02	7.87531e+00
8.05160e+02	7.73324e+00
8.27270e+02	7.59316e+00
8.49986e+02	7.45509e+00
8.73326e+02	7.31901e+00
8.97307e+02	7.18490e+00
9.21947e+02	7.05276e+00
9.47263e+02	6.92257e+00
9.73274e+02	6.79432e+00
1.00000e+03	6.66800e+00
1.02746e+03	6.54360e+00
1.05567e+03	6.42110e+00
1.08466e+03	6.30048e+00
1.11444e+03	6.18173e+00
1.14505e+03	6.06485e+00
1.17649e+03	5.94980e+00
1.20880e+03	5.83657e+00
1.24199e+03	5.72515e+00
1.27609e+03	5.61553e+00
1.31113e+03	5.50767e+00
1.34714e+03	5.40157e+00
1.38413e+03	5.29721e+00
1.42214e+03	5.19457e+00
1.46119e+03	5.09363e+00
1.50131e+03	4.99438e+00
1.54254e+03	4.89679e+00
1.58489e+03	4.80085e+00
1.62841e+03	4.70653e+00
1.67313e+03	4.61383e+00
1.71907e+03	4.52271e+00
1.76628e+03	4.43316e+00
1.81478e+03	4.34517e+00
1.86461e+03	4.25870e+00
1.91581e+03	4.17375e+00
1.96842e+03	4.09030e+00
2.02247e+03	4.00831e+00
2.07801e+03	3.92779e+00
2.13507e+03	3.84870e+00
2.19370e+03	3.77102e+00
2.25393e+03	3.69474e+00
2.31583e+03	3.61984e+00
2.37942e+03	3.54630e+00
2.44476e+03	3.47409e+00
2.51189e+03	3.40321e+00
2.58086e+03	3.33363e+00
2.65173e+03	3.26533e+00
2.72455e+03	3.19829e+00
2.79936e+03	3.13250e+00
2.87623e+03	3.06793e+00
2.95521e+03	3.00457e+00
3.03636e+03	2.94241e+00
3.11974e+03	2.88141e+00
3.20540e+03	2.82157e+00
3.29342e+03	2.76286e+00
3.38386e+03	2.70526e+00
3.47677e+03	2.64877e+00
3.57224e+03	2.59336e+00
3.67034e+03	2.53901e+00
3.77112e+03	2.48571e+00
3.87468e+03	2.43345e+00
3.98107e+03	2.38219e+00
4.09039e+03	2.33193e+00
4.20271e+03	2.28265e+00
4.31811e+03	2.23434e+00
4.43669e+03	2.18697e+00
4.55852e+03	2.14054e+00
4.68369e+03	2.09502e+00
4.81230e+03	2.05039e+00
4.94445e+03	2.00666e+00
5.08022e+03	1.96379e+00
5.21972e+03	1.92178e+00
5.36305e+03	1.88061e+00
5.51032e+03	1.84026e+00
5.66163e+03	1.80072e+00
5.81709e+03	1.76198e+00
5.97683e+03	1.72402e+00
6.14095e+03	1.68682e+00
6.30957e+03	1.65038e+00
6.48283e+03	1.61468e+00
6.66085e+03	1.57970e+00
6.84375e+03	1.54544e+00
7.03168e+03	1.51188e+00
7.22476e+03	1.47901e+00
7.42315e+03	1.44681e+00
7.62699e+03	1.41527e+00
7.83642e+03	1.38438e+00
8.05160e+03	1.35413e+00
8.27270e+03	1.32451e+00
8.49986e+03	1.29550e+00
8.73326e+03	1.26709e+00
8.97307e+03	1.23928e+00
9.21947e+03	1.21204e+00
9.47263e+03	1.18537e+00
9.73274e+03	1.15926e+00
1.00000e+04	1.13370e+00
