# HC2NC cross section
256
1.00000e+01	0.00000e+00
1.04618e+01	0.00000e+00
1.09450e+01	0.00000e+00
1.14505e+01	1.12435e-01
1.19793e+01	9.65083e-01
1.25325e+01	2.14477e+00
1.31113e+01	3.32313e+00
1.37169e+01	4.41346e+00
1.43504e+01	5.49401e+00
1.50131e+01	6.89465e+00
1.57065e+01	8.18556e+00
1.64318e+01	9.29449e+00
1.71907e+01	1.03348e+01
1.79846e+01	1.13814e+01
1.88152e+01	1.24781e+01
1.96842e+01	1.36448e+01
2.05933e+01	1.48835e+01
2.15444e+01	1.61843e+01
2.25393e+01	1.75300e+01
2.35803e+01	1.88994e+01
2.46693e+01	2.02705e+01
2.58086e+01	2.16218e+01
2.70006e+01	2.29343e+01
2.82475e+01	2.41916e+01
2.95521e+01	2.53807e+01
3.09169e+01	2.64913e+01
3.23448e+01	2.75165e+01
3.38385e+01	2.84518e+01
3.54013e+01	2.92950e+01
3.70363e+01	3.00458e+01
3.87467e+01	3.07052e+01
4.05362e+01	3.12758e+01
4.24083e+01	3.17606e+01
4.43669e+01	3.21635e+01
4.64159e+01	3.24887e+01
4.85595e+01	3.27407e+01
5.08022e+01	3.29239e+01
5.31484e+01	3.30431e+01
5.56030e+01	3.31026e+01
5.81709e+01	3.31067e+01
6.08575e+01	3.30598e+01
6.36681e+01	3.29657e+01
6.66085e+01	3.28284e+01
6.96847e+01	3.26512e+01
7.29030e+01	3.24377e+01
7.62699e+01	3.21910e+01
7.97923e+01	3.19139e+01
8.34773e+01	3.16094e+01
8.73326e+01	3.12799e+01
9.13659e+01	3.09278e+01
9.55855e+01	3.05555e+01
1.00000e+02	3.01649e+01
1.04618e+02	2.97581e+01
1.09450e+02	2.93367e+01
1.14505e+02	2.89026e+01
1.19793e+02	2.84572e+01
1.25325e+02	2.80020e+01
1.31113e+02	2.75384e+01
1.37169e+02	2.70677e+01
1.43504e+02	2.65909e+01
1.50131e+02	2.61093e+01
1.57065e+02	2.56238e+01
1.64318e+02	2.51354e+01
1.71907e+02	2.46449e+01
1.79846e+02	2.41533e+01
1.88152e+02	2.36612e+01
1.96842e+02	2.31695e+01
2.05933e+02	2.26787e+01
2.15444e+02	2.21894e+01
2.25393e+02	2.17023e+01
2.35803e+02	2.12179e+01
2.46693e+02	2.07367e+01
2.58086e+02	2.02592e+01
2.70005e+02	1.97857e+01
2.82475e+02	1.93166e+01
2.95521e+02	1.88524e+01
3.09169e+02	1.83933e+01
3.23448e+02	1.79396e+01
3.38385e+02	1.74917e+01
3.54013e+02	1.70497e+01
3.70363e+02	1.66140e+01
3.87467e+02	1.61846e+01
4.05362e+02	1.57618e+01
4.24083e+02	1.53458e+01
4.43669e+02	1.49366e+01
4.64159e+02	1.45344e+01
4.85595e+02	1.41393e+01
5.08022e+02	1.37514e+01
5.31484e+02	1.33708e+01
5.56030e+02	1.29975e+01
5.81709e+02	1.26315e+01
6.08574e+02	1.22729e+01
6.36681e+02	1.19217e+01
6.66085e+02	1.15779e+01
6.96847e+02	1.12416e+01
7.29029e+02	1.09126e+01
7.62699e+02	1.05909e+01
7.97923e+02	1.02766e+01
8.34773e+02	9.96955e+00
8.73326e+02	9.66972e+00
9.13659e+02	9.37705e+00
9.55855e+02	9.09148e+00
1.00000e+03	8.81294e+00
1.04618e+03	8.54133e+00
1.09450e+03	8.27659e+00
1.14505e+03	8.01863e+00
1.19793e+03	7.76734e+00
1.25325e+03	7.52264e+00
1.31113e+03	7.28443e+00
1.37169e+03	7.05260e+00
1.43504e+03	6.82705e+00
1.50131e+03	6.60767e+00
1.57065e+03	6.39435e+00
1.64318e+03	6.18697e+00
1.71907e+03	5.98544e+00
1.79846e+03	5.78962e+00
1.88152e+03	5.59942e+00
1.96842e+03	5.41470e+00
2.05933e+03	5.23537e+00
2.15443e+03	5.06129e+00
2.25393e+03	4.89236e+00
2.35803e+03	4.72846e+00
2.46693e+03	4.56947e+00
2.58086e+03	4.41528e+00
2.70005e+03	4.26578e+00
2.82475e+03	4.12085e+00
2.95521e+03	3.98038e+00
3.09169e+03	3.84426e+00
3.23448e+03	3.71238e+00
3.38386e+03	3.58462e+00
3.54013e+03	3.46090e+00
3.70363e+03	3.34109e+00
3.87468e+03	3.22509e+00
4.05362e+03	3.11281e+00
4.24083e+03	3.00413e+00
4.43669e+03	2.89897e+00
4.64159e+03	2.79722e+00
4.85595e+03	2.69879e+00
5.08022e+03	2.60358e+00
5.31484e+03	2.51150e+00
5.56030e+03	2.42246e+00
5.81709e+03	2.33638e+00
6.08574e+03	2.25317e+00
6.36681e+03	2.17273e+00
6.66085e+03	2.09499e+00
6.96847e+03	2.01988e+00
7.29030e+03	1.94730e+00
7.62699e+03	1.87718e+00
7.97923e+03	1.80945e+00
8.34773e+03	1.74403e+00
8.73326e+03	1.68085e+00
9.13659e+03	1.61985e+00
9.55855e+03	1.56094e+00
1.00000e+04	1.50408e+00
1.04618e+04	1.44918e+00
1.09450e+04	1.39620e+00
1.14505e+04	1.34506e+00
1.19793e+04	1.29571e+00
1.25325e+04	1.24809e+00
1.31113e+04	1.20215e+00
1.37169e+04	1.15782e+00
1.43504e+04	1.11506e+00
1.50131e+04	1.07382e+00
1.57065e+04	1.03404e+00
1.64318e+04	9.95677e-01
1.71907e+04	9.58682e-01
1.79847e+04	9.23010e-01
1.88152e+04	8.88616e-01
1.96842e+04	8.55457e-01
2.05933e+04	8.23491e-01
2.15443e+04	7.92678e-01
2.25393e+04	7.62978e-01
2.35803e+04	7.34354e-01
2.46693e+04	7.06768e-01
2.58086e+04	6.80184e-01
2.70005e+04	6.54569e-01
2.82475e+04	6.29888e-01
2.95521e+04	6.06109e-01
3.09169e+04	5.83200e-01
3.23448e+04	5.61132e-01
3.38386e+04	5.39874e-01
3.54013e+04	5.19398e-01
3.70363e+04	4.99677e-01
3.87468e+04	4.80684e-01
4.05362e+04	4.62393e-01
4.24083e+04	4.44779e-01
4.43669e+04	4.27819e-01
4.64159e+04	4.11488e-01
4.85595e+04	3.95765e-01
5.08022e+04	3.80628e-01
5.31484e+04	3.66055e-01
5.56030e+04	3.52026e-01
5.81709e+04	3.38522e-01
6.08574e+04	3.25524e-01
6.36681e+04	3.13014e-01
6.66085e+04	3.00973e-01
6.96847e+04	2.89384e-01
7.29029e+04	2.78232e-01
7.62699e+04	2.67501e-01
7.97923e+04	2.57174e-01
8.34773e+04	2.47237e-01
8.73326e+04	2.37677e-01
9.13659e+04	2.28478e-01
9.55855e+04	2.19628e-01
1.00000e+05	2.11114e-01
1.04618e+05	2.02923e-01
1.09450e+05	1.95044e-01
1.14505e+05	1.87465e-01
1.19793e+05	1.80175e-01
1.25325e+05	1.73163e-01
1.31113e+05	1.66419e-01
1.37169e+05	1.59933e-01
1.43504e+05	1.53695e-01
1.50131e+05	1.47696e-01
1.57065e+05	1.41927e-01
1.64318e+05	1.36379e-01
1.71907e+05	1.31045e-01
1.79846e+05	1.25915e-01
1.88152e+05	1.20983e-01
1.96842e+05	1.16241e-01
2.05933e+05	1.11682e-01
2.15444e+05	1.07299e-01
2.25393e+05	1.03085e-01
2.35803e+05	9.90341e-02
2.46693e+05	9.51398e-02
2.58086e+05	9.13963e-02
2.70006e+05	8.77979e-02
2.82475e+05	8.43390e-02
2.95521e+05	8.10144e-02
3.09169e+05	7.78189e-02
3.23448e+05	7.47476e-02
3.38386e+05	7.17959e-02
3.54013e+05	6.89590e-02
3.70363e+05	6.62327e-02
3.87468e+05	6.36126e-02
4.05362e+05	6.10948e-02
4.24083e+05	5.86753e-02
4.43669e+05	5.63504e-02
4.64159e+05	5.41163e-02
4.85595e+05	5.19697e-02
5.08022e+05	4.99071e-02
5.31484e+05	4.79253e-02
5.56030e+05	4.60213e-02
5.81709e+05	4.41919e-02
6.08574e+05	4.24344e-02
6.36680e+05	4.07459e-02
6.66085e+05	3.91237e-02
6.96847e+05	3.75654e-02
7.29030e+05	3.60684e-02
7.62699e+05	3.46304e-02
7.97923e+05	3.32490e-02
8.34773e+05	3.19221e-02
8.73326e+05	3.06476e-02
9.13659e+05	2.94233e-02
9.55855e+05	2.82475e-02
1.00000e+06	2.71181e-02
