# HC3O cross section
256
1.00000e+01	0.00000e+00
1.02746e+01	0.00000e+00
1.05567e+01	0.00000e+00
1.08466e+01	0.00000e+00
1.11445e+01	0.00000e+00
1.14505e+01	1.12422e-01
1.17649e+01	5.56330e-01
1.20880e+01	1.18782e+00
1.24199e+01	1.89838e+00
1.27609e+01	2.61956e+00
1.31113e+01	3.31179e+00
1.34714e+01	3.95560e+00
1.38413e+01	4.71681e+00
1.42214e+01	5.44778e+00
1.46119e+01	6.07095e+00
1.50131e+01	6.62869e+00
1.54254e+01	7.15358e+00
1.58489e+01	7.67001e+00
1.62841e+01	8.19556e+00
1.67313e+01	8.74226e+00
1.71907e+01	9.31770e+00
1.76628e+01	9.92593e+00
1.81478e+01	1.05682e+01
1.86461e+01	1.12438e+01
1.91581e+01	1.19503e+01
1.96842e+01	1.26841e+01
2.02247e+01	1.34409e+01
2.07801e+01	1.42161e+01
2.13507e+01	1.50046e+01
2.19370e+01	1.58012e+01
2.25393e+01	1.66012e+01
2.31583e+01	1.73998e+01
2.37942e+01	1.81925e+01
2.44475e+01	1.89753e+01
2.51189e+01	1.97444e+01
2.58086e+01	2.04968e+01
2.65173e+01	2.12294e+01
2.72455e+01	2.19400e+01
2.79936e+01	2.26265e+01
2.87623e+01	2.32872e+01
2.95521e+01	2.39209e+01
3.03636e+01	2.45266e+01
3.11974e+01	2.51036e+01
3.20540e+01	2.56516e+01
3.29342e+01	2.61702e+01
3.38385e+01	2.66595e+01
3.47677e+01	2.71196e+01
3.57225e+01	2.75509e+01
3.67034e+01	2.79537e+01
3.77112e+01	2.83286e+01
3.87467e+01	2.86760e+01
3.98107e+01	2.89968e+01
4.09039e+01	2.92915e+01
4.20271e+01	2.95608e+01
4.31811e+01	2.98055e+01
4.43669e+01	3.00264e+01
4.55852e+01	3.02242e+01
4.68369e+01	3.03996e+01
4.81230e+01	3.05533e+01
4.94445e+01	3.06862e+01
5.08022e+01	3.07990e+01
5.21972e+01	3.08923e+01
5.36305e+01	3.09669e+01
5.51032e+01	3.10234e+01
5.66163e+01	3.10626e+01
5.81709e+01	3.10850e+01
5.97683e+01	3.10913e+01
6.14095e+01	3.10821e+01
6.30957e+01	3.10580e+01
6.48283e+01	3.10196e+01
6.66085e+01	3.09675e+01
6.84375e+01	3.09021e+01
7.03168e+01	3.08241e+01
7.22476e+01	3.07339e+01
7.42315e+01	3.06321e+01
7.62699e+01	3.05192e+01
7.83642e+01	3.03956e+01
8.05160e+01	3.02617e+01
8.27270e+01	3.01181e+01
8.49986e+01	2.99652e+01
8.73326e+01	2.98034e+01
8.97307e+01	2.96331e+01
9.21947e+01	2.94548e+01
9.47263e+01	2.92688e+01
9.73274e+01	2.90754e+01
1.00000e+02	2.88752e+01
1.02746e+02	2.86684e+01
1.05567e+02	2.84554e+01
1.08466e+02	2.82366e+01
1.11445e+02	2.80122e+01
1.14505e+02	2.77826e+01
1.17649e+02	2.75481e+01
1.20880e+02	2.73090e+01
1.24199e+02	2.70657e+01
1.27609e+02	2.68183e+01
1.31113e+02	2.65672e+01
1.34714e+02	2.63127e+01
1.38413e+02	2.60550e+01
1.42214e+02	2.57943e+01
1.46119e+02	2.55310e+01
1.50131e+02	2.52652e+01
1.54254e+02	2.49972e+01
1.58489e+02	2.47272e+01
1.62841e+02	2.44555e+01
1.67313e+02	2.41822e+01
1.71907e+02	2.39075e+01
1.76628e+02	2.36316e+01
1.81478e+02	2.33548e+01
1.86461e+02	2.30772e+01
1.91581e+02	2.27990e+01
1.96842e+02	2.25203e+01
2.02247e+02	2.22414e+01
2.07801e+02	2.19623e+01
2.13507e+02	2.16833e+01
2.19370e+02	2.14044e+01
2.25393e+02	2.11259e+01
2.31583e+02	2.08478e+01
2.37942e+02	2.05703e+01
2.44476e+02	2.02934e+01
2.51189e+02	2.00175e+01
2.58086e+02	1.97424e+01
2.65173e+02	1.94684e+01
2.72455e+02	1.91956e+01
2.79936e+02	1.89240e+01
2.87623e+02	1.86537e+01
2.95521e+02	1.83849e+01
3.03636e+02	1.81176e+01
3.11974e+02	1.78519e+01
3.20540e+02	1.75879e+01
3.29342e+02	1.73256e+01
3.38385e+02	1.70652e+01
3.47677e+02	1.68067e+01
3.57224e+02	1.65501e+01
3.67034e+02	1.62956e+01
3.77112e+02	1.60431e+01
3.87467e+02	1.57927e+01
3.98107e+02	1.55445e+01
4.09039e+02	1.52986e+01
4.20271e+02	1.50548e+01
4.31811e+02	1.48134e+01
4.43669e+02	1.45744e+01
4.55852e+02	1.43377e+01
4.68369e+02	1.41034e+01
4.81230e+02	1.38715e+01
4.94445e+02	1.36421e+01
5.08022e+02	1.34151e+01
5.21972e+02	1.31907e+01
5.36305e+02	1.29688e+01
5.51032e+02	1.27494e+01
5.66163e+02	1.25326e+01
5.81709e+02	1.23183e+01
5.97683e+02	1.21067e+01
6.14095e+02	1.18976e+01
6.30957e+02	1.16910e+01
6.48283e+02	1.14871e+01
6.66085e+02	1.12858e+01
6.84375e+02	1.10871e+01
7.03168e+02	1.08910e+01
7.22476e+02	1.06974e+01
7.42315e+02	1.05065e+01
7.62699e+02	1.03181e+01
7.83642e+02	1.01324e+01
8.05160e+02	9.94918e+00
8.27270e+02	9.76857e+00
8.49986e+02	9.59051e+00
8.73326e+02	9.41500e+00
8.97307e+02	9.24202e+00
9.21947e+02	9.07157e+00
9.47263e+02	8.90363e+00
9.73274e+02	8.73819e+00
1.00000e+03	8.57523e+00
1.02746e+03	8.41473e+00
1.05567e+03	8.25668e+00
1.08466e+03	8.10106e+00
1.11444e+03	7.94785e+00
1.14505e+03	7.79704e+00
1.17649e+03	7.64860e+00
1.20880e+03	7.50251e+00
1.24199e+03	7.35876e+00
1.27609e+03	7.21732e+00
1.31113e+03	7.07817e+00
1.34714e+03	6.94128e+00
1.38413e+03	6.80665e+00
1.42214e+03	6.67423e+00
1.46119e+03	6.54402e+00
1.50131e+03	6.41599e+00
1.54254e+03	6.29011e+00
1.58489e+03	6.16636e+00
1.62841e+03	6.04471e+00
1.67313e+03	5.92515e+00
1.71907e+03	5.80764e+00
1.76628e+03	5.69217e+00
1.81478e+03	5.57870e+00
1.86461e+03	5.46722e+00
1.91581e+03	5.35770e+00
1.96842e+03	5.25011e+00
2.02247e+03	5.14443e+00
2.07801e+03	5.04063e+00
2.13507e+03	4.93869e+00
2.19370e+03	4.83858e+00
2.25393e+03	4.74028e+00
2.31583e+03	4.64377e+00
2.37942e+03	4.54901e+00
2.44476e+03	4.45599e+00
2.51189e+03	4.36468e+00
2.58086e+03	4.27505e+00
2.65173e+03	4.18708e+00
2.72455e+03	4.10074e+00
2.79936e+03	4.01602e+00
2.87623e+03	3.93289e+00
2.95521e+03	3.85132e+00
3.03636e+03	3.77128e+00
3.11974e+03	3.69277e+00
3.20540e+03	3.61574e+00
3.29342e+03	3.54018e+00
3.38386e+03	3.46607e+00
3.47677e+03	3.39338e+00
3.57224e+03	3.32209e+00
3.67034e+03	3.25218e+00
3.77112e+03	3.18362e+00
3.87468e+03	3.11639e+00
3.98107e+03	3.05047e+00
4.09039e+03	2.98585e+00
4.20271e+03	2.92248e+00
4.31811e+03	2.86037e+00
4.43669e+03	2.79948e+00
4.55852e+03	2.73979e+00
4.68369e+03	2.68129e+00
4.81230e+03	2.62395e+00
4.94445e+03	2.56775e+00
5.08022e+03	2.51267e+00
5.21972e+03	2.45870e+00
5.36305e+03	2.40581e+00
5.51032e+03	2.35399e+00
5.66163e+03	2.30321e+00
5.81709e+03	2.25346e+00
5.97683e+03	2.20471e+00
6.14095e+03	2.15696e+00
6.30957e+03	2.11018e+00
6.48283e+03	2.06435e+00
6.66085e+03	2.01947e+00
6.84375e+03	1.97550e+00
7.03168e+03	1.93243e+00
7.22476e+03	1.89025e+00
7.42315e+03	1.84895e+00
7.62699e+03	1.80849e+00
7.83642e+03	1.76887e+00
8.05160e+03	1.73008e+00
8.27270e+03	1.69209e+00
8.49986e+03	1.65489e+00
8.73326e+03	1.61847e+00
8.97307e+03	1.58281e+00
9.21947e+03	1.54790e+00
9.47263e+03	1.51371e+00
9.73274e+03	1.48025e+00
1.00000e+04	1.44749e+00
