# HCCCO cross section
256
1.00000e+01	0.00000e+00
1.04618e+01	0.00000e+00
1.09450e+01	0.00000e+00
1.14505e+01	1.12423e-01
1.19793e+01	9.64176e-01
1.25325e+01	2.14028e+00
1.31113e+01	3.31235e+00
1.37169e+01	4.44123e+00
1.43504e+01	5.66666e+00
1.50131e+01	6.63068e+00
1.57065e+01	7.50012e+00
1.64318e+01	8.37818e+00
1.71907e+01	9.32179e+00
1.79846e+01	1.03557e+01
1.88152e+01	1.14829e+01
1.96842e+01	1.26929e+01
2.05933e+01	1.39672e+01
2.15444e+01	1.52834e+01
2.25393e+01	1.66182e+01
2.35803e+01	1.79494e+01
2.46693e+01	1.92569e+01
2.58086e+01	2.05238e+01
2.70006e+01	2.17362e+01
2.82475e+01	2.28835e+01
2.95521e+01	2.39582e+01
3.09169e+01	2.49550e+01
3.23448e+01	2.58714e+01
3.38385e+01	2.67062e+01
3.54013e+01	2.74600e+01
3.70363e+01	2.81342e+01
3.87467e+01	2.87311e+01
4.05362e+01	2.92537e+01
4.24083e+01	2.97051e+01
4.43669e+01	3.00887e+01
4.64159e+01	3.04079e+01
4.85595e+01	3.06662e+01
5.08022e+01	3.08671e+01
5.31484e+01	3.10139e+01
5.56030e+01	3.11097e+01
5.81709e+01	3.11577e+01
6.08575e+01	3.11607e+01
6.36681e+01	3.11217e+01
6.66085e+01	3.10433e+01
6.96847e+01	3.09280e+01
7.29030e+01	3.07783e+01
7.62699e+01	3.05965e+01
7.97923e+01	3.03849e+01
8.34773e+01	3.01457e+01
8.73326e+01	2.98807e+01
9.13659e+01	2.95921e+01
9.55855e+01	2.92816e+01
1.00000e+02	2.89510e+01
1.04618e+02	2.86021e+01
1.09450e+02	2.82364e+01
1.14505e+02	2.78555e+01
1.19793e+02	2.74609e+01
1.25325e+02	2.70541e+01
1.31113e+02	2.66362e+01
1.37169e+02	2.62086e+01
1.43504e+02	2.57726e+01
1.50131e+02	2.53293e+01
1.57065e+02	2.48798e+01
1.64318e+02	2.44251e+01
1.71907e+02	2.39662e+01
1.79846e+02	2.35040e+01
1.88152e+02	2.30395e+01
1.96842e+02	2.25734e+01
2.05933e+02	2.21064e+01
2.15444e+02	2.16395e+01
2.25393e+02	2.11731e+01
2.35803e+02	2.07081e+01
2.46693e+02	2.02449e+01
2.58086e+02	1.97841e+01
2.70005e+02	1.93262e+01
2.82475e+02	1.88718e+01
2.95521e+02	1.84212e+01
3.09169e+02	1.79749e+01
3.23448e+02	1.75333e+01
3.38385e+02	1.70966e+01
3.54013e+02	1.66653e+01
3.70363e+02	1.62396e+01
3.87467e+02	1.58197e+01
4.05362e+02	1.54058e+01
4.24083e+02	1.49983e+01
4.43669e+02	1.45973e+01
4.64159e+02	1.42029e+01
4.85595e+02	1.38153e+01
5.08022e+02	1.34345e+01
5.31484e+02	1.30608e+01
5.56030e+02	1.26941e+01
5.81709e+02	1.23346e+01
6.08574e+02	1.19823e+01
6.36681e+02	1.16372e+01
6.66085e+02	1.12994e+01
6.96847e+02	1.09688e+01
7.29029e+02	1.06455e+01
7.62699e+02	1.03295e+01
7.97923e+02	1.00206e+01
8.34773e+02	9.71892e+00
8.73326e+02	9.42437e+00
9.13659e+02	9.13691e+00
9.55855e+02	8.85646e+00
1.00000e+03	8.58296e+00
1.04618e+03	8.31634e+00
1.09450e+03	8.05651e+00
1.14505e+03	7.80339e+00
1.19793e+03	7.55689e+00
1.25325e+03	7.31692e+00
1.31113e+03	7.08337e+00
1.37169e+03	6.85614e+00
1.43504e+03	6.63513e+00
1.50131e+03	6.42024e+00
1.57065e+03	6.21134e+00
1.64318e+03	6.00833e+00
1.71907e+03	5.81110e+00
1.79846e+03	5.61953e+00
1.88152e+03	5.43351e+00
1.96842e+03	5.25291e+00
2.05933e+03	5.07764e+00
2.15443e+03	4.90756e+00
2.25393e+03	4.74256e+00
2.35803e+03	4.58252e+00
2.46693e+03	4.42734e+00
2.58086e+03	4.27689e+00
2.70005e+03	4.13105e+00
2.82475e+03	3.98973e+00
2.95521e+03	3.85280e+00
3.09169e+03	3.72015e+00
3.23448e+03	3.59168e+00
3.38386e+03	3.46726e+00
3.54013e+03	3.34681e+00
3.70363e+03	3.23021e+00
3.87468e+03	3.11735e+00
4.05362e+03	3.00814e+00
4.24083e+03	2.90247e+00
4.43669e+03	2.80025e+00
4.64159e+03	2.70138e+00
4.85595e+03	2.60575e+00
5.08022e+03	2.51329e+00
5.31484e+03	2.42390e+00
5.56030e+03	2.33748e+00
5.81709e+03	2.25395e+00
6.08574e+03	2.17323e+00
6.36681e+03	2.09523e+00
6.66085e+03	2.01986e+00
6.96847e+03	1.94705e+00
7.29030e+03	1.87673e+00
7.62699e+03	1.80880e+00
7.97923e+03	1.74321e+00
8.34773e+03	1.67987e+00
8.73326e+03	1.61872e+00
9.13659e+03	1.55968e+00
9.55855e+03	1.50270e+00
1.00000e+04	1.44769e+00
1.04618e+04	1.39461e+00
1.09450e+04	1.34339e+00
1.14505e+04	1.29396e+00
1.19793e+04	1.24628e+00
1.25325e+04	1.20027e+00
1.31113e+04	1.15590e+00
1.37169e+04	1.11310e+00
1.43504e+04	1.07182e+00
1.50131e+04	1.03201e+00
1.57065e+04	9.93620e-01
1.64318e+04	9.56607e-01
1.71907e+04	9.20922e-01
1.79847e+04	8.86521e-01
1.88152e+04	8.53358e-01
1.96842e+04	8.21393e-01
2.05933e+04	7.90584e-01
2.15443e+04	7.60893e-01
2.25393e+04	7.32279e-01
2.35803e+04	7.04707e-01
2.46693e+04	6.78140e-01
2.58086e+04	6.52544e-01
2.70005e+04	6.27884e-01
2.82475e+04	6.04127e-01
2.95521e+04	5.81244e-01
3.09169e+04	5.59201e-01
3.23448e+04	5.37971e-01
3.38386e+04	5.17524e-01
3.54013e+04	4.97833e-01
3.70363e+04	4.78871e-01
3.87468e+04	4.60612e-01
4.05362e+04	4.43030e-01
4.24083e+04	4.26103e-01
4.43669e+04	4.09805e-01
4.64159e+04	3.94116e-01
4.85595e+04	3.79012e-01
5.08022e+04	3.64473e-01
5.31484e+04	3.50479e-01
5.56030e+04	3.37009e-01
5.81709e+04	3.24045e-01
6.08574e+04	3.11569e-01
6.36681e+04	2.99562e-01
6.66085e+04	2.88007e-01
6.96847e+04	2.76888e-01
7.29029e+04	2.66190e-01
7.62699e+04	2.55896e-01
7.97923e+04	2.45992e-01
8.34773e+04	2.36463e-01
8.73326e+04	2.27296e-01
9.13659e+04	2.18477e-01
9.55855e+04	2.09994e-01
1.00000e+05	2.01834e-01
1.04618e+05	1.93984e-01
1.09450e+05	1.86435e-01
1.14505e+05	1.79173e-01
1.19793e+05	1.72189e-01
1.25325e+05	1.65473e-01
1.31113e+05	1.59014e-01
1.37169e+05	1.52802e-01
1.43504e+05	1.46829e-01
1.50131e+05	1.41085e-01
1.57065e+05	1.35563e-01
1.64318e+05	1.30252e-01
1.71907e+05	1.25147e-01
1.79846e+05	1.20238e-01
1.88152e+05	1.15519e-01
1.96842e+05	1.10982e-01
2.05933e+05	1.06620e-01
2.15444e+05	1.02427e-01
2.25393e+05	9.83965e-02
2.35803e+05	9.45222e-02
2.46693e+05	9.07981e-02
2.58086e+05	8.72185e-02
2.70006e+05	8.37781e-02
2.82475e+05	8.04713e-02
2.95521e+05	7.72932e-02
3.09169e+05	7.42389e-02
3.23448e+05	7.13036e-02
3.38386e+05	6.84827e-02
3.54013e+05	6.57719e-02
3.70363e+05	6.31670e-02
3.87468e+05	6.06638e-02
4.05362e+05	5.82586e-02
4.24083e+05	5.59474e-02
4.43669e+05	5.37268e-02
4.64159e+05	5.15931e-02
4.85595e+05	4.95432e-02
5.08022e+05	4.75737e-02
5.31484e+05	4.56814e-02
5.56030e+05	4.38636e-02
5.81709e+05	4.21172e-02
6.08574e+05	4.04395e-02
6.36680e+05	3.88278e-02
6.66085e+05	3.72796e-02
6.96847e+05	3.57925e-02
7.29030e+05	3.43639e-02
7.62699e+05	3.29918e-02
7.97923e+05	3.16738e-02
8.34773e+05	3.04079e-02
8.73326e+05	2.91920e-02
9.13659e+05	2.80242e-02
9.55855e+05	2.69026e-02
1.00000e+06	2.58255e-02
