# HCO cross section
256
1.00000e+01	0.00000e+00
1.04618e+01	0.00000e+00
1.09450e+01	0.00000e+00
1.14505e+01	3.74880e-02
1.19793e+01	3.22402e-01
1.25325e+01	7.18430e-01
1.31113e+01	1.11616e+00
1.37169e+01	1.55872e+00
1.43504e+01	2.19891e+00
1.50131e+01	2.65556e+00
1.57065e+01	3.06096e+00
1.64318e+01	3.48544e+00
1.71907e+01	3.96022e+00
1.79846e+01	4.49313e+00
1.88152e+01	5.07901e+00
1.96842e+01	5.70622e+00
2.05933e+01	6.36075e+00
2.15444e+01	7.02852e+00
2.25393e+01	7.69668e+00
2.35803e+01	8.35426e+00
2.46693e+01	8.99239e+00
2.58086e+01	9.60423e+00
2.70006e+01	1.01849e+01
2.82475e+01	1.07310e+01
2.95521e+01	1.12407e+01
3.09169e+01	1.17131e+01
3.23448e+01	1.21484e+01
3.38385e+01	1.25470e+01
3.54013e+01	1.29101e+01
3.70363e+01	1.32390e+01
3.87467e+01	1.35350e+01
4.05362e+01	1.37997e+01
4.24083e+01	1.40344e+01
4.43669e+01	1.42407e+01
4.64159e+01	1.44198e+01
4.85595e+01	1.45729e+01
5.08022e+01	1.47013e+01
5.31484e+01	1.48059e+01
5.56030e+01	1.48878e+01
5.81709e+01	1.49479e+01
6.08575e+01	1.49872e+01
6.36681e+01	1.50064e+01
6.66085e+01	1.50065e+01
6.96847e+01	1.49883e+01
7.29030e+01	1.49525e+01
7.62699e+01	1.49001e+01
7.97923e+01	1.48317e+01
8.34773e+01	1.47483e+01
8.73326e+01	1.46506e+01
9.13659e+01	1.45395e+01
9.55855e+01	1.44156e+01
1.00000e+02	1.42799e+01
1.04618e+02	1.41331e+01
1.09450e+02	1.39760e+01
1.14505e+02	1.38094e+01
1.19793e+02	1.36339e+01
1.25325e+02	1.34504e+01
1.31113e+02	1.32596e+01
1.37169e+02	1.30621e+01
1.43504e+02	1.28587e+01
1.50131e+02	1.26500e+01
1.57065e+02	1.24366e+01
1.64318e+02	1.22191e+01
1.71907e+02	1.19982e+01
1.79846e+02	1.17744e+01
1.88152e+02	1.15481e+01
1.96842e+02	1.13200e+01
2.05933e+02	1.10905e+01
2.15444e+02	1.08600e+01
2.25393e+02	1.06290e+01
2.35803e+02	1.03979e+01
2.46693e+02	1.01670e+01
2.58086e+02	9.93675e+00
2.70005e+02	9.70741e+00
2.82475e+02	9.47931e+00
2.95521e+02	9.25273e+00
3.09169e+02	9.02793e+00
3.23448e+02	8.80516e+00
3.38385e+02	8.58464e+00
3.54013e+02	8.36656e+00
3.70363e+02	8.15111e+00
3.87467e+02	7.93847e+00
4.05362e+02	7.72877e+00
4.24083e+02	7.52215e+00
4.43669e+02	7.31873e+00
4.64159e+02	7.11862e+00
4.85595e+02	6.92191e+00
5.08022e+02	6.72867e+00
5.31484e+02	6.53898e+00
5.56030e+02	6.35289e+00
5.81709e+02	6.17044e+00
6.08574e+02	5.99167e+00
6.36681e+02	5.81661e+00
6.66085e+02	5.64527e+00
6.96847e+02	5.47766e+00
7.29029e+02	5.31379e+00
7.62699e+02	5.15365e+00
7.97923e+02	4.99723e+00
8.34773e+02	4.84452e+00
8.73326e+02	4.69548e+00
9.13659e+02	4.55010e+00
9.55855e+02	4.40835e+00
1.00000e+03	4.27018e+00
1.04618e+03	4.13556e+00
1.09450e+03	4.00444e+00
1.14505e+03	3.87679e+00
1.19793e+03	3.75254e+00
1.25325e+03	3.63166e+00
1.31113e+03	3.51409e+00
1.37169e+03	3.39976e+00
1.43504e+03	3.28864e+00
1.50131e+03	3.18065e+00
1.57065e+03	3.07575e+00
1.64318e+03	2.97387e+00
1.71907e+03	2.87494e+00
1.79846e+03	2.77892e+00
1.88152e+03	2.68573e+00
1.96842e+03	2.59532e+00
2.05933e+03	2.50763e+00
2.15443e+03	2.42259e+00
2.25393e+03	2.34014e+00
2.35803e+03	2.26022e+00
2.46693e+03	2.18276e+00
2.58086e+03	2.10771e+00
2.70005e+03	2.03502e+00
2.82475e+03	1.96461e+00
2.95521e+03	1.89642e+00
3.09169e+03	1.83041e+00
3.23448e+03	1.76651e+00
3.38386e+03	1.70467e+00
3.54013e+03	1.64483e+00
3.70363e+03	1.58693e+00
3.87468e+03	1.53092e+00
4.05362e+03	1.47675e+00
4.24083e+03	1.42437e+00
4.43669e+03	1.37372e+00
4.64159e+03	1.32475e+00
4.85595e+03	1.27742e+00
5.08022e+03	1.23167e+00
5.31484e+03	1.18747e+00
5.56030e+03	1.14475e+00
5.81709e+03	1.10349e+00
6.08574e+03	1.06363e+00
6.36681e+03	1.02513e+00
6.66085e+03	9.87947e-01
6.96847e+03	9.52044e-01
7.29030e+03	9.17380e-01
7.62699e+03	8.83914e-01
7.97923e+03	8.51610e-01
8.34773e+03	8.20430e-01
8.73326e+03	7.90338e-01
9.13659e+03	7.61300e-01
9.55855e+03	7.33281e-01
1.00000e+04	7.06248e-01
1.04618e+04	6.80169e-01
1.09450e+04	6.55013e-01
1.14505e+04	6.30749e-01
1.19793e+04	6.07348e-01
1.25325e+04	5.84781e-01
1.31113e+04	5.63020e-01
1.37169e+04	5.42038e-01
1.43504e+04	5.21809e-01
1.50131e+04	5.02308e-01
1.57065e+04	4.83509e-01
1.64318e+04	4.65390e-01
1.71907e+04	4.47926e-01
1.79847e+04	4.31096e-01
1.88152e+04	4.14877e-01
1.96842e+04	3.99248e-01
2.05933e+04	3.84190e-01
2.15443e+04	3.69681e-01
2.25393e+04	3.55704e-01
2.35803e+04	3.42240e-01
2.46693e+04	3.29270e-01
2.58086e+04	3.16777e-01
2.70005e+04	3.04745e-01
2.82475e+04	2.93157e-01
2.95521e+04	2.81997e-01
3.09169e+04	2.71251e-01
3.23448e+04	2.60903e-01
3.38386e+04	2.50940e-01
3.54013e+04	2.41347e-01
3.70363e+04	2.32112e-01
3.87468e+04	2.23221e-01
4.05362e+04	2.14663e-01
4.24083e+04	2.06425e-01
4.43669e+04	1.98495e-01
4.64159e+04	1.90863e-01
4.85595e+04	1.83518e-01
5.08022e+04	1.76448e-01
5.31484e+04	1.69646e-01
5.56030e+04	1.63099e-01
5.81709e+04	1.56800e-01
6.08574e+04	1.50739e-01
6.36681e+04	1.44907e-01
6.66085e+04	1.39296e-01
6.96847e+04	1.33898e-01
7.29029e+04	1.28705e-01
7.62699e+04	1.23709e-01
7.97923e+04	1.18903e-01
8.34773e+04	1.14281e-01
8.73326e+04	1.09835e-01
9.13659e+04	1.05558e-01
9.55855e+04	1.01445e-01
1.00000e+05	9.74894e-02
1.04618e+05	9.36851e-02
1.09450e+05	9.00266e-02
1.14505e+05	8.65085e-02
1.19793e+05	8.31255e-02
1.25325e+05	7.98726e-02
1.31113e+05	7.67447e-02
1.37169e+05	7.37374e-02
1.43504e+05	7.08459e-02
1.50131e+05	6.80660e-02
1.57065e+05	6.53934e-02
1.64318e+05	6.28241e-02
1.71907e+05	6.03541e-02
1.79846e+05	5.79798e-02
1.88152e+05	5.56974e-02
1.96842e+05	5.35035e-02
2.05933e+05	5.13948e-02
2.15444e+05	4.93680e-02
2.25393e+05	4.74199e-02
2.35803e+05	4.55475e-02
2.46693e+05	4.37481e-02
2.58086e+05	4.20188e-02
2.70006e+05	4.03568e-02
2.82475e+05	3.87597e-02
2.95521e+05	3.72249e-02
3.09169e+05	3.57501e-02
3.23448e+05	3.43330e-02
3.38386e+05	3.29713e-02
3.54013e+05	3.16629e-02
3.70363e+05	3.04057e-02
3.87468e+05	2.91978e-02
4.05362e+05	2.80373e-02
4.24083e+05	2.69224e-02
4.43669e+05	2.58513e-02
4.64159e+05	2.48222e-02
4.85595e+05	2.38336e-02
5.08022e+05	2.28840e-02
5.31484e+05	2.19717e-02
5.56030e+05	2.10953e-02
5.81709e+05	2.02536e-02
6.08574e+05	1.94450e-02
6.36680e+05	1.86683e-02
6.66085e+05	1.79223e-02
6.96847e+05	1.72058e-02
7.29030e+05	1.65176e-02
7.62699e+05	1.58567e-02
7.97923e+05	1.52219e-02
8.34773e+05	1.46123e-02
8.73326e+05	1.40268e-02
9.13659e+05	1.34645e-02
9.55855e+05	1.29245e-02
1.00000e+06	1.24060e-02
