# HCOCHO cross section
256
1.00000e+01	0.00000e+00
1.04618e+01	0.00000e+00
1.09450e+01	0.00000e+00
1.14505e+01	7.49623e-02
1.19793e+01	6.43787e-01
1.25325e+01	1.43181e+00
1.31113e+01	2.22016e+00
1.37169e+01	3.09596e+00
1.43504e+01	4.36172e+00
1.50131e+01	5.25666e+00
1.57065e+01	6.04670e+00
1.64318e+01	6.87263e+00
1.71907e+01	7.79632e+00
1.79846e+01	8.83244e+00
1.88152e+01	9.96951e+00
1.96842e+01	1.11833e+01
2.05933e+01	1.24452e+01
2.15444e+01	1.37265e+01
2.25393e+01	1.50016e+01
2.35803e+01	1.62489e+01
2.46693e+01	1.74511e+01
2.58086e+01	1.85957e+01
2.70006e+01	1.96737e+01
2.82475e+01	2.06801e+01
2.95521e+01	2.16122e+01
3.09169e+01	2.24699e+01
3.23448e+01	2.32545e+01
3.38385e+01	2.39687e+01
3.54013e+01	2.46155e+01
3.70363e+01	2.51985e+01
3.87467e+01	2.57215e+01
4.05362e+01	2.61878e+01
4.24083e+01	2.66010e+01
4.43669e+01	2.69640e+01
4.64159e+01	2.72797e+01
4.85595e+01	2.75505e+01
5.08022e+01	2.77786e+01
5.31484e+01	2.79661e+01
5.56030e+01	2.81145e+01
5.81709e+01	2.82256e+01
6.08575e+01	2.83008e+01
6.36681e+01	2.83414e+01
6.66085e+01	2.83487e+01
6.96847e+01	2.83240e+01
7.29030e+01	2.82686e+01
7.62699e+01	2.81835e+01
7.97923e+01	2.80702e+01
8.34773e+01	2.79297e+01
8.73326e+01	2.77634e+01
9.13659e+01	2.75726e+01
9.55855e+01	2.73584e+01
1.00000e+02	2.71222e+01
1.04618e+02	2.68654e+01
1.09450e+02	2.65891e+01
1.14505e+02	2.62946e+01
1.19793e+02	2.59833e+01
1.25325e+02	2.56564e+01
1.31113e+02	2.53151e+01
1.37169e+02	2.49608e+01
1.43504e+02	2.45945e+01
1.50131e+02	2.42174e+01
1.57065e+02	2.38307e+01
1.64318e+02	2.34355e+01
1.71907e+02	2.30329e+01
1.79846e+02	2.26237e+01
1.88152e+02	2.22092e+01
1.96842e+02	2.17900e+01
2.05933e+02	2.13673e+01
2.15444e+02	2.09418e+01
2.25393e+02	2.05143e+01
2.35803e+02	2.00857e+01
2.46693e+02	1.96565e+01
2.58086e+02	1.92276e+01
2.70005e+02	1.87995e+01
2.82475e+02	1.83729e+01
2.95521e+02	1.79483e+01
3.09169e+02	1.75262e+01
3.23448e+02	1.71072e+01
3.38385e+02	1.66916e+01
3.54013e+02	1.62799e+01
3.70363e+02	1.58726e+01
3.87467e+02	1.54698e+01
4.05362e+02	1.50720e+01
4.24083e+02	1.46794e+01
4.43669e+02	1.42923e+01
4.64159e+02	1.39109e+01
4.85595e+02	1.35354e+01
5.08022e+02	1.31661e+01
5.31484e+02	1.28030e+01
5.56030e+02	1.24464e+01
5.81709e+02	1.20962e+01
6.08574e+02	1.17527e+01
6.36681e+02	1.14160e+01
6.66085e+02	1.10859e+01
6.96847e+02	1.07627e+01
7.29029e+02	1.04463e+01
7.62699e+02	1.01368e+01
7.97923e+02	9.83419e+00
8.34773e+02	9.53841e+00
8.73326e+02	9.24946e+00
9.13659e+02	8.96732e+00
9.55855e+02	8.69195e+00
1.00000e+03	8.42329e+00
1.04618e+03	8.16130e+00
1.09450e+03	7.90590e+00
1.14505e+03	7.65703e+00
1.19793e+03	7.41462e+00
1.25325e+03	7.17856e+00
1.31113e+03	6.94879e+00
1.37169e+03	6.72521e+00
1.43504e+03	6.50772e+00
1.50131e+03	6.29622e+00
1.57065e+03	6.09061e+00
1.64318e+03	5.89079e+00
1.71907e+03	5.69665e+00
1.79846e+03	5.50808e+00
1.88152e+03	5.32497e+00
1.96842e+03	5.14722e+00
2.05933e+03	4.97469e+00
2.15443e+03	4.80730e+00
2.25393e+03	4.64492e+00
2.35803e+03	4.48743e+00
2.46693e+03	4.33474e+00
2.58086e+03	4.18671e+00
2.70005e+03	4.04325e+00
2.82475e+03	3.90424e+00
2.95521e+03	3.76957e+00
3.09169e+03	3.63912e+00
3.23448e+03	3.51280e+00
3.38386e+03	3.39050e+00
3.54013e+03	3.27210e+00
3.70363e+03	3.15751e+00
3.87468e+03	3.04662e+00
4.05362e+03	2.93933e+00
4.24083e+03	2.83555e+00
4.43669e+03	2.73516e+00
4.64159e+03	2.63808e+00
4.85595e+03	2.54421e+00
5.08022e+03	2.45347e+00
5.31484e+03	2.36574e+00
5.56030e+03	2.28096e+00
5.81709e+03	2.19903e+00
6.08574e+03	2.11987e+00
6.36681e+03	2.04339e+00
6.66085e+03	1.96952e+00
6.96847e+03	1.89817e+00
7.29030e+03	1.82926e+00
7.62699e+03	1.76272e+00
7.97923e+03	1.69847e+00
8.34773e+03	1.63645e+00
8.73326e+03	1.57658e+00
9.13659e+03	1.51880e+00
9.55855e+03	1.46304e+00
1.00000e+04	1.40922e+00
1.04618e+04	1.35730e+00
1.09450e+04	1.30721e+00
1.14505e+04	1.25889e+00
1.19793e+04	1.21227e+00
1.25325e+04	1.16731e+00
1.31113e+04	1.12395e+00
1.37169e+04	1.08214e+00
1.43504e+04	1.04183e+00
1.50131e+04	1.00295e+00
1.57065e+04	9.65477e-01
1.64318e+04	9.29351e-01
1.71907e+04	8.94528e-01
1.79847e+04	8.60964e-01
1.88152e+04	8.28616e-01
1.96842e+04	7.97443e-01
2.05933e+04	7.67404e-01
2.15443e+04	7.38459e-01
2.25393e+04	7.10572e-01
2.35803e+04	6.83704e-01
2.46693e+04	6.57822e-01
2.58086e+04	6.32889e-01
2.70005e+04	6.08874e-01
2.82475e+04	5.85744e-01
2.95521e+04	5.63467e-01
3.09169e+04	5.42014e-01
3.23448e+04	5.21355e-01
3.38386e+04	5.01462e-01
3.54013e+04	4.82308e-01
3.70363e+04	4.63866e-01
3.87468e+04	4.46112e-01
4.05362e+04	4.29019e-01
4.24083e+04	4.12566e-01
4.43669e+04	3.96728e-01
4.64159e+04	3.81483e-01
4.85595e+04	3.66811e-01
5.08022e+04	3.52689e-01
5.31484e+04	3.39099e-01
5.56030e+04	3.26021e-01
5.81709e+04	3.13435e-01
6.08574e+04	3.01325e-01
6.36681e+04	2.89673e-01
6.66085e+04	2.78462e-01
6.96847e+04	2.67676e-01
7.29029e+04	2.57299e-01
7.62699e+04	2.47316e-01
7.97923e+04	2.37712e-01
8.34773e+04	2.28474e-01
8.73326e+04	2.19588e-01
9.13659e+04	2.11042e-01
9.55855e+04	2.02821e-01
1.00000e+05	1.94915e-01
1.04618e+05	1.87311e-01
1.09450e+05	1.79999e-01
1.14505e+05	1.72967e-01
1.19793e+05	1.66205e-01
1.25325e+05	1.59702e-01
1.31113e+05	1.53450e-01
1.37169e+05	1.47438e-01
1.43504e+05	1.41658e-01
1.50131e+05	1.36101e-01
1.57065e+05	1.30758e-01
1.64318e+05	1.25622e-01
1.71907e+05	1.20684e-01
1.79846e+05	1.15937e-01
1.88152e+05	1.11374e-01
1.96842e+05	1.06988e-01
2.05933e+05	1.02772e-01
2.15444e+05	9.87195e-02
2.25393e+05	9.48246e-02
2.35803e+05	9.10811e-02
2.46693e+05	8.74833e-02
2.58086e+05	8.40256e-02
2.70006e+05	8.07026e-02
2.82475e+05	7.75093e-02
2.95521e+05	7.44405e-02
3.09169e+05	7.14916e-02
3.23448e+05	6.86580e-02
3.38386e+05	6.59352e-02
3.54013e+05	6.33189e-02
3.70363e+05	6.08052e-02
3.87468e+05	5.83899e-02
4.05362e+05	5.60694e-02
4.24083e+05	5.38399e-02
4.43669e+05	5.16980e-02
4.64159e+05	4.96403e-02
4.85595e+05	4.76634e-02
5.08022e+05	4.57644e-02
5.31484e+05	4.39401e-02
5.56030e+05	4.21877e-02
5.81709e+05	4.05043e-02
6.08574e+05	3.88874e-02
6.36680e+05	3.73343e-02
6.66085e+05	3.58425e-02
6.96847e+05	3.44096e-02
7.29030e+05	3.30334e-02
7.62699e+05	3.17117e-02
7.97923e+05	3.04422e-02
8.34773e+05	2.92231e-02
8.73326e+05	2.80522e-02
9.13659e+05	2.69278e-02
9.55855e+05	2.58479e-02
1.00000e+06	2.48109e-02
