# HNC cross section
256
1.00000e+01	0.00000e+00
1.02746e+01	0.00000e+00
1.05567e+01	0.00000e+00
1.08466e+01	0.00000e+00
1.11445e+01	0.00000e+00
1.14505e+01	3.74880e-02
1.17649e+01	1.85784e-01
1.20880e+01	3.97500e-01
1.24199e+01	6.36787e-01
1.27609e+01	8.80815e-01
1.31113e+01	1.11616e+00
1.34714e+01	1.33603e+00
1.38413e+01	1.61722e+00
1.42214e+01	1.91019e+00
1.46119e+01	2.26489e+00
1.50131e+01	2.89320e+00
1.54254e+01	3.41663e+00
1.58489e+01	3.86362e+00
1.62841e+01	4.25725e+00
1.67313e+01	4.61598e+00
1.71907e+01	4.95430e+00
1.76628e+01	5.28333e+00
1.81478e+01	5.61138e+00
1.86461e+01	5.94436e+00
1.91581e+01	6.28620e+00
1.96842e+01	6.63924e+00
2.02247e+01	7.00450e+00
2.07801e+01	7.38196e+00
2.13507e+01	7.77085e+00
2.19370e+01	8.16976e+00
2.25393e+01	8.57687e+00
2.31583e+01	8.99012e+00
2.37942e+01	9.40724e+00
2.44475e+01	9.82592e+00
2.51189e+01	1.02439e+01
2.58086e+01	1.06589e+01
2.65173e+01	1.10689e+01
2.72455e+01	1.14719e+01
2.79936e+01	1.18661e+01
2.87623e+01	1.22500e+01
2.95521e+01	1.26222e+01
3.03636e+01	1.29815e+01
3.11974e+01	1.33268e+01
3.20540e+01	1.36574e+01
3.29342e+01	1.39725e+01
3.38385e+01	1.42717e+01
3.47677e+01	1.45546e+01
3.57225e+01	1.48210e+01
3.67034e+01	1.50708e+01
3.77112e+01	1.53039e+01
3.87467e+01	1.55204e+01
3.98107e+01	1.57205e+01
4.09039e+01	1.59045e+01
4.20271e+01	1.60725e+01
4.31811e+01	1.62250e+01
4.43669e+01	1.63624e+01
4.55852e+01	1.64849e+01
4.68369e+01	1.65931e+01
4.81230e+01	1.66874e+01
4.94445e+01	1.67683e+01
5.08022e+01	1.68362e+01
5.21972e+01	1.68916e+01
5.36305e+01	1.69350e+01
5.51032e+01	1.69669e+01
5.66163e+01	1.69877e+01
5.81709e+01	1.69980e+01
5.97683e+01	1.69981e+01
6.14095e+01	1.69886e+01
6.30957e+01	1.69698e+01
6.48283e+01	1.69423e+01
6.66085e+01	1.69063e+01
6.84375e+01	1.68624e+01
7.03168e+01	1.68109e+01
7.22476e+01	1.67522e+01
7.42315e+01	1.66866e+01
7.62699e+01	1.66146e+01
7.83642e+01	1.65364e+01
8.05160e+01	1.64525e+01
8.27270e+01	1.63630e+01
8.49986e+01	1.62684e+01
8.73326e+01	1.61689e+01
8.97307e+01	1.60648e+01
9.21947e+01	1.59564e+01
9.47263e+01	1.58439e+01
9.73274e+01	1.57276e+01
1.00000e+02	1.56077e+01
1.02746e+02	1.54844e+01
1.05567e+02	1.53581e+01
1.08466e+02	1.52288e+01
1.11445e+02	1.50968e+01
1.14505e+02	1.49623e+01
1.17649e+02	1.48255e+01
1.20880e+02	1.46865e+01
1.24199e+02	1.45456e+01
1.27609e+02	1.44028e+01
1.31113e+02	1.42584e+01
1.34714e+02	1.41125e+01
1.38413e+02	1.39653e+01
1.42214e+02	1.38168e+01
1.46119e+02	1.36673e+01
1.50131e+02	1.35168e+01
1.54254e+02	1.33655e+01
1.58489e+02	1.32134e+01
1.62841e+02	1.30608e+01
1.67313e+02	1.29077e+01
1.71907e+02	1.27542e+01
1.76628e+02	1.26004e+01
1.81478e+02	1.24464e+01
1.86461e+02	1.22924e+01
1.91581e+02	1.21383e+01
1.96842e+02	1.19842e+01
2.02247e+02	1.18304e+01
2.07801e+02	1.16767e+01
2.13507e+02	1.15234e+01
2.19370e+02	1.13704e+01
2.25393e+02	1.12178e+01
2.31583e+02	1.10658e+01
2.37942e+02	1.09143e+01
2.44476e+02	1.07634e+01
2.51189e+02	1.06132e+01
2.58086e+02	1.04637e+01
2.65173e+02	1.03150e+01
2.72455e+02	1.01671e+01
2.79936e+02	1.00201e+01
2.87623e+02	9.87394e+00
2.95521e+02	9.72877e+00
3.03636e+02	9.58458e+00
3.11974e+02	9.44141e+00
3.20540e+02	9.29930e+00
3.29342e+02	9.15828e+00
3.38385e+02	9.01838e+00
3.47677e+02	8.87963e+00
3.57224e+02	8.74205e+00
3.67034e+02	8.60567e+00
3.77112e+02	8.47052e+00
3.87467e+02	8.33661e+00
3.98107e+02	8.20396e+00
4.09039e+02	8.07260e+00
4.20271e+02	7.94253e+00
4.31811e+02	7.81379e+00
4.43669e+02	7.68637e+00
4.55852e+02	7.56030e+00
4.68369e+02	7.43559e+00
4.81230e+02	7.31224e+00
4.94445e+02	7.19027e+00
5.08022e+02	7.06968e+00
5.21972e+02	6.95048e+00
5.36305e+02	6.83269e+00
5.51032e+02	6.71629e+00
5.66163e+02	6.60131e+00
5.81709e+02	6.48773e+00
5.97683e+02	6.37557e+00
6.14095e+02	6.26482e+00
6.30957e+02	6.15548e+00
6.48283e+02	6.04756e+00
6.66085e+02	5.94106e+00
6.84375e+02	5.83596e+00
7.03168e+02	5.73227e+00
7.22476e+02	5.62999e+00
7.42315e+02	5.52912e+00
7.62699e+02	5.42964e+00
7.83642e+02	5.33155e+00
8.05160e+02	5.23485e+00
8.27270e+02	5.13953e+00
8.49986e+02	5.04558e+00
8.73326e+02	4.95301e+00
8.97307e+02	4.86179e+00
9.21947e+02	4.77192e+00
9.47263e+02	4.68339e+00
9.73274e+02	4.59620e+00
1.00000e+03	4.51033e+00
1.02746e+03	4.42578e+00
1.05567e+03	4.34253e+00
1.08466e+03	4.26057e+00
1.11444e+03	4.17990e+00
1.14505e+03	4.10050e+00
1.17649e+03	4.02236e+00
1.20880e+03	3.94547e+00
1.24199e+03	3.86982e+00
1.27609e+03	3.79540e+00
1.31113e+03	3.72219e+00
1.34714e+03	3.65018e+00
1.38413e+03	3.57936e+00
1.42214e+03	3.50972e+00
1.46119e+03	3.44124e+00
1.50131e+03	3.37391e+00
1.54254e+03	3.30773e+00
1.58489e+03	3.24266e+00
1.62841e+03	3.17871e+00
1.67313e+03	3.11586e+00
1.71907e+03	3.05409e+00
1.76628e+03	2.99340e+00
1.81478e+03	2.93376e+00
1.86461e+03	2.87517e+00
1.91581e+03	2.81762e+00
1.96842e+03	2.76108e+00
2.02247e+03	2.70554e+00
2.07801e+03	2.65100e+00
2.13507e+03	2.59744e+00
2.19370e+03	2.54484e+00
2.25393e+03	2.49320e+00
2.31583e+03	2.44249e+00
2.37942e+03	2.39271e+00
2.44476e+03	2.34384e+00
2.51189e+03	2.29587e+00
2.58086e+03	2.24878e+00
2.65173e+03	2.20257e+00
2.72455e+03	2.15721e+00
2.79936e+03	2.11271e+00
2.87623e+03	2.06904e+00
2.95521e+03	2.02618e+00
3.03636e+03	1.98414e+00
3.11974e+03	1.94290e+00
3.20540e+03	1.90243e+00
3.29342e+03	1.86274e+00
3.38386e+03	1.82381e+00
3.47677e+03	1.78562e+00
3.57224e+03	1.74817e+00
3.67034e+03	1.71145e+00
3.77112e+03	1.67543e+00
3.87468e+03	1.64011e+00
3.98107e+03	1.60548e+00
4.09039e+03	1.57153e+00
4.20271e+03	1.53824e+00
4.31811e+03	1.50561e+00
4.43669e+03	1.47361e+00
4.55852e+03	1.44225e+00
4.68369e+03	1.41151e+00
4.81230e+03	1.38138e+00
4.94445e+03	1.35186e+00
5.08022e+03	1.32291e+00
5.21972e+03	1.29455e+00
5.36305e+03	1.26676e+00
5.51032e+03	1.23952e+00
5.66163e+03	1.21284e+00
5.81709e+03	1.18669e+00
5.97683e+03	1.16108e+00
6.14095e+03	1.13598e+00
6.30957e+03	1.11139e+00
6.48283e+03	1.08730e+00
6.66085e+03	1.06371e+00
6.84375e+03	1.04059e+00
7.03168e+03	1.01795e+00
7.22476e+03	9.95781e-01
7.42315e+03	9.74064e-01
7.62699e+03	9.52795e-01
7.83642e+03	9.31965e-01
8.05160e+03	9.11567e-01
8.27270e+03	8.91592e-01
8.49986e+03	8.72032e-01
8.73326e+03	8.52880e-01
8.97307e+03	8.34126e-01
9.21947e+03	8.15765e-01
9.47263e+03	7.97789e-01
9.73274e+03	7.80189e-01
1.00000e+04	7.62959e-01
