# HNCCC cross section
256
1.00000e+01	0.00000e+00
1.02746e+01	0.00000e+00
1.05567e+01	0.00000e+00
1.08466e+01	0.00000e+00
1.11445e+01	0.00000e+00
1.14505e+01	1.12421e-01
1.17649e+01	5.56307e-01
1.20880e+01	1.18772e+00
1.24199e+01	1.89812e+00
1.27609e+01	2.61906e+00
1.31113e+01	3.31099e+00
1.34714e+01	3.95446e+00
1.38413e+01	4.62238e+00
1.42214e+01	5.26701e+00
1.46119e+01	5.94326e+00
1.50131e+01	6.86857e+00
1.54254e+01	7.67359e+00
1.58489e+01	8.39412e+00
1.62841e+01	9.05982e+00
1.67313e+01	9.69471e+00
1.71907e+01	1.03177e+01
1.76628e+01	1.09432e+01
1.81478e+01	1.15815e+01
1.86461e+01	1.22398e+01
1.91581e+01	1.29221e+01
1.96842e+01	1.36303e+01
2.02247e+01	1.43640e+01
2.07801e+01	1.51217e+01
2.13507e+01	1.59006e+01
2.19370e+01	1.66969e+01
2.25393e+01	1.75064e+01
2.31583e+01	1.83247e+01
2.37942e+01	1.91471e+01
2.44475e+01	1.99688e+01
2.51189e+01	2.07855e+01
2.58086e+01	2.15928e+01
2.65173e+01	2.23868e+01
2.72455e+01	2.31639e+01
2.79936e+01	2.39210e+01
2.87623e+01	2.46551e+01
2.95521e+01	2.53638e+01
3.03636e+01	2.60451e+01
3.11974e+01	2.66973e+01
3.20540e+01	2.73190e+01
3.29342e+01	2.79092e+01
3.38385e+01	2.84672e+01
3.47677e+01	2.89925e+01
3.57225e+01	2.94849e+01
3.67034e+01	2.99444e+01
3.77112e+01	3.03711e+01
3.87467e+01	3.07654e+01
3.98107e+01	3.11276e+01
4.09039e+01	3.14585e+01
4.20271e+01	3.17587e+01
4.31811e+01	3.20288e+01
4.43669e+01	3.22699e+01
4.55852e+01	3.24826e+01
4.68369e+01	3.26680e+01
4.81230e+01	3.28270e+01
4.94445e+01	3.29604e+01
5.08022e+01	3.30693e+01
5.21972e+01	3.31546e+01
5.36305e+01	3.32174e+01
5.51032e+01	3.32584e+01
5.66163e+01	3.32788e+01
5.81709e+01	3.32793e+01
5.97683e+01	3.32609e+01
6.14095e+01	3.32245e+01
6.30957e+01	3.31709e+01
6.48283e+01	3.31010e+01
6.66085e+01	3.30155e+01
6.84375e+01	3.29153e+01
7.03168e+01	3.28011e+01
7.22476e+01	3.26737e+01
7.42315e+01	3.25337e+01
7.62699e+01	3.23818e+01
7.83642e+01	3.22187e+01
8.05160e+01	3.20450e+01
8.27270e+01	3.18613e+01
8.49986e+01	3.16681e+01
8.73326e+01	3.14661e+01
8.97307e+01	3.12558e+01
9.21947e+01	3.10376e+01
9.47263e+01	3.08121e+01
9.73274e+01	3.05797e+01
1.00000e+02	3.03409e+01
1.02746e+02	3.00961e+01
1.05567e+02	2.98457e+01
1.08466e+02	2.95902e+01
1.11445e+02	2.93298e+01
1.14505e+02	2.90649e+01
1.17649e+02	2.87960e+01
1.20880e+02	2.85233e+01
1.24199e+02	2.82471e+01
1.27609e+02	2.79678e+01
1.31113e+02	2.76856e+01
1.34714e+02	2.74008e+01
1.38413e+02	2.71137e+01
1.42214e+02	2.68245e+01
1.46119e+02	2.65334e+01
1.50131e+02	2.62408e+01
1.54254e+02	2.59469e+01
1.58489e+02	2.56517e+01
1.62841e+02	2.53556e+01
1.67313e+02	2.50587e+01
1.71907e+02	2.47613e+01
1.76628e+02	2.44635e+01
1.81478e+02	2.41654e+01
1.86461e+02	2.38673e+01
1.91581e+02	2.35693e+01
1.96842e+02	2.32715e+01
2.02247e+02	2.29742e+01
2.07801e+02	2.26773e+01
2.13507e+02	2.23811e+01
2.19370e+02	2.20857e+01
2.25393e+02	2.17912e+01
2.31583e+02	2.14977e+01
2.37942e+02	2.12054e+01
2.44476e+02	2.09142e+01
2.51189e+02	2.06244e+01
2.58086e+02	2.03361e+01
2.65173e+02	2.00492e+01
2.72455e+02	1.97640e+01
2.79936e+02	1.94804e+01
2.87623e+02	1.91986e+01
2.95521e+02	1.89186e+01
3.03636e+02	1.86405e+01
3.11974e+02	1.83644e+01
3.20540e+02	1.80903e+01
3.29342e+02	1.78183e+01
3.38385e+02	1.75485e+01
3.47677e+02	1.72808e+01
3.57224e+02	1.70154e+01
3.67034e+02	1.67523e+01
3.77112e+02	1.64915e+01
3.87467e+02	1.62331e+01
3.98107e+02	1.59771e+01
4.09039e+02	1.57235e+01
4.20271e+02	1.54724e+01
4.31811e+02	1.52238e+01
4.43669e+02	1.49778e+01
4.55852e+02	1.47343e+01
4.68369e+02	1.44934e+01
4.81230e+02	1.42550e+01
4.94445e+02	1.40193e+01
5.08022e+02	1.37863e+01
5.21972e+02	1.35559e+01
5.36305e+02	1.33281e+01
5.51032e+02	1.31030e+01
5.66163e+02	1.28806e+01
5.81709e+02	1.26609e+01
5.97683e+02	1.24439e+01
6.14095e+02	1.22295e+01
6.30957e+02	1.20179e+01
6.48283e+02	1.18089e+01
6.66085e+02	1.16027e+01
6.84375e+02	1.13991e+01
7.03168e+02	1.11982e+01
7.22476e+02	1.10000e+01
7.42315e+02	1.08045e+01
7.62699e+02	1.06116e+01
7.83642e+02	1.04214e+01
8.05160e+02	1.02339e+01
8.27270e+02	1.00490e+01
8.49986e+02	9.86669e+00
8.73326e+02	9.68702e+00
8.97307e+02	9.50995e+00
9.21947e+02	9.33546e+00
9.47263e+02	9.16354e+00
9.73274e+02	8.99417e+00
1.00000e+03	8.82734e+00
1.02746e+03	8.66303e+00
1.05567e+03	8.50122e+00
1.08466e+03	8.34188e+00
1.11444e+03	8.18501e+00
1.14505e+03	8.03059e+00
1.17649e+03	7.87858e+00
1.20880e+03	7.72897e+00
1.24199e+03	7.58174e+00
1.27609e+03	7.43687e+00
1.31113e+03	7.29433e+00
1.34714e+03	7.15410e+00
1.38413e+03	7.01616e+00
1.42214e+03	6.88049e+00
1.46119e+03	6.74705e+00
1.50131e+03	6.61584e+00
1.54254e+03	6.48681e+00
1.58489e+03	6.35996e+00
1.62841e+03	6.23525e+00
1.67313e+03	6.11266e+00
1.71907e+03	5.99216e+00
1.76628e+03	5.87374e+00
1.81478e+03	5.75736e+00
1.86461e+03	5.64299e+00
1.91581e+03	5.53063e+00
1.96842e+03	5.42023e+00
2.02247e+03	5.31177e+00
2.07801e+03	5.20524e+00
2.13507e+03	5.10060e+00
2.19370e+03	4.99782e+00
2.25393e+03	4.89689e+00
2.31583e+03	4.79777e+00
2.37942e+03	4.70045e+00
2.44476e+03	4.60489e+00
2.51189e+03	4.51108e+00
2.58086e+03	4.41898e+00
2.65173e+03	4.32858e+00
2.72455e+03	4.23984e+00
2.79936e+03	4.15275e+00
2.87623e+03	4.06728e+00
2.95521e+03	3.98340e+00
3.03636e+03	3.90109e+00
3.11974e+03	3.82033e+00
3.20540e+03	3.74109e+00
3.29342e+03	3.66335e+00
3.38386e+03	3.58708e+00
3.47677e+03	3.51227e+00
3.57224e+03	3.43889e+00
3.67034e+03	3.36691e+00
3.77112e+03	3.29632e+00
3.87468e+03	3.22709e+00
3.98107e+03	3.15920e+00
4.09039e+03	3.09262e+00
4.20271e+03	3.02735e+00
4.31811e+03	2.96334e+00
4.43669e+03	2.90059e+00
4.55852e+03	2.83907e+00
4.68369e+03	2.77876e+00
4.81230e+03	2.71964e+00
4.94445e+03	2.66169e+00
5.08022e+03	2.60489e+00
5.21972e+03	2.54922e+00
5.36305e+03	2.49466e+00
5.51032e+03	2.44119e+00
5.66163e+03	2.38879e+00
5.81709e+03	2.33744e+00
5.97683e+03	2.28713e+00
6.14095e+03	2.23783e+00
6.30957e+03	2.18953e+00
6.48283e+03	2.14221e+00
6.66085e+03	2.09585e+00
6.84375e+03	2.05044e+00
7.03168e+03	2.00595e+00
7.22476e+03	1.96237e+00
7.42315e+03	1.91968e+00
7.62699e+03	1.87787e+00
7.83642e+03	1.83692e+00
8.05160e+03	1.79682e+00
8.27270e+03	1.75754e+00
8.49986e+03	1.71907e+00
8.73326e+03	1.68141e+00
8.97307e+03	1.64453e+00
9.21947e+03	1.60841e+00
9.47263e+03	1.57305e+00
9.73274e+03	1.53842e+00
1.00000e+04	1.50452e+00
