# HNO cross section
256
1.00000e+01	0.00000e+00
1.02746e+01	0.00000e+00
1.05567e+01	0.00000e+00
1.08466e+01	0.00000e+00
1.11445e+01	0.00000e+00
1.14505e+01	0.00000e+00
1.17649e+01	0.00000e+00
1.20880e+01	0.00000e+00
1.24199e+01	0.00000e+00
1.27609e+01	0.00000e+00
1.31113e+01	0.00000e+00
1.34714e+01	0.00000e+00
1.38413e+01	1.74297e-01
1.42214e+01	3.75428e-01
1.46119e+01	6.05744e-01
1.50131e+01	1.10419e+00
1.54254e+01	1.50313e+00
1.58489e+01	1.83792e+00
1.62841e+01	2.13381e+00
1.67313e+01	2.40851e+00
1.71907e+01	2.67405e+00
1.76628e+01	2.93835e+00
1.81478e+01	3.20625e+00
1.86461e+01	3.48043e+00
1.91581e+01	3.76203e+00
1.96842e+01	4.05113e+00
2.02247e+01	4.34712e+00
2.07801e+01	4.64898e+00
2.13507e+01	4.95544e+00
2.19370e+01	5.26512e+00
2.25393e+01	5.57665e+00
2.31583e+01	5.88871e+00
2.37942e+01	6.20005e+00
2.44475e+01	6.50954e+00
2.51189e+01	6.81618e+00
2.58086e+01	7.11909e+00
2.65173e+01	7.41747e+00
2.72455e+01	7.71069e+00
2.79936e+01	7.99816e+00
2.87623e+01	8.27943e+00
2.95521e+01	8.55409e+00
3.03636e+01	8.82180e+00
3.11974e+01	9.08231e+00
3.20540e+01	9.33539e+00
3.29342e+01	9.58086e+00
3.38385e+01	9.81856e+00
3.47677e+01	1.00484e+01
3.57225e+01	1.02702e+01
3.67034e+01	1.04840e+01
3.77112e+01	1.06896e+01
3.87467e+01	1.08871e+01
3.98107e+01	1.10764e+01
4.09039e+01	1.12575e+01
4.20271e+01	1.14302e+01
4.31811e+01	1.15947e+01
4.43669e+01	1.17510e+01
4.55852e+01	1.18990e+01
4.68369e+01	1.20388e+01
4.81230e+01	1.21703e+01
4.94445e+01	1.22936e+01
5.08022e+01	1.24088e+01
5.21972e+01	1.25158e+01
5.36305e+01	1.26148e+01
5.51032e+01	1.27058e+01
5.66163e+01	1.27889e+01
5.81709e+01	1.28642e+01
5.97683e+01	1.29317e+01
6.14095e+01	1.29916e+01
6.30957e+01	1.30440e+01
6.48283e+01	1.30889e+01
6.66085e+01	1.31265e+01
6.84375e+01	1.31570e+01
7.03168e+01	1.31804e+01
7.22476e+01	1.31969e+01
7.42315e+01	1.32066e+01
7.62699e+01	1.32098e+01
7.83642e+01	1.32066e+01
8.05160e+01	1.31971e+01
8.27270e+01	1.31814e+01
8.49986e+01	1.31599e+01
8.73326e+01	1.31326e+01
8.97307e+01	1.30997e+01
9.21947e+01	1.30614e+01
9.47263e+01	1.30178e+01
9.73274e+01	1.29693e+01
1.00000e+02	1.29158e+01
1.02746e+02	1.28577e+01
1.05567e+02	1.27950e+01
1.08466e+02	1.27280e+01
1.11445e+02	1.26569e+01
1.14505e+02	1.25818e+01
1.17649e+02	1.25029e+01
1.20880e+02	1.24204e+01
1.24199e+02	1.23345e+01
1.27609e+02	1.22452e+01
1.31113e+02	1.21529e+01
1.34714e+02	1.20576e+01
1.38413e+02	1.19595e+01
1.42214e+02	1.18587e+01
1.46119e+02	1.17555e+01
1.50131e+02	1.16501e+01
1.54254e+02	1.15424e+01
1.58489e+02	1.14327e+01
1.62841e+02	1.13211e+01
1.67313e+02	1.12078e+01
1.71907e+02	1.10929e+01
1.76628e+02	1.09764e+01
1.81478e+02	1.08587e+01
1.86461e+02	1.07397e+01
1.91581e+02	1.06197e+01
1.96842e+02	1.04986e+01
2.02247e+02	1.03767e+01
2.07801e+02	1.02540e+01
2.13507e+02	1.01307e+01
2.19370e+02	1.00068e+01
2.25393e+02	9.88240e+00
2.31583e+02	9.75769e+00
2.37942e+02	9.63271e+00
2.44476e+02	9.50755e+00
2.51189e+02	9.38229e+00
2.58086e+02	9.25702e+00
2.65173e+02	9.13181e+00
2.72455e+02	9.00674e+00
2.79936e+02	8.88188e+00
2.87623e+02	8.75730e+00
2.95521e+02	8.63307e+00
3.03636e+02	8.50924e+00
3.11974e+02	8.38588e+00
3.20540e+02	8.26304e+00
3.29342e+02	8.14078e+00
3.38385e+02	8.01915e+00
3.47677e+02	7.89820e+00
3.57224e+02	7.77797e+00
3.67034e+02	7.65850e+00
3.77112e+02	7.53985e+00
3.87467e+02	7.42204e+00
3.98107e+02	7.30512e+00
4.09039e+02	7.18911e+00
4.20271e+02	7.07405e+00
4.31811e+02	6.95998e+00
4.43669e+02	6.84691e+00
4.55852e+02	6.73487e+00
4.68369e+02	6.62389e+00
4.81230e+02	6.51400e+00
4.94445e+02	6.40520e+00
5.08022e+02	6.29752e+00
5.21972e+02	6.19099e+00
5.36305e+02	6.08560e+00
5.51032e+02	5.98138e+00
5.66163e+02	5.87834e+00
5.81709e+02	5.77649e+00
5.97683e+02	5.67585e+00
6.14095e+02	5.57641e+00
6.30957e+02	5.47819e+00
6.48283e+02	5.38119e+00
6.66085e+02	5.28543e+00
6.84375e+02	5.19089e+00
7.03168e+02	5.09759e+00
7.22476e+02	5.00553e+00
7.42315e+02	4.91471e+00
7.62699e+02	4.82513e+00
7.83642e+02	4.73678e+00
8.05160e+02	4.64968e+00
8.27270e+02	4.56380e+00
8.49986e+02	4.47916e+00
8.73326e+02	4.39575e+00
8.97307e+02	4.31356e+00
9.21947e+02	4.23259e+00
9.47263e+02	4.15283e+00
9.73274e+02	4.07428e+00
1.00000e+03	3.99693e+00
1.02746e+03	3.92077e+00
1.05567e+03	3.84580e+00
1.08466e+03	3.77200e+00
1.11444e+03	3.69937e+00
1.14505e+03	3.62790e+00
1.17649e+03	3.55758e+00
1.20880e+03	3.48841e+00
1.24199e+03	3.42036e+00
1.27609e+03	3.35343e+00
1.31113e+03	3.28761e+00
1.34714e+03	3.22289e+00
1.38413e+03	3.15926e+00
1.42214e+03	3.09671e+00
1.46119e+03	3.03522e+00
1.50131e+03	2.97478e+00
1.54254e+03	2.91539e+00
1.58489e+03	2.85703e+00
1.62841e+03	2.79968e+00
1.67313e+03	2.74335e+00
1.71907e+03	2.68800e+00
1.76628e+03	2.63364e+00
1.81478e+03	2.58024e+00
1.86461e+03	2.52780e+00
1.91581e+03	2.47631e+00
1.96842e+03	2.42575e+00
2.02247e+03	2.37611e+00
2.07801e+03	2.32737e+00
2.13507e+03	2.27953e+00
2.19370e+03	2.23257e+00
2.25393e+03	2.18648e+00
2.31583e+03	2.14125e+00
2.37942e+03	2.09686e+00
2.44476e+03	2.05330e+00
2.51189e+03	2.01056e+00
2.58086e+03	1.96863e+00
2.65173e+03	1.92750e+00
2.72455e+03	1.88715e+00
2.79936e+03	1.84756e+00
2.87623e+03	1.80874e+00
2.95521e+03	1.77066e+00
3.03636e+03	1.73332e+00
3.11974e+03	1.69670e+00
3.20540e+03	1.66080e+00
3.29342e+03	1.62559e+00
3.38386e+03	1.59107e+00
3.47677e+03	1.55723e+00
3.57224e+03	1.52406e+00
3.67034e+03	1.49154e+00
3.77112e+03	1.45966e+00
3.87468e+03	1.42841e+00
3.98107e+03	1.39779e+00
4.09039e+03	1.36778e+00
4.20271e+03	1.33837e+00
4.31811e+03	1.30955e+00
4.43669e+03	1.28131e+00
4.55852e+03	1.25364e+00
4.68369e+03	1.22652e+00
4.81230e+03	1.19996e+00
4.94445e+03	1.17394e+00
5.08022e+03	1.14844e+00
5.21972e+03	1.12347e+00
5.36305e+03	1.09901e+00
5.51032e+03	1.07505e+00
5.66163e+03	1.05158e+00
5.81709e+03	1.02860e+00
5.97683e+03	1.00609e+00
6.14095e+03	9.84043e-01
6.30957e+03	9.62455e-01
6.48283e+03	9.41316e-01
6.66085e+03	9.20616e-01
6.84375e+03	9.00348e-01
7.03168e+03	8.80504e-01
7.22476e+03	8.61075e-01
7.42315e+03	8.42053e-01
7.62699e+03	8.23430e-01
7.83642e+03	8.05200e-01
8.05160e+03	7.87354e-01
8.27270e+03	7.69885e-01
8.49986e+03	7.52786e-01
8.73326e+03	7.36049e-01
8.97307e+03	7.19667e-01
9.21947e+03	7.03633e-01
9.47263e+03	6.87941e-01
9.73274e+03	6.72584e-01
1.00000e+04	6.57555e-01
