# HO2 cross section
256
1.00000e+01	0.00000e+00
1.04618e+01	0.00000e+00
1.09450e+01	0.00000e+00
1.14505e+01	0.00000e+00
1.19793e+01	0.00000e+00
1.25325e+01	0.00000e+00
1.31113e+01	0.00000e+00
1.37169e+01	1.33407e-01
1.43504e+01	6.31892e-01
1.50131e+01	8.80945e-01
1.57065e+01	1.09171e+00
1.64318e+01	1.35888e+00
1.71907e+01	1.71142e+00
1.79846e+01	2.14410e+00
1.88152e+01	2.63672e+00
1.96842e+01	3.16527e+00
2.05933e+01	3.70771e+00
2.15444e+01	4.24655e+00
2.25393e+01	4.76943e+00
2.35803e+01	5.26867e+00
2.46693e+01	5.74049e+00
2.58086e+01	6.18392e+00
2.70006e+01	6.59997e+00
2.82475e+01	6.99080e+00
2.95521e+01	7.35913e+00
3.09169e+01	7.70777e+00
3.23448e+01	8.03933e+00
3.38385e+01	8.35604e+00
3.54013e+01	8.65962e+00
3.70363e+01	8.95127e+00
3.87467e+01	9.23173e+00
4.05362e+01	9.50125e+00
4.24083e+01	9.75975e+00
4.43669e+01	1.00068e+01
4.64159e+01	1.02419e+01
4.85595e+01	1.04643e+01
5.08022e+01	1.06731e+01
5.31484e+01	1.08676e+01
5.56030e+01	1.10470e+01
5.81709e+01	1.12106e+01
6.08575e+01	1.13577e+01
6.36681e+01	1.14880e+01
6.66085e+01	1.16011e+01
6.96847e+01	1.16967e+01
7.29030e+01	1.17747e+01
7.62699e+01	1.18352e+01
7.97923e+01	1.18784e+01
8.34773e+01	1.19044e+01
8.73326e+01	1.19136e+01
9.13659e+01	1.19065e+01
9.55855e+01	1.18837e+01
1.00000e+02	1.18456e+01
1.04618e+02	1.17930e+01
1.09450e+02	1.17265e+01
1.14505e+02	1.16468e+01
1.19793e+02	1.15547e+01
1.25325e+02	1.14509e+01
1.31113e+02	1.13363e+01
1.37169e+02	1.12115e+01
1.43504e+02	1.10773e+01
1.50131e+02	1.09346e+01
1.57065e+02	1.07840e+01
1.64318e+02	1.06263e+01
1.71907e+02	1.04621e+01
1.79846e+02	1.02923e+01
1.88152e+02	1.01173e+01
1.96842e+02	9.93797e+00
2.05933e+02	9.75479e+00
2.15444e+02	9.56839e+00
2.25393e+02	9.37932e+00
2.35803e+02	9.18809e+00
2.46693e+02	8.99521e+00
2.58086e+02	8.80115e+00
2.70005e+02	8.60636e+00
2.82475e+02	8.41122e+00
2.95521e+02	8.21615e+00
3.09169e+02	8.02149e+00
3.23448e+02	7.82757e+00
3.38385e+02	7.63470e+00
3.54013e+02	7.44316e+00
3.70363e+02	7.25322e+00
3.87467e+02	7.06510e+00
4.05362e+02	6.87903e+00
4.24083e+02	6.69519e+00
4.43669e+02	6.51376e+00
4.64159e+02	6.33490e+00
4.85595e+02	6.15875e+00
5.08022e+02	5.98543e+00
5.31484e+02	5.81505e+00
5.56030e+02	5.64770e+00
5.81709e+02	5.48345e+00
6.08574e+02	5.32238e+00
6.36681e+02	5.16454e+00
6.66085e+02	5.00997e+00
6.96847e+02	4.85871e+00
7.29029e+02	4.71077e+00
7.62699e+02	4.56618e+00
7.97923e+02	4.42494e+00
8.34773e+02	4.28704e+00
8.73326e+02	4.15249e+00
9.13659e+02	4.02126e+00
9.55855e+02	3.89333e+00
1.00000e+03	3.76869e+00
1.04618e+03	3.64730e+00
1.09450e+03	3.52913e+00
1.14505e+03	3.41413e+00
1.19793e+03	3.30227e+00
1.25325e+03	3.19350e+00
1.31113e+03	3.08778e+00
1.37169e+03	2.98506e+00
1.43504e+03	2.88528e+00
1.50131e+03	2.78840e+00
1.57065e+03	2.69435e+00
1.64318e+03	2.60308e+00
1.71907e+03	2.51454e+00
1.79846e+03	2.42867e+00
1.88152e+03	2.34541e+00
1.96842e+03	2.26470e+00
2.05933e+03	2.18649e+00
2.15443e+03	2.11071e+00
2.25393e+03	2.03730e+00
2.35803e+03	1.96622e+00
2.46693e+03	1.89739e+00
2.58086e+03	1.83076e+00
2.70005e+03	1.76628e+00
2.82475e+03	1.70389e+00
2.95521e+03	1.64353e+00
3.09169e+03	1.58514e+00
3.23448e+03	1.52868e+00
3.38386e+03	1.47409e+00
3.54013e+03	1.42131e+00
3.70363e+03	1.37029e+00
3.87468e+03	1.32098e+00
4.05362e+03	1.27334e+00
4.24083e+03	1.22731e+00
4.43669e+03	1.18285e+00
4.64159e+03	1.13990e+00
4.85595e+03	1.09842e+00
5.08022e+03	1.05837e+00
5.31484e+03	1.01970e+00
5.56030e+03	9.82376e-01
5.81709e+03	9.46344e-01
6.08574e+03	9.11569e-01
6.36681e+03	8.78010e-01
6.66085e+03	8.45628e-01
6.96847e+03	8.14386e-01
7.29030e+03	7.84247e-01
7.62699e+03	7.55174e-01
7.97923e+03	7.27134e-01
8.34773e+03	7.00091e-01
8.73326e+03	6.74013e-01
9.13659e+03	6.48868e-01
9.55855e+03	6.24624e-01
1.00000e+04	6.01252e-01
1.04618e+04	5.78722e-01
1.09450e+04	5.57006e-01
1.14505e+04	5.36075e-01
1.19793e+04	5.15904e-01
1.25325e+04	4.96466e-01
1.31113e+04	4.77736e-01
1.37169e+04	4.59689e-01
1.43504e+04	4.42302e-01
1.50131e+04	4.25553e-01
1.57065e+04	4.09418e-01
1.64318e+04	3.93876e-01
1.71907e+04	3.78907e-01
1.79847e+04	3.64490e-01
1.88152e+04	3.50607e-01
1.96842e+04	3.37237e-01
2.05933e+04	3.24363e-01
2.15443e+04	3.11968e-01
2.25393e+04	3.00033e-01
2.35803e+04	2.88544e-01
2.46693e+04	2.77483e-01
2.58086e+04	2.66835e-01
2.70005e+04	2.56586e-01
2.82475e+04	2.46722e-01
2.95521e+04	2.37227e-01
3.09169e+04	2.28089e-01
3.23448e+04	2.19295e-01
3.38386e+04	2.10833e-01
3.54013e+04	2.02690e-01
3.70363e+04	1.94854e-01
3.87468e+04	1.87315e-01
4.05362e+04	1.80061e-01
4.24083e+04	1.73083e-01
4.43669e+04	1.66369e-01
4.64159e+04	1.59910e-01
4.85595e+04	1.53697e-01
5.08022e+04	1.47721e-01
5.31484e+04	1.41973e-01
5.56030e+04	1.36444e-01
5.81709e+04	1.31126e-01
6.08574e+04	1.26012e-01
6.36681e+04	1.21094e-01
6.66085e+04	1.16364e-01
6.96847e+04	1.11815e-01
7.29029e+04	1.07441e-01
7.62699e+04	1.03236e-01
7.97923e+04	9.91920e-02
8.34773e+04	9.53039e-02
8.73326e+04	9.15657e-02
9.13659e+04	8.79717e-02
9.55855e+04	8.45165e-02
1.00000e+05	8.11948e-02
1.04618e+05	7.80017e-02
1.09450e+05	7.49322e-02
1.14505e+05	7.19816e-02
1.19793e+05	6.91454e-02
1.25325e+05	6.64193e-02
1.31113e+05	6.37991e-02
1.37169e+05	6.12808e-02
1.43504e+05	5.88604e-02
1.50131e+05	5.65342e-02
1.57065e+05	5.42987e-02
1.64318e+05	5.21504e-02
1.71907e+05	5.00859e-02
1.79846e+05	4.81020e-02
1.88152e+05	4.61956e-02
1.96842e+05	4.43638e-02
2.05933e+05	4.26037e-02
2.15444e+05	4.09125e-02
2.25393e+05	3.92876e-02
2.35803e+05	3.77263e-02
2.46693e+05	3.62264e-02
2.58086e+05	3.47853e-02
2.70006e+05	3.34009e-02
2.82475e+05	3.20709e-02
2.95521e+05	3.07932e-02
3.09169e+05	2.95659e-02
3.23448e+05	2.83868e-02
3.38386e+05	2.72543e-02
3.54013e+05	2.61664e-02
3.70363e+05	2.51214e-02
3.87468e+05	2.41177e-02
4.05362e+05	2.31536e-02
4.24083e+05	2.22277e-02
4.43669e+05	2.13384e-02
4.64159e+05	2.04842e-02
4.85595e+05	1.96639e-02
5.08022e+05	1.88762e-02
5.31484e+05	1.81196e-02
5.56030e+05	1.73930e-02
5.81709e+05	1.66953e-02
6.08574e+05	1.60253e-02
6.36680e+05	1.53819e-02
6.66085e+05	1.47640e-02
6.96847e+05	1.41708e-02
7.29030e+05	1.36011e-02
7.62699e+05	1.30542e-02
7.97923e+05	1.25290e-02
8.34773e+05	1.20247e-02
8.73326e+05	1.15405e-02
9.13659e+05	1.10757e-02
9.55855e+05	1.06294e-02
1.00000e+06	1.02009e-02
