# HOCO cross section
256
1.00000e+01	0.00000e+00
1.02746e+01	0.00000e+00
1.05567e+01	0.00000e+00
1.08466e+01	0.00000e+00
1.11445e+01	0.00000e+00
1.14505e+01	3.74880e-02
1.17649e+01	1.85784e-01
1.20880e+01	3.97500e-01
1.24199e+01	6.36787e-01
1.27609e+01	8.80815e-01
1.31113e+01	1.11616e+00
1.34714e+01	1.33603e+00
1.38413e+01	1.80557e+00
1.42214e+01	2.27819e+00
1.46119e+01	2.62514e+00
1.50131e+01	2.90908e+00
1.54254e+01	3.17266e+00
1.58489e+01	3.44364e+00
1.62841e+01	3.73877e+00
1.67313e+01	4.06686e+00
1.71907e+01	4.43115e+00
1.76628e+01	4.83108e+00
1.81478e+01	5.26364e+00
1.86461e+01	5.72439e+00
1.91581e+01	6.20815e+00
1.96842e+01	6.70953e+00
2.02247e+01	7.22324e+00
2.07801e+01	7.74433e+00
2.13507e+01	8.26831e+00
2.19370e+01	8.79123e+00
2.25393e+01	9.30967e+00
2.31583e+01	9.82075e+00
2.37942e+01	1.03221e+01
2.44475e+01	1.08119e+01
2.51189e+01	1.12886e+01
2.58086e+01	1.17511e+01
2.65173e+01	1.21987e+01
2.72455e+01	1.26309e+01
2.79936e+01	1.30473e+01
2.87623e+01	1.34480e+01
2.95521e+01	1.38330e+01
3.03636e+01	1.42025e+01
3.11974e+01	1.45567e+01
3.20540e+01	1.48960e+01
3.29342e+01	1.52207e+01
3.38385e+01	1.55312e+01
3.47677e+01	1.58280e+01
3.57225e+01	1.61114e+01
3.67034e+01	1.63817e+01
3.77112e+01	1.66394e+01
3.87467e+01	1.68848e+01
3.98107e+01	1.71181e+01
4.09039e+01	1.73397e+01
4.20271e+01	1.75498e+01
4.31811e+01	1.77487e+01
4.43669e+01	1.79364e+01
4.55852e+01	1.81132e+01
4.68369e+01	1.82793e+01
4.81230e+01	1.84348e+01
4.94445e+01	1.85799e+01
5.08022e+01	1.87145e+01
5.21972e+01	1.88389e+01
5.36305e+01	1.89531e+01
5.51032e+01	1.90573e+01
5.66163e+01	1.91515e+01
5.81709e+01	1.92358e+01
5.97683e+01	1.93104e+01
6.14095e+01	1.93753e+01
6.30957e+01	1.94307e+01
6.48283e+01	1.94767e+01
6.66085e+01	1.95133e+01
6.84375e+01	1.95408e+01
7.03168e+01	1.95592e+01
7.22476e+01	1.95688e+01
7.42315e+01	1.95696e+01
7.62699e+01	1.95618e+01
7.83642e+01	1.95457e+01
8.05160e+01	1.95213e+01
8.27270e+01	1.94889e+01
8.49986e+01	1.94487e+01
8.73326e+01	1.94008e+01
8.97307e+01	1.93454e+01
9.21947e+01	1.92829e+01
9.47263e+01	1.92133e+01
9.73274e+01	1.91369e+01
1.00000e+02	1.90539e+01
1.02746e+02	1.89645e+01
1.05567e+02	1.88690e+01
1.08466e+02	1.87676e+01
1.11445e+02	1.86605e+01
1.14505e+02	1.85479e+01
1.17649e+02	1.84301e+01
1.20880e+02	1.83073e+01
1.24199e+02	1.81797e+01
1.27609e+02	1.80475e+01
1.31113e+02	1.79109e+01
1.34714e+02	1.77703e+01
1.38413e+02	1.76257e+01
1.42214e+02	1.74774e+01
1.46119e+02	1.73256e+01
1.50131e+02	1.71705e+01
1.54254e+02	1.70124e+01
1.58489e+02	1.68514e+01
1.62841e+02	1.66877e+01
1.67313e+02	1.65214e+01
1.71907e+02	1.63529e+01
1.76628e+02	1.61823e+01
1.81478e+02	1.60097e+01
1.86461e+02	1.58353e+01
1.91581e+02	1.56594e+01
1.96842e+02	1.54820e+01
2.02247e+02	1.53033e+01
2.07801e+02	1.51235e+01
2.13507e+02	1.49427e+01
2.19370e+02	1.47611e+01
2.25393e+02	1.45788e+01
2.31583e+02	1.43960e+01
2.37942e+02	1.42127e+01
2.44476e+02	1.40292e+01
2.51189e+02	1.38455e+01
2.58086e+02	1.36617e+01
2.65173e+02	1.34780e+01
2.72455e+02	1.32944e+01
2.79936e+02	1.31112e+01
2.87623e+02	1.29283e+01
2.95521e+02	1.27459e+01
3.03636e+02	1.25640e+01
3.11974e+02	1.23828e+01
3.20540e+02	1.22024e+01
3.29342e+02	1.20227e+01
3.38385e+02	1.18439e+01
3.47677e+02	1.16661e+01
3.57224e+02	1.14893e+01
3.67034e+02	1.13137e+01
3.77112e+02	1.11391e+01
3.87467e+02	1.09658e+01
3.98107e+02	1.07937e+01
4.09039e+02	1.06230e+01
4.20271e+02	1.04536e+01
4.31811e+02	1.02857e+01
4.43669e+02	1.01192e+01
4.55852e+02	9.95419e+00
4.68369e+02	9.79071e+00
4.81230e+02	9.62879e+00
4.94445e+02	9.46847e+00
5.08022e+02	9.30978e+00
5.21972e+02	9.15274e+00
5.36305e+02	8.99737e+00
5.51032e+02	8.84370e+00
5.66163e+02	8.69174e+00
5.81709e+02	8.54152e+00
5.97683e+02	8.39305e+00
6.14095e+02	8.24634e+00
6.30957e+02	8.10141e+00
6.48283e+02	7.95827e+00
6.66085e+02	7.81692e+00
6.84375e+02	7.67738e+00
7.03168e+02	7.53964e+00
7.22476e+02	7.40371e+00
7.42315e+02	7.26960e+00
7.62699e+02	7.13730e+00
7.83642e+02	7.00682e+00
8.05160e+02	6.87814e+00
8.27270e+02	6.75129e+00
8.49986e+02	6.62623e+00
8.73326e+02	6.50298e+00
8.97307e+02	6.38152e+00
9.21947e+02	6.26186e+00
9.47263e+02	6.14398e+00
9.73274e+02	6.02787e+00
1.00000e+03	5.91352e+00
1.02746e+03	5.80093e+00
1.05567e+03	5.69008e+00
1.08466e+03	5.58097e+00
1.11444e+03	5.47357e+00
1.14505e+03	5.36788e+00
1.17649e+03	5.26389e+00
1.20880e+03	5.16157e+00
1.24199e+03	5.06092e+00
1.27609e+03	4.96192e+00
1.31113e+03	4.86456e+00
1.34714e+03	4.76882e+00
1.38413e+03	4.67468e+00
1.42214e+03	4.58213e+00
1.46119e+03	4.49115e+00
1.50131e+03	4.40172e+00
1.54254e+03	4.31384e+00
1.58489e+03	4.22748e+00
1.62841e+03	4.14261e+00
1.67313e+03	4.05924e+00
1.71907e+03	3.97733e+00
1.76628e+03	3.89687e+00
1.81478e+03	3.81784e+00
1.86461e+03	3.74023e+00
1.91581e+03	3.66401e+00
1.96842e+03	3.58917e+00
2.02247e+03	3.51569e+00
2.07801e+03	3.44355e+00
2.13507e+03	3.37273e+00
2.19370e+03	3.30321e+00
2.25393e+03	3.23498e+00
2.31583e+03	3.16802e+00
2.37942e+03	3.10230e+00
2.44476e+03	3.03782e+00
2.51189e+03	2.97455e+00
2.58086e+03	2.91248e+00
2.65173e+03	2.85157e+00
2.72455e+03	2.79183e+00
2.79936e+03	2.73323e+00
2.87623e+03	2.67575e+00
2.95521e+03	2.61938e+00
3.03636e+03	2.56410e+00
3.11974e+03	2.50988e+00
3.20540e+03	2.45672e+00
3.29342e+03	2.40460e+00
3.38386e+03	2.35349e+00
3.47677e+03	2.30339e+00
3.57224e+03	2.25427e+00
3.67034e+03	2.20612e+00
3.77112e+03	2.15892e+00
3.87468e+03	2.11267e+00
3.98107e+03	2.06733e+00
4.09039e+03	2.02290e+00
4.20271e+03	1.97935e+00
4.31811e+03	1.93669e+00
4.43669e+03	1.89488e+00
4.55852e+03	1.85391e+00
4.68369e+03	1.81377e+00
4.81230e+03	1.77445e+00
4.94445e+03	1.73592e+00
5.08022e+03	1.69818e+00
5.21972e+03	1.66121e+00
5.36305e+03	1.62500e+00
5.51032e+03	1.58953e+00
5.66163e+03	1.55479e+00
5.81709e+03	1.52077e+00
5.97683e+03	1.48745e+00
6.14095e+03	1.45482e+00
6.30957e+03	1.42287e+00
6.48283e+03	1.39158e+00
6.66085e+03	1.36094e+00
6.84375e+03	1.33094e+00
7.03168e+03	1.30157e+00
7.22476e+03	1.27281e+00
7.42315e+03	1.24466e+00
7.62699e+03	1.21710e+00
7.83642e+03	1.19012e+00
8.05160e+03	1.16371e+00
8.27270e+03	1.13786e+00
8.49986e+03	1.11255e+00
8.73326e+03	1.08779e+00
8.97307e+03	1.06354e+00
9.21947e+03	1.03982e+00
9.47263e+03	1.01660e+00
9.73274e+03	9.93878e-01
1.00000e+04	9.71641e-01
