# HPO cross section
256
1.00000e+01	0.00000e+00
1.02746e+01	0.00000e+00
1.05567e+01	1.46266e-01
1.08466e+01	6.78224e-01
1.11445e+01	1.14819e+00
1.14505e+01	1.59455e+00
1.17649e+01	2.04184e+00
1.20880e+01	2.50452e+00
1.24199e+01	2.98989e+00
1.27609e+01	3.50033e+00
1.31113e+01	4.03486e+00
1.34714e+01	4.59048e+00
1.38413e+01	5.31762e+00
1.42214e+01	6.07081e+00
1.46119e+01	6.76831e+00
1.50131e+01	7.43484e+00
1.54254e+01	8.08524e+00
1.58489e+01	8.72752e+00
1.62841e+01	9.36505e+00
1.67313e+01	9.99821e+00
1.71907e+01	1.06256e+01
1.76628e+01	1.12450e+01
1.81478e+01	1.18536e+01
1.86461e+01	1.24487e+01
1.91581e+01	1.30279e+01
1.96842e+01	1.35891e+01
2.02247e+01	1.41306e+01
2.07801e+01	1.46513e+01
2.13507e+01	1.51504e+01
2.19370e+01	1.56273e+01
2.25393e+01	1.60820e+01
2.31583e+01	1.65146e+01
2.37942e+01	1.69256e+01
2.44475e+01	1.73155e+01
2.51189e+01	1.76848e+01
2.58086e+01	1.80345e+01
2.65173e+01	1.83652e+01
2.72455e+01	1.86778e+01
2.79936e+01	1.89730e+01
2.87623e+01	1.92518e+01
2.95521e+01	1.95148e+01
3.03636e+01	1.97628e+01
3.11974e+01	1.99964e+01
3.20540e+01	2.02163e+01
3.29342e+01	2.04230e+01
3.38385e+01	2.06171e+01
3.47677e+01	2.07990e+01
3.57225e+01	2.09692e+01
3.67034e+01	2.11279e+01
3.77112e+01	2.12756e+01
3.87467e+01	2.14125e+01
3.98107e+01	2.15389e+01
4.09039e+01	2.16550e+01
4.20271e+01	2.17611e+01
4.31811e+01	2.18572e+01
4.43669e+01	2.19435e+01
4.55852e+01	2.20203e+01
4.68369e+01	2.20876e+01
4.81230e+01	2.21455e+01
4.94445e+01	2.21942e+01
5.08022e+01	2.22338e+01
5.21972e+01	2.22644e+01
5.36305e+01	2.22861e+01
5.51032e+01	2.22991e+01
5.66163e+01	2.23033e+01
5.81709e+01	2.22991e+01
5.97683e+01	2.22864e+01
6.14095e+01	2.22655e+01
6.30957e+01	2.22364e+01
6.48283e+01	2.21992e+01
6.66085e+01	2.21542e+01
6.84375e+01	2.21015e+01
7.03168e+01	2.20412e+01
7.22476e+01	2.19735e+01
7.42315e+01	2.18986e+01
7.62699e+01	2.18166e+01
7.83642e+01	2.17277e+01
8.05160e+01	2.16320e+01
8.27270e+01	2.15299e+01
8.49986e+01	2.14214e+01
8.73326e+01	2.13067e+01
8.97307e+01	2.11861e+01
9.21947e+01	2.10597e+01
9.47263e+01	2.09278e+01
9.73274e+01	2.07905e+01
1.00000e+02	2.06480e+01
1.02746e+02	2.05006e+01
1.05567e+02	2.03485e+01
1.08466e+02	2.01918e+01
1.11445e+02	2.00308e+01
1.14505e+02	1.98656e+01
1.17649e+02	1.96965e+01
1.20880e+02	1.95237e+01
1.24199e+02	1.93474e+01
1.27609e+02	1.91678e+01
1.31113e+02	1.89850e+01
1.34714e+02	1.87993e+01
1.38413e+02	1.86108e+01
1.42214e+02	1.84199e+01
1.46119e+02	1.82265e+01
1.50131e+02	1.80310e+01
1.54254e+02	1.78335e+01
1.58489e+02	1.76342e+01
1.62841e+02	1.74332e+01
1.67313e+02	1.72308e+01
1.71907e+02	1.70271e+01
1.76628e+02	1.68222e+01
1.81478e+02	1.66164e+01
1.86461e+02	1.64097e+01
1.91581e+02	1.62023e+01
1.96842e+02	1.59945e+01
2.02247e+02	1.57862e+01
2.07801e+02	1.55777e+01
2.13507e+02	1.53691e+01
2.19370e+02	1.51605e+01
2.25393e+02	1.49520e+01
2.31583e+02	1.47438e+01
2.37942e+02	1.45359e+01
2.44476e+02	1.43285e+01
2.51189e+02	1.41218e+01
2.58086e+02	1.39157e+01
2.65173e+02	1.37103e+01
2.72455e+02	1.35059e+01
2.79936e+02	1.33025e+01
2.87623e+02	1.31000e+01
2.95521e+02	1.28988e+01
3.03636e+02	1.26987e+01
3.11974e+02	1.25000e+01
3.20540e+02	1.23026e+01
3.29342e+02	1.21066e+01
3.38385e+02	1.19121e+01
3.47677e+02	1.17191e+01
3.57224e+02	1.15278e+01
3.67034e+02	1.13381e+01
3.77112e+02	1.11500e+01
3.87467e+02	1.09638e+01
3.98107e+02	1.07793e+01
4.09039e+02	1.05966e+01
4.20271e+02	1.04159e+01
4.31811e+02	1.02370e+01
4.43669e+02	1.00600e+01
4.55852e+02	9.88494e+00
4.68369e+02	9.71189e+00
4.81230e+02	9.54084e+00
4.94445e+02	9.37181e+00
5.08022e+02	9.20481e+00
5.21972e+02	9.03987e+00
5.36305e+02	8.87699e+00
5.51032e+02	8.71618e+00
5.66163e+02	8.55747e+00
5.81709e+02	8.40084e+00
5.97683e+02	8.24631e+00
6.14095e+02	8.09389e+00
6.30957e+02	7.94356e+00
6.48283e+02	7.79535e+00
6.66085e+02	7.64923e+00
6.84375e+02	7.50522e+00
7.03168e+02	7.36330e+00
7.22476e+02	7.22347e+00
7.42315e+02	7.08573e+00
7.62699e+02	6.95006e+00
7.83642e+02	6.81647e+00
8.05160e+02	6.68493e+00
8.27270e+02	6.55544e+00
8.49986e+02	6.42798e+00
8.73326e+02	6.30255e+00
8.97307e+02	6.17912e+00
9.21947e+02	6.05769e+00
9.47263e+02	5.93824e+00
9.73274e+02	5.82075e+00
1.00000e+03	5.70521e+00
1.02746e+03	5.59161e+00
1.05567e+03	5.47991e+00
1.08466e+03	5.37011e+00
1.11444e+03	5.26218e+00
1.14505e+03	5.15611e+00
1.17649e+03	5.05188e+00
1.20880e+03	4.94946e+00
1.24199e+03	4.84884e+00
1.27609e+03	4.75000e+00
1.31113e+03	4.65292e+00
1.34714e+03	4.55757e+00
1.38413e+03	4.46394e+00
1.42214e+03	4.37199e+00
1.46119e+03	4.28172e+00
1.50131e+03	4.19310e+00
1.54254e+03	4.10611e+00
1.58489e+03	4.02072e+00
1.62841e+03	3.93692e+00
1.67313e+03	3.85468e+00
1.71907e+03	3.77398e+00
1.76628e+03	3.69480e+00
1.81478e+03	3.61712e+00
1.86461e+03	3.54091e+00
1.91581e+03	3.46615e+00
1.96842e+03	3.39283e+00
2.02247e+03	3.32091e+00
2.07801e+03	3.25039e+00
2.13507e+03	3.18123e+00
2.19370e+03	3.11341e+00
2.25393e+03	3.04692e+00
2.31583e+03	2.98173e+00
2.37942e+03	2.91782e+00
2.44476e+03	2.85518e+00
2.51189e+03	2.79377e+00
2.58086e+03	2.73358e+00
2.65173e+03	2.67459e+00
2.72455e+03	2.61679e+00
2.79936e+03	2.56013e+00
2.87623e+03	2.50462e+00
2.95521e+03	2.45023e+00
3.03636e+03	2.39694e+00
3.11974e+03	2.34473e+00
3.20540e+03	2.29358e+00
3.29342e+03	2.24348e+00
3.38386e+03	2.19440e+00
3.47677e+03	2.14632e+00
3.57224e+03	2.09924e+00
3.67034e+03	2.05312e+00
3.77112e+03	2.00796e+00
3.87468e+03	1.96373e+00
3.98107e+03	1.92042e+00
4.09039e+03	1.87801e+00
4.20271e+03	1.83648e+00
4.31811e+03	1.79583e+00
4.43669e+03	1.75602e+00
4.55852e+03	1.71705e+00
4.68369e+03	1.67890e+00
4.81230e+03	1.64156e+00
4.94445e+03	1.60500e+00
5.08022e+03	1.56921e+00
5.21972e+03	1.53419e+00
5.36305e+03	1.49991e+00
5.51032e+03	1.46636e+00
5.66163e+03	1.43352e+00
5.81709e+03	1.40138e+00
5.97683e+03	1.36994e+00
6.14095e+03	1.33916e+00
6.30957e+03	1.30905e+00
6.48283e+03	1.27959e+00
6.66085e+03	1.25076e+00
6.84375e+03	1.22255e+00
7.03168e+03	1.19495e+00
7.22476e+03	1.16795e+00
7.42315e+03	1.14153e+00
7.62699e+03	1.11569e+00
7.83642e+03	1.09041e+00
8.05160e+03	1.06568e+00
8.27270e+03	1.04150e+00
8.49986e+03	1.01783e+00
8.73326e+03	9.94691e-01
8.97307e+03	9.72054e-01
9.21947e+03	9.49914e-01
9.47263e+03	9.28260e-01
9.73274e+03	9.07082e-01
1.00000e+04	8.86371e-01
