# HS cross section
256
1.00000e+01	0.00000e+00
1.02746e+01	0.00000e+00
1.05567e+01	3.70584e-01
1.08466e+01	7.67585e-01
1.11445e+01	1.06953e+00
1.14505e+01	1.32896e+00
1.17649e+01	1.58083e+00
1.20880e+01	1.84711e+00
1.24199e+01	2.14031e+00
1.27609e+01	2.46622e+00
1.31113e+01	2.82602e+00
1.34714e+01	3.21777e+00
1.38413e+01	3.70856e+00
1.42214e+01	4.24848e+00
1.46119e+01	4.79515e+00
1.50131e+01	5.34572e+00
1.54254e+01	5.89682e+00
1.58489e+01	6.44497e+00
1.62841e+01	6.98681e+00
1.67313e+01	7.51933e+00
1.71907e+01	8.03991e+00
1.76628e+01	8.54640e+00
1.81478e+01	9.03712e+00
1.86461e+01	9.51081e+00
1.91581e+01	9.96663e+00
1.96842e+01	1.04040e+01
2.02247e+01	1.08229e+01
2.07801e+01	1.12231e+01
2.13507e+01	1.16049e+01
2.19370e+01	1.19687e+01
2.25393e+01	1.23149e+01
2.31583e+01	1.26439e+01
2.37942e+01	1.29565e+01
2.44475e+01	1.32530e+01
2.51189e+01	1.35342e+01
2.58086e+01	1.38005e+01
2.65173e+01	1.40525e+01
2.72455e+01	1.42907e+01
2.79936e+01	1.45157e+01
2.87623e+01	1.47278e+01
2.95521e+01	1.49276e+01
3.03636e+01	1.51153e+01
3.11974e+01	1.52913e+01
3.20540e+01	1.54561e+01
3.29342e+01	1.56098e+01
3.38385e+01	1.57528e+01
3.47677e+01	1.58854e+01
3.57225e+01	1.60077e+01
3.67034e+01	1.61201e+01
3.77112e+01	1.62227e+01
3.87467e+01	1.63158e+01
3.98107e+01	1.63996e+01
4.09039e+01	1.64742e+01
4.20271e+01	1.65398e+01
4.31811e+01	1.65967e+01
4.43669e+01	1.66450e+01
4.55852e+01	1.66849e+01
4.68369e+01	1.67167e+01
4.81230e+01	1.67404e+01
4.94445e+01	1.67562e+01
5.08022e+01	1.67644e+01
5.21972e+01	1.67652e+01
5.36305e+01	1.67587e+01
5.51032e+01	1.67451e+01
5.66163e+01	1.67246e+01
5.81709e+01	1.66974e+01
5.97683e+01	1.66637e+01
6.14095e+01	1.66236e+01
6.30957e+01	1.65775e+01
6.48283e+01	1.65254e+01
6.66085e+01	1.64676e+01
6.84375e+01	1.64043e+01
7.03168e+01	1.63356e+01
7.22476e+01	1.62617e+01
7.42315e+01	1.61829e+01
7.62699e+01	1.60994e+01
7.83642e+01	1.60112e+01
8.05160e+01	1.59186e+01
8.27270e+01	1.58218e+01
8.49986e+01	1.57210e+01
8.73326e+01	1.56164e+01
8.97307e+01	1.55081e+01
9.21947e+01	1.53962e+01
9.47263e+01	1.52811e+01
9.73274e+01	1.51628e+01
1.00000e+02	1.50415e+01
1.02746e+02	1.49173e+01
1.05567e+02	1.47905e+01
1.08466e+02	1.46612e+01
1.11445e+02	1.45295e+01
1.14505e+02	1.43957e+01
1.17649e+02	1.42597e+01
1.20880e+02	1.41219e+01
1.24199e+02	1.39822e+01
1.27609e+02	1.38409e+01
1.31113e+02	1.36981e+01
1.34714e+02	1.35540e+01
1.38413e+02	1.34085e+01
1.42214e+02	1.32620e+01
1.46119e+02	1.31144e+01
1.50131e+02	1.29659e+01
1.54254e+02	1.28166e+01
1.58489e+02	1.26667e+01
1.62841e+02	1.25162e+01
1.67313e+02	1.23652e+01
1.71907e+02	1.22139e+01
1.76628e+02	1.20622e+01
1.81478e+02	1.19104e+01
1.86461e+02	1.17585e+01
1.91581e+02	1.16066e+01
1.96842e+02	1.14547e+01
2.02247e+02	1.13030e+01
2.07801e+02	1.11515e+01
2.13507e+02	1.10004e+01
2.19370e+02	1.08496e+01
2.25393e+02	1.06992e+01
2.31583e+02	1.05494e+01
2.37942e+02	1.04002e+01
2.44476e+02	1.02515e+01
2.51189e+02	1.01036e+01
2.58086e+02	9.95637e+00
2.65173e+02	9.80997e+00
2.72455e+02	9.66441e+00
2.79936e+02	9.51974e+00
2.87623e+02	9.37601e+00
2.95521e+02	9.23326e+00
3.03636e+02	9.09153e+00
3.11974e+02	8.95086e+00
3.20540e+02	8.81128e+00
3.29342e+02	8.67283e+00
3.38385e+02	8.53555e+00
3.47677e+02	8.39945e+00
3.57224e+02	8.26457e+00
3.67034e+02	8.13093e+00
3.77112e+02	7.99856e+00
3.87467e+02	7.86748e+00
3.98107e+02	7.73772e+00
4.09039e+02	7.60928e+00
4.20271e+02	7.48219e+00
4.31811e+02	7.35647e+00
4.43669e+02	7.23213e+00
4.55852e+02	7.10917e+00
4.68369e+02	6.98762e+00
4.81230e+02	6.86749e+00
4.94445e+02	6.74877e+00
5.08022e+02	6.63149e+00
5.21972e+02	6.51564e+00
5.36305e+02	6.40123e+00
5.51032e+02	6.28827e+00
5.66163e+02	6.17676e+00
5.81709e+02	6.06670e+00
5.97683e+02	5.95809e+00
6.14095e+02	5.85093e+00
6.30957e+02	5.74522e+00
6.48283e+02	5.64096e+00
6.66085e+02	5.53815e+00
6.84375e+02	5.43679e+00
7.03168e+02	5.33686e+00
7.22476e+02	5.23836e+00
7.42315e+02	5.14130e+00
7.62699e+02	5.04566e+00
7.83642e+02	4.95143e+00
8.05160e+02	4.85862e+00
8.27270e+02	4.76720e+00
8.49986e+02	4.67718e+00
8.73326e+02	4.58854e+00
8.97307e+02	4.50127e+00
9.21947e+02	4.41537e+00
9.47263e+02	4.33082e+00
9.73274e+02	4.24761e+00
1.00000e+03	4.16573e+00
1.02746e+03	4.08518e+00
1.05567e+03	4.00593e+00
1.08466e+03	3.92798e+00
1.11444e+03	3.85132e+00
1.14505e+03	3.77592e+00
1.17649e+03	3.70179e+00
1.20880e+03	3.62890e+00
1.24199e+03	3.55724e+00
1.27609e+03	3.48680e+00
1.31113e+03	3.41757e+00
1.34714e+03	3.34953e+00
1.38413e+03	3.28267e+00
1.42214e+03	3.21697e+00
1.46119e+03	3.15242e+00
1.50131e+03	3.08901e+00
1.54254e+03	3.02672e+00
1.58489e+03	2.96554e+00
1.62841e+03	2.90545e+00
1.67313e+03	2.84644e+00
1.71907e+03	2.78849e+00
1.76628e+03	2.73160e+00
1.81478e+03	2.67574e+00
1.86461e+03	2.62090e+00
1.91581e+03	2.56707e+00
1.96842e+03	2.51423e+00
2.02247e+03	2.46237e+00
2.07801e+03	2.41148e+00
2.13507e+03	2.36154e+00
2.19370e+03	2.31253e+00
2.25393e+03	2.26444e+00
2.31583e+03	2.21727e+00
2.37942e+03	2.17098e+00
2.44476e+03	2.12558e+00
2.51189e+03	2.08105e+00
2.58086e+03	2.03736e+00
2.65173e+03	1.99452e+00
2.72455e+03	1.95251e+00
2.79936e+03	1.91131e+00
2.87623e+03	1.87090e+00
2.95521e+03	1.83129e+00
3.03636e+03	1.79245e+00
3.11974e+03	1.75437e+00
3.20540e+03	1.71703e+00
3.29342e+03	1.68044e+00
3.38386e+03	1.64457e+00
3.47677e+03	1.60940e+00
3.57224e+03	1.57494e+00
3.67034e+03	1.54117e+00
3.77112e+03	1.50807e+00
3.87468e+03	1.47563e+00
3.98107e+03	1.44384e+00
4.09039e+03	1.41270e+00
4.20271e+03	1.38218e+00
4.31811e+03	1.35228e+00
4.43669e+03	1.32299e+00
4.55852e+03	1.29429e+00
4.68369e+03	1.26618e+00
4.81230e+03	1.23864e+00
4.94445e+03	1.21167e+00
5.08022e+03	1.18525e+00
5.21972e+03	1.15938e+00
5.36305e+03	1.13403e+00
5.51032e+03	1.10921e+00
5.66163e+03	1.08491e+00
5.81709e+03	1.06110e+00
5.97683e+03	1.03780e+00
6.14095e+03	1.01497e+00
6.30957e+03	9.92626e-01
6.48283e+03	9.70747e-01
6.66085e+03	9.49326e-01
6.84375e+03	9.28354e-01
7.03168e+03	9.07822e-01
7.22476e+03	8.87723e-01
7.42315e+03	8.68048e-01
7.62699e+03	8.48788e-01
7.83642e+03	8.29936e-01
8.05160e+03	8.11484e-01
8.27270e+03	7.93424e-01
8.49986e+03	7.75747e-01
8.73326e+03	7.58447e-01
8.97307e+03	7.41516e-01
9.21947e+03	7.24947e-01
9.47263e+03	7.08733e-01
9.73274e+03	6.92866e-01
1.00000e+04	6.77340e-01
