# N2H3 cross section
256
1.00000e+01	0.00000e+00
1.02746e+01	0.00000e+00
1.05567e+01	0.00000e+00
1.08466e+01	0.00000e+00
1.11445e+01	0.00000e+00
1.14505e+01	0.00000e+00
1.17649e+01	0.00000e+00
1.20880e+01	0.00000e+00
1.24199e+01	0.00000e+00
1.27609e+01	0.00000e+00
1.31113e+01	0.00000e+00
1.34714e+01	0.00000e+00
1.38413e+01	2.37916e-01
1.42214e+01	5.63635e-01
1.46119e+01	1.03195e+00
1.50131e+01	2.06429e+00
1.54254e+01	2.89539e+00
1.58489e+01	3.57812e+00
1.62841e+01	4.15345e+00
1.67313e+01	4.65310e+00
1.71907e+01	5.10150e+00
1.76628e+01	5.51726e+00
1.81478e+01	5.91431e+00
1.86461e+01	6.30286e+00
1.91581e+01	6.69010e+00
1.96842e+01	7.08080e+00
2.02247e+01	7.47785e+00
2.07801e+01	7.88264e+00
2.13507e+01	8.29542e+00
2.19370e+01	8.71560e+00
2.25393e+01	9.14195e+00
2.31583e+01	9.57283e+00
2.37942e+01	1.00063e+01
2.44475e+01	1.04404e+01
2.51189e+01	1.08730e+01
2.58086e+01	1.13019e+01
2.65173e+01	1.17254e+01
2.72455e+01	1.21414e+01
2.79936e+01	1.25484e+01
2.87623e+01	1.29449e+01
2.95521e+01	1.33293e+01
3.03636e+01	1.37008e+01
3.11974e+01	1.40582e+01
3.20540e+01	1.44008e+01
3.29342e+01	1.47280e+01
3.38385e+01	1.50392e+01
3.47677e+01	1.53341e+01
3.57225e+01	1.56125e+01
3.67034e+01	1.58743e+01
3.77112e+01	1.61195e+01
3.87467e+01	1.63481e+01
3.98107e+01	1.65603e+01
4.09039e+01	1.67564e+01
4.20271e+01	1.69365e+01
4.31811e+01	1.71011e+01
4.43669e+01	1.72505e+01
4.55852e+01	1.73851e+01
4.68369e+01	1.75052e+01
4.81230e+01	1.76114e+01
4.94445e+01	1.77040e+01
5.08022e+01	1.77835e+01
5.21972e+01	1.78505e+01
5.36305e+01	1.79052e+01
5.51032e+01	1.79483e+01
5.66163e+01	1.79801e+01
5.81709e+01	1.80011e+01
5.97683e+01	1.80118e+01
6.14095e+01	1.80125e+01
6.30957e+01	1.80038e+01
6.48283e+01	1.79859e+01
6.66085e+01	1.79594e+01
6.84375e+01	1.79245e+01
7.03168e+01	1.78818e+01
7.22476e+01	1.78315e+01
7.42315e+01	1.77740e+01
7.62699e+01	1.77097e+01
7.83642e+01	1.76389e+01
8.05160e+01	1.75618e+01
8.27270e+01	1.74789e+01
8.49986e+01	1.73904e+01
8.73326e+01	1.72966e+01
8.97307e+01	1.71977e+01
9.21947e+01	1.70941e+01
9.47263e+01	1.69860e+01
9.73274e+01	1.68736e+01
1.00000e+02	1.67572e+01
1.02746e+02	1.66371e+01
1.05567e+02	1.65133e+01
1.08466e+02	1.63862e+01
1.11445e+02	1.62559e+01
1.14505e+02	1.61227e+01
1.17649e+02	1.59867e+01
1.20880e+02	1.58482e+01
1.24199e+02	1.57072e+01
1.27609e+02	1.55639e+01
1.31113e+02	1.54186e+01
1.34714e+02	1.52714e+01
1.38413e+02	1.51224e+01
1.42214e+02	1.49718e+01
1.46119e+02	1.48196e+01
1.50131e+02	1.46662e+01
1.54254e+02	1.45115e+01
1.58489e+02	1.43557e+01
1.62841e+02	1.41990e+01
1.67313e+02	1.40414e+01
1.71907e+02	1.38831e+01
1.76628e+02	1.37241e+01
1.81478e+02	1.35646e+01
1.86461e+02	1.34047e+01
1.91581e+02	1.32444e+01
1.96842e+02	1.30839e+01
2.02247e+02	1.29233e+01
2.07801e+02	1.27626e+01
2.13507e+02	1.26019e+01
2.19370e+02	1.24414e+01
2.25393e+02	1.22810e+01
2.31583e+02	1.21209e+01
2.37942e+02	1.19611e+01
2.44476e+02	1.18017e+01
2.51189e+02	1.16427e+01
2.58086e+02	1.14843e+01
2.65173e+02	1.13265e+01
2.72455e+02	1.11693e+01
2.79936e+02	1.10129e+01
2.87623e+02	1.08571e+01
2.95521e+02	1.07022e+01
3.03636e+02	1.05481e+01
3.11974e+02	1.03949e+01
3.20540e+02	1.02427e+01
3.29342e+02	1.00915e+01
3.38385e+02	9.94123e+00
3.47677e+02	9.79206e+00
3.57224e+02	9.64399e+00
3.67034e+02	9.49704e+00
3.77112e+02	9.35126e+00
3.87467e+02	9.20666e+00
3.98107e+02	9.06329e+00
4.09039e+02	8.92116e+00
4.20271e+02	8.78030e+00
4.31811e+02	8.64073e+00
4.43669e+02	8.50248e+00
4.55852e+02	8.36557e+00
4.68369e+02	8.23001e+00
4.81230e+02	8.09581e+00
4.94445e+02	7.96301e+00
5.08022e+02	7.83161e+00
5.21972e+02	7.70162e+00
5.36305e+02	7.57306e+00
5.51032e+02	7.44593e+00
5.66163e+02	7.32025e+00
5.81709e+02	7.19603e+00
5.97683e+02	7.07326e+00
6.14095e+02	6.95196e+00
6.30957e+02	6.83213e+00
6.48283e+02	6.71378e+00
6.66085e+02	6.59690e+00
6.84375e+02	6.48151e+00
7.03168e+02	6.36759e+00
7.22476e+02	6.25516e+00
7.42315e+02	6.14420e+00
7.62699e+02	6.03472e+00
7.83642e+02	5.92673e+00
8.05160e+02	5.82020e+00
8.27270e+02	5.71514e+00
8.49986e+02	5.61155e+00
8.73326e+02	5.50942e+00
8.97307e+02	5.40874e+00
9.21947e+02	5.30951e+00
9.47263e+02	5.21172e+00
9.73274e+02	5.11536e+00
1.00000e+03	5.02043e+00
1.02746e+03	4.92691e+00
1.05567e+03	4.83480e+00
1.08466e+03	4.74409e+00
1.11444e+03	4.65477e+00
1.14505e+03	4.56683e+00
1.17649e+03	4.48026e+00
1.20880e+03	4.39504e+00
1.24199e+03	4.31117e+00
1.27609e+03	4.22864e+00
1.31113e+03	4.14743e+00
1.34714e+03	4.06752e+00
1.38413e+03	3.98892e+00
1.42214e+03	3.91160e+00
1.46119e+03	3.83555e+00
1.50131e+03	3.76077e+00
1.54254e+03	3.68723e+00
1.58489e+03	3.61492e+00
1.62841e+03	3.54383e+00
1.67313e+03	3.47396e+00
1.71907e+03	3.40527e+00
1.76628e+03	3.33776e+00
1.81478e+03	3.27142e+00
1.86461e+03	3.20622e+00
1.91581e+03	3.14217e+00
1.96842e+03	3.07924e+00
2.02247e+03	3.01741e+00
2.07801e+03	2.95668e+00
2.13507e+03	2.89703e+00
2.19370e+03	2.83845e+00
2.25393e+03	2.78092e+00
2.31583e+03	2.72443e+00
2.37942e+03	2.66896e+00
2.44476e+03	2.61449e+00
2.51189e+03	2.56103e+00
2.58086e+03	2.50854e+00
2.65173e+03	2.45703e+00
2.72455e+03	2.40646e+00
2.79936e+03	2.35684e+00
2.87623e+03	2.30814e+00
2.95521e+03	2.26035e+00
3.03636e+03	2.21346e+00
3.11974e+03	2.16745e+00
3.20540e+03	2.12231e+00
3.29342e+03	2.07803e+00
3.38386e+03	2.03459e+00
3.47677e+03	1.99199e+00
3.57224e+03	1.95020e+00
3.67034e+03	1.90922e+00
3.77112e+03	1.86902e+00
3.87468e+03	1.82961e+00
3.98107e+03	1.79096e+00
4.09039e+03	1.75306e+00
4.20271e+03	1.71590e+00
4.31811e+03	1.67948e+00
4.43669e+03	1.64376e+00
4.55852e+03	1.60876e+00
4.68369e+03	1.57444e+00
4.81230e+03	1.54080e+00
4.94445e+03	1.50784e+00
5.08022e+03	1.47553e+00
5.21972e+03	1.44386e+00
5.36305e+03	1.41283e+00
5.51032e+03	1.38242e+00
5.66163e+03	1.35263e+00
5.81709e+03	1.32343e+00
5.97683e+03	1.29483e+00
6.14095e+03	1.26681e+00
6.30957e+03	1.23935e+00
6.48283e+03	1.21246e+00
6.66085e+03	1.18611e+00
6.84375e+03	1.16030e+00
7.03168e+03	1.13502e+00
7.22476e+03	1.11027e+00
7.42315e+03	1.08602e+00
7.62699e+03	1.06227e+00
7.83642e+03	1.03901e+00
8.05160e+03	1.01624e+00
8.27270e+03	9.93934e-01
8.49986e+03	9.72095e-01
8.73326e+03	9.50711e-01
8.97307e+03	9.29773e-01
9.21947e+03	9.09274e-01
9.47263e+03	8.89204e-01
9.73274e+03	8.69555e-01
1.00000e+04	8.50320e-01
