# N2O cross section
256
1.00000e+01	0.00000e+00
1.02746e+01	0.00000e+00
1.05567e+01	0.00000e+00
1.08466e+01	0.00000e+00
1.11445e+01	0.00000e+00
1.14505e+01	0.00000e+00
1.17649e+01	0.00000e+00
1.20880e+01	0.00000e+00
1.24199e+01	0.00000e+00
1.27609e+01	0.00000e+00
1.31113e+01	0.00000e+00
1.34714e+01	0.00000e+00
1.38413e+01	9.50112e-02
1.42214e+01	1.87606e-01
1.46119e+01	4.12193e-01
1.50131e+01	1.21695e+00
1.54254e+01	1.83469e+00
1.58489e+01	2.32244e+00
1.62841e+01	2.72269e+00
1.67313e+01	3.06692e+00
1.71907e+01	3.37816e+00
1.76628e+01	3.67300e+00
1.81478e+01	3.96309e+00
1.86461e+01	4.25638e+00
1.91581e+01	4.55799e+00
1.96842e+01	4.87094e+00
2.02247e+01	5.19672e+00
2.07801e+01	5.53568e+00
2.13507e+01	5.88736e+00
2.19370e+01	6.25077e+00
2.25393e+01	6.62454e+00
2.31583e+01	7.00710e+00
2.37942e+01	7.39674e+00
2.44475e+01	7.79172e+00
2.51189e+01	8.19034e+00
2.58086e+01	8.59093e+00
2.65173e+01	8.99192e+00
2.72455e+01	9.39183e+00
2.79936e+01	9.78930e+00
2.87623e+01	1.01831e+01
2.95521e+01	1.05720e+01
3.03636e+01	1.09551e+01
3.11974e+01	1.13314e+01
3.20540e+01	1.17001e+01
3.29342e+01	1.20604e+01
3.38385e+01	1.24117e+01
3.47677e+01	1.27535e+01
3.57225e+01	1.30852e+01
3.67034e+01	1.34065e+01
3.77112e+01	1.37169e+01
3.87467e+01	1.40161e+01
3.98107e+01	1.43038e+01
4.09039e+01	1.45800e+01
4.20271e+01	1.48443e+01
4.31811e+01	1.50966e+01
4.43669e+01	1.53368e+01
4.55852e+01	1.55650e+01
4.68369e+01	1.57809e+01
4.81230e+01	1.59847e+01
4.94445e+01	1.61763e+01
5.08022e+01	1.63558e+01
5.21972e+01	1.65232e+01
5.36305e+01	1.66786e+01
5.51032e+01	1.68222e+01
5.66163e+01	1.69540e+01
5.81709e+01	1.70742e+01
5.97683e+01	1.71830e+01
6.14095e+01	1.72805e+01
6.30957e+01	1.73669e+01
6.48283e+01	1.74424e+01
6.66085e+01	1.75072e+01
6.84375e+01	1.75615e+01
7.03168e+01	1.76056e+01
7.22476e+01	1.76396e+01
7.42315e+01	1.76639e+01
7.62699e+01	1.76787e+01
7.83642e+01	1.76842e+01
8.05160e+01	1.76806e+01
8.27270e+01	1.76684e+01
8.49986e+01	1.76476e+01
8.73326e+01	1.76186e+01
8.97307e+01	1.75817e+01
9.21947e+01	1.75370e+01
9.47263e+01	1.74850e+01
9.73274e+01	1.74258e+01
1.00000e+02	1.73597e+01
1.02746e+02	1.72870e+01
1.05567e+02	1.72080e+01
1.08466e+02	1.71228e+01
1.11445e+02	1.70319e+01
1.14505e+02	1.69353e+01
1.17649e+02	1.68335e+01
1.20880e+02	1.67266e+01
1.24199e+02	1.66148e+01
1.27609e+02	1.64985e+01
1.31113e+02	1.63778e+01
1.34714e+02	1.62530e+01
1.38413e+02	1.61243e+01
1.42214e+02	1.59919e+01
1.46119e+02	1.58561e+01
1.50131e+02	1.57171e+01
1.54254e+02	1.55750e+01
1.58489e+02	1.54301e+01
1.62841e+02	1.52826e+01
1.67313e+02	1.51326e+01
1.71907e+02	1.49804e+01
1.76628e+02	1.48262e+01
1.81478e+02	1.46700e+01
1.86461e+02	1.45121e+01
1.91581e+02	1.43526e+01
1.96842e+02	1.41918e+01
2.02247e+02	1.40297e+01
2.07801e+02	1.38665e+01
2.13507e+02	1.37023e+01
2.19370e+02	1.35374e+01
2.25393e+02	1.33717e+01
2.31583e+02	1.32055e+01
2.37942e+02	1.30389e+01
2.44476e+02	1.28720e+01
2.51189e+02	1.27049e+01
2.58086e+02	1.25377e+01
2.65173e+02	1.23706e+01
2.72455e+02	1.22035e+01
2.79936e+02	1.20367e+01
2.87623e+02	1.18702e+01
2.95521e+02	1.17042e+01
3.03636e+02	1.15386e+01
3.11974e+02	1.13735e+01
3.20540e+02	1.12092e+01
3.29342e+02	1.10455e+01
3.38385e+02	1.08827e+01
3.47677e+02	1.07207e+01
3.57224e+02	1.05596e+01
3.67034e+02	1.03995e+01
3.77112e+02	1.02404e+01
3.87467e+02	1.00825e+01
3.98107e+02	9.92563e+00
4.09039e+02	9.76999e+00
4.20271e+02	9.61557e+00
4.31811e+02	9.46242e+00
4.43669e+02	9.31058e+00
4.55852e+02	9.16009e+00
4.68369e+02	9.01097e+00
4.81230e+02	8.86327e+00
4.94445e+02	8.71700e+00
5.08022e+02	8.57219e+00
5.21972e+02	8.42888e+00
5.36305e+02	8.28707e+00
5.51032e+02	8.14679e+00
5.66163e+02	8.00807e+00
5.81709e+02	7.87091e+00
5.97683e+02	7.73532e+00
6.14095e+02	7.60133e+00
6.30957e+02	7.46894e+00
6.48283e+02	7.33817e+00
6.66085e+02	7.20901e+00
6.84375e+02	7.08148e+00
7.03168e+02	6.95559e+00
7.22476e+02	6.83133e+00
7.42315e+02	6.70870e+00
7.62699e+02	6.58772e+00
7.83642e+02	6.46837e+00
8.05160e+02	6.35067e+00
8.27270e+02	6.23460e+00
8.49986e+02	6.12016e+00
8.73326e+02	6.00735e+00
8.97307e+02	5.89617e+00
9.21947e+02	5.78661e+00
9.47263e+02	5.67865e+00
9.73274e+02	5.57231e+00
1.00000e+03	5.46755e+00
1.02746e+03	5.36439e+00
1.05567e+03	5.26280e+00
1.08466e+03	5.16278e+00
1.11444e+03	5.06432e+00
1.14505e+03	4.96741e+00
1.17649e+03	4.87203e+00
1.20880e+03	4.77817e+00
1.24199e+03	4.68582e+00
1.27609e+03	4.59497e+00
1.31113e+03	4.50560e+00
1.34714e+03	4.41770e+00
1.38413e+03	4.33126e+00
1.42214e+03	4.24625e+00
1.46119e+03	4.16268e+00
1.50131e+03	4.08052e+00
1.54254e+03	3.99975e+00
1.58489e+03	3.92036e+00
1.62841e+03	3.84234e+00
1.67313e+03	3.76567e+00
1.71907e+03	3.69033e+00
1.76628e+03	3.61631e+00
1.81478e+03	3.54359e+00
1.86461e+03	3.47216e+00
1.91581e+03	3.40200e+00
1.96842e+03	3.33309e+00
2.02247e+03	3.26542e+00
2.07801e+03	3.19897e+00
2.13507e+03	3.13373e+00
2.19370e+03	3.06967e+00
2.25393e+03	3.00678e+00
2.31583e+03	2.94505e+00
2.37942e+03	2.88445e+00
2.44476e+03	2.82498e+00
2.51189e+03	2.76662e+00
2.58086e+03	2.70934e+00
2.65173e+03	2.65314e+00
2.72455e+03	2.59800e+00
2.79936e+03	2.54389e+00
2.87623e+03	2.49082e+00
2.95521e+03	2.43875e+00
3.03636e+03	2.38768e+00
3.11974e+03	2.33758e+00
3.20540e+03	2.28845e+00
3.29342e+03	2.24027e+00
3.38386e+03	2.19302e+00
3.47677e+03	2.14668e+00
3.57224e+03	2.10125e+00
3.67034e+03	2.05671e+00
3.77112e+03	2.01304e+00
3.87468e+03	1.97022e+00
3.98107e+03	1.92825e+00
4.09039e+03	1.88712e+00
4.20271e+03	1.84679e+00
4.31811e+03	1.80727e+00
4.43669e+03	1.76853e+00
4.55852e+03	1.73057e+00
4.68369e+03	1.69337e+00
4.81230e+03	1.65692e+00
4.94445e+03	1.62120e+00
5.08022e+03	1.58620e+00
5.21972e+03	1.55191e+00
5.36305e+03	1.51832e+00
5.51032e+03	1.48540e+00
5.66163e+03	1.45316e+00
5.81709e+03	1.42158e+00
5.97683e+03	1.39064e+00
6.14095e+03	1.36034e+00
6.30957e+03	1.33066e+00
6.48283e+03	1.30160e+00
6.66085e+03	1.27313e+00
6.84375e+03	1.24525e+00
7.03168e+03	1.21795e+00
7.22476e+03	1.19122e+00
7.42315e+03	1.16504e+00
7.62699e+03	1.13941e+00
7.83642e+03	1.11431e+00
8.05160e+03	1.08974e+00
8.27270e+03	1.06568e+00
8.49986e+03	1.04214e+00
8.73326e+03	1.01908e+00
8.97307e+03	9.96511e-01
9.21947e+03	9.74418e-01
9.47263e+03	9.52793e-01
9.73274e+03	9.31625e-01
1.00000e+04	9.10907e-01
