# NCSH cross section
256
1.00000e+01	0.00000e+00
1.02746e+01	0.00000e+00
1.05567e+01	3.70584e-01
1.08466e+01	7.67585e-01
1.11445e+01	1.06953e+00
1.14505e+01	1.36462e+00
1.17649e+01	1.76141e+00
1.20880e+01	2.23533e+00
1.24199e+01	2.76287e+00
1.27609e+01	3.32679e+00
1.31113e+01	3.91464e+00
1.34714e+01	4.51752e+00
1.38413e+01	5.19983e+00
1.42214e+01	5.91188e+00
1.46119e+01	6.70192e+00
1.50131e+01	7.77628e+00
1.54254e+01	8.75045e+00
1.58489e+01	9.64673e+00
1.62841e+01	1.04831e+01
1.67313e+01	1.12740e+01
1.71907e+01	1.20307e+01
1.76628e+01	1.27620e+01
1.81478e+01	1.34746e+01
1.86461e+01	1.41733e+01
1.91581e+01	1.48618e+01
1.96842e+01	1.55423e+01
2.02247e+01	1.62161e+01
2.07801e+01	1.68838e+01
2.13507e+01	1.75454e+01
2.19370e+01	1.82003e+01
2.25393e+01	1.88478e+01
2.31583e+01	1.94866e+01
2.37942e+01	2.01156e+01
2.44475e+01	2.07333e+01
2.51189e+01	2.13384e+01
2.58086e+01	2.19295e+01
2.65173e+01	2.25053e+01
2.72455e+01	2.30644e+01
2.79936e+01	2.36058e+01
2.87623e+01	2.41283e+01
2.95521e+01	2.46312e+01
3.03636e+01	2.51136e+01
3.11974e+01	2.55748e+01
3.20540e+01	2.60143e+01
3.29342e+01	2.64317e+01
3.38385e+01	2.68268e+01
3.47677e+01	2.71993e+01
3.57225e+01	2.75492e+01
3.67034e+01	2.78764e+01
3.77112e+01	2.81812e+01
3.87467e+01	2.84636e+01
3.98107e+01	2.87239e+01
4.09039e+01	2.89624e+01
4.20271e+01	2.91795e+01
4.31811e+01	2.93755e+01
4.43669e+01	2.95509e+01
4.55852e+01	2.97062e+01
4.68369e+01	2.98418e+01
4.81230e+01	2.99582e+01
4.94445e+01	3.00561e+01
5.08022e+01	3.01359e+01
5.21972e+01	3.01982e+01
5.36305e+01	3.02436e+01
5.51032e+01	3.02725e+01
5.66163e+01	3.02856e+01
5.81709e+01	3.02834e+01
5.97683e+01	3.02665e+01
6.14095e+01	3.02355e+01
6.30957e+01	3.01907e+01
6.48283e+01	3.01329e+01
6.66085e+01	3.00625e+01
6.84375e+01	2.99800e+01
7.03168e+01	2.98860e+01
7.22476e+01	2.97808e+01
7.42315e+01	2.96651e+01
7.62699e+01	2.95392e+01
7.83642e+01	2.94037e+01
8.05160e+01	2.92590e+01
8.27270e+01	2.91054e+01
8.49986e+01	2.89435e+01
8.73326e+01	2.87736e+01
8.97307e+01	2.85961e+01
9.21947e+01	2.84115e+01
9.47263e+01	2.82200e+01
9.73274e+01	2.80221e+01
1.00000e+02	2.78180e+01
1.02746e+02	2.76083e+01
1.05567e+02	2.73930e+01
1.08466e+02	2.71727e+01
1.11445e+02	2.69475e+01
1.14505e+02	2.67179e+01
1.17649e+02	2.64840e+01
1.20880e+02	2.62462e+01
1.24199e+02	2.60047e+01
1.27609e+02	2.57598e+01
1.31113e+02	2.55118e+01
1.34714e+02	2.52608e+01
1.38413e+02	2.50072e+01
1.42214e+02	2.47511e+01
1.46119e+02	2.44928e+01
1.50131e+02	2.42325e+01
1.54254e+02	2.39705e+01
1.58489e+02	2.37068e+01
1.62841e+02	2.34417e+01
1.67313e+02	2.31754e+01
1.71907e+02	2.29080e+01
1.76628e+02	2.26398e+01
1.81478e+02	2.23709e+01
1.86461e+02	2.21015e+01
1.91581e+02	2.18317e+01
1.96842e+02	2.15617e+01
2.02247e+02	2.12916e+01
2.07801e+02	2.10215e+01
2.13507e+02	2.07517e+01
2.19370e+02	2.04821e+01
2.25393e+02	2.02131e+01
2.31583e+02	1.99446e+01
2.37942e+02	1.96768e+01
2.44476e+02	1.94098e+01
2.51189e+02	1.91437e+01
2.58086e+02	1.88786e+01
2.65173e+02	1.86146e+01
2.72455e+02	1.83518e+01
2.79936e+02	1.80903e+01
2.87623e+02	1.78302e+01
2.95521e+02	1.75716e+01
3.03636e+02	1.73144e+01
3.11974e+02	1.70589e+01
3.20540e+02	1.68051e+01
3.29342e+02	1.65530e+01
3.38385e+02	1.63027e+01
3.47677e+02	1.60543e+01
3.57224e+02	1.58078e+01
3.67034e+02	1.55633e+01
3.77112e+02	1.53209e+01
3.87467e+02	1.50805e+01
3.98107e+02	1.48422e+01
4.09039e+02	1.46061e+01
4.20271e+02	1.43722e+01
4.31811e+02	1.41405e+01
4.43669e+02	1.39111e+01
4.55852e+02	1.36840e+01
4.68369e+02	1.34593e+01
4.81230e+02	1.32369e+01
4.94445e+02	1.30169e+01
5.08022e+02	1.27992e+01
5.21972e+02	1.25840e+01
5.36305e+02	1.23713e+01
5.51032e+02	1.21610e+01
5.66163e+02	1.19532e+01
5.81709e+02	1.17478e+01
5.97683e+02	1.15450e+01
6.14095e+02	1.13446e+01
6.30957e+02	1.11467e+01
6.48283e+02	1.09514e+01
6.66085e+02	1.07585e+01
6.84375e+02	1.05682e+01
7.03168e+02	1.03803e+01
7.22476e+02	1.01950e+01
7.42315e+02	1.00122e+01
7.62699e+02	9.83183e+00
7.83642e+02	9.65398e+00
8.05160e+02	9.47862e+00
8.27270e+02	9.30574e+00
8.49986e+02	9.13532e+00
8.73326e+02	8.96735e+00
8.97307e+02	8.80184e+00
9.21947e+02	8.63875e+00
9.47263e+02	8.47808e+00
9.73274e+02	8.31981e+00
1.00000e+03	8.16394e+00
1.02746e+03	8.01043e+00
1.05567e+03	7.85929e+00
1.08466e+03	7.71048e+00
1.11444e+03	7.56399e+00
1.14505e+03	7.41981e+00
1.17649e+03	7.27791e+00
1.20880e+03	7.13828e+00
1.24199e+03	7.00089e+00
1.27609e+03	6.86572e+00
1.31113e+03	6.73276e+00
1.34714e+03	6.60198e+00
1.38413e+03	6.47336e+00
1.42214e+03	6.34688e+00
1.46119e+03	6.22251e+00
1.50131e+03	6.10023e+00
1.54254e+03	5.98003e+00
1.58489e+03	5.86187e+00
1.62841e+03	5.74573e+00
1.67313e+03	5.63159e+00
1.71907e+03	5.51943e+00
1.76628e+03	5.40923e+00
1.81478e+03	5.30095e+00
1.86461e+03	5.19457e+00
1.91581e+03	5.09007e+00
1.96842e+03	4.98743e+00
2.02247e+03	4.88662e+00
2.07801e+03	4.78762e+00
2.13507e+03	4.69040e+00
2.19370e+03	4.59494e+00
2.25393e+03	4.50122e+00
2.31583e+03	4.40920e+00
2.37942e+03	4.31888e+00
2.44476e+03	4.23021e+00
2.51189e+03	4.14318e+00
2.58086e+03	4.05777e+00
2.65173e+03	3.97395e+00
2.72455e+03	3.89169e+00
2.79936e+03	3.81098e+00
2.87623e+03	3.73179e+00
2.95521e+03	3.65410e+00
3.03636e+03	3.57788e+00
3.11974e+03	3.50311e+00
3.20540e+03	3.42977e+00
3.29342e+03	3.35783e+00
3.38386e+03	3.28728e+00
3.47677e+03	3.21809e+00
3.57224e+03	3.15024e+00
3.67034e+03	3.08371e+00
3.77112e+03	3.01847e+00
3.87468e+03	2.95450e+00
3.98107e+03	2.89179e+00
4.09039e+03	2.83031e+00
4.20271e+03	2.77005e+00
4.31811e+03	2.71097e+00
4.43669e+03	2.65306e+00
4.55852e+03	2.59631e+00
4.68369e+03	2.54068e+00
4.81230e+03	2.48617e+00
4.94445e+03	2.43275e+00
5.08022e+03	2.38040e+00
5.21972e+03	2.32910e+00
5.36305e+03	2.27884e+00
5.51032e+03	2.22959e+00
5.66163e+03	2.18134e+00
5.81709e+03	2.13408e+00
5.97683e+03	2.08777e+00
6.14095e+03	2.04241e+00
6.30957e+03	1.99798e+00
6.48283e+03	1.95446e+00
6.66085e+03	1.91183e+00
6.84375e+03	1.87008e+00
7.03168e+03	1.82919e+00
7.22476e+03	1.78915e+00
7.42315e+03	1.74993e+00
7.62699e+03	1.71153e+00
7.83642e+03	1.67393e+00
8.05160e+03	1.63712e+00
8.27270e+03	1.60106e+00
8.49986e+03	1.56577e+00
8.73326e+03	1.53121e+00
8.97307e+03	1.49738e+00
9.21947e+03	1.46426e+00
9.47263e+03	1.43184e+00
9.73274e+03	1.40010e+00
1.00000e+04	1.36904e+00
