# NH cross section
256
1.00000e+01	0.00000e+00
1.04618e+01	0.00000e+00
1.09450e+01	0.00000e+00
1.14505e+01	0.00000e+00
1.19793e+01	0.00000e+00
1.25325e+01	0.00000e+00
1.31113e+01	0.00000e+00
1.37169e+01	3.98012e-02
1.43504e+01	2.21539e-01
1.50131e+01	8.53595e-01
1.57065e+01	1.44899e+00
1.64318e+01	1.87904e+00
1.71907e+01	2.21544e+00
1.79846e+01	2.50585e+00
1.88152e+01	2.78063e+00
1.96842e+01	3.05778e+00
2.05933e+01	3.34667e+00
2.15444e+01	3.65077e+00
2.25393e+01	3.96968e+00
2.35803e+01	4.30062e+00
2.46693e+01	4.63953e+00
2.58086e+01	4.98179e+00
2.70006e+01	5.32274e+00
2.82475e+01	5.65800e+00
2.95521e+01	5.98368e+00
3.09169e+01	6.29644e+00
3.23448e+01	6.59355e+00
3.38385e+01	6.87287e+00
3.54013e+01	7.13280e+00
3.70363e+01	7.37225e+00
3.87467e+01	7.59054e+00
4.05362e+01	7.78737e+00
4.24083e+01	7.96274e+00
4.43669e+01	8.11692e+00
4.64159e+01	8.25036e+00
4.85595e+01	8.36368e+00
5.08022e+01	8.45760e+00
5.31484e+01	8.53296e+00
5.56030e+01	8.59064e+00
5.81709e+01	8.63155e+00
6.08575e+01	8.65663e+00
6.36681e+01	8.66682e+00
6.66085e+01	8.66306e+00
6.96847e+01	8.64627e+00
7.29030e+01	8.61734e+00
7.62699e+01	8.57714e+00
7.97923e+01	8.52652e+00
8.34773e+01	8.46627e+00
8.73326e+01	8.39716e+00
9.13659e+01	8.31993e+00
9.55855e+01	8.23528e+00
1.00000e+02	8.14387e+00
1.04618e+02	8.04633e+00
1.09450e+02	7.94324e+00
1.14505e+02	7.83518e+00
1.19793e+02	7.72266e+00
1.25325e+02	7.60620e+00
1.31113e+02	7.48625e+00
1.37169e+02	7.36326e+00
1.43504e+02	7.23764e+00
1.50131e+02	7.10978e+00
1.57065e+02	6.98006e+00
1.64318e+02	6.84879e+00
1.71907e+02	6.71631e+00
1.79846e+02	6.58292e+00
1.88152e+02	6.44889e+00
1.96842e+02	6.31449e+00
2.05933e+02	6.17995e+00
2.15444e+02	6.04549e+00
2.25393e+02	5.91134e+00
2.35803e+02	5.77768e+00
2.46693e+02	5.64468e+00
2.58086e+02	5.51253e+00
2.70005e+02	5.38136e+00
2.82475e+02	5.25131e+00
2.95521e+02	5.12252e+00
3.09169e+02	4.99510e+00
3.23448e+02	4.86915e+00
3.38385e+02	4.74478e+00
3.54013e+02	4.62206e+00
3.70363e+02	4.50108e+00
3.87467e+02	4.38190e+00
4.05362e+02	4.26459e+00
4.24083e+02	4.14920e+00
4.43669e+02	4.03578e+00
4.64159e+02	3.92436e+00
4.85595e+02	3.81498e+00
5.08022e+02	3.70766e+00
5.31484e+02	3.60244e+00
5.56030e+02	3.49932e+00
5.81709e+02	3.39832e+00
6.08574e+02	3.29945e+00
6.36681e+02	3.20271e+00
6.66085e+02	3.10810e+00
6.96847e+02	3.01561e+00
7.29029e+02	2.92525e+00
7.62699e+02	2.83699e+00
7.97923e+02	2.75083e+00
8.34773e+02	2.66676e+00
8.73326e+02	2.58474e+00
9.13659e+02	2.50477e+00
9.55855e+02	2.42682e+00
1.00000e+03	2.35086e+00
1.04618e+03	2.27688e+00
1.09450e+03	2.20484e+00
1.14505e+03	2.13472e+00
1.19793e+03	2.06648e+00
1.25325e+03	2.00010e+00
1.31113e+03	1.93555e+00
1.37169e+03	1.87279e+00
1.43504e+03	1.81179e+00
1.50131e+03	1.75251e+00
1.57065e+03	1.69493e+00
1.64318e+03	1.63901e+00
1.71907e+03	1.58472e+00
1.79846e+03	1.53201e+00
1.88152e+03	1.48087e+00
1.96842e+03	1.43124e+00
2.05933e+03	1.38310e+00
2.15443e+03	1.33641e+00
2.25393e+03	1.29115e+00
2.35803e+03	1.24727e+00
2.46693e+03	1.20473e+00
2.58086e+03	1.16352e+00
2.70005e+03	1.12359e+00
2.82475e+03	1.08492e+00
2.95521e+03	1.04746e+00
3.09169e+03	1.01119e+00
3.23448e+03	9.76070e-01
3.38386e+03	9.42078e-01
3.54013e+03	9.09181e-01
3.70363e+03	8.77347e-01
3.87468e+03	8.46548e-01
4.05362e+03	8.16754e-01
4.24083e+03	7.87936e-01
4.43669e+03	7.60067e-01
4.64159e+03	7.33120e-01
4.85595e+03	7.07067e-01
5.08022e+03	6.81882e-01
5.31484e+03	6.57540e-01
5.56030e+03	6.34015e-01
5.81709e+03	6.11283e-01
6.08574e+03	5.89320e-01
6.36681e+03	5.68102e-01
6.66085e+03	5.47607e-01
6.96847e+03	5.27812e-01
7.29030e+03	5.08696e-01
7.62699e+03	4.90237e-01
7.97923e+03	4.72414e-01
8.34773e+03	4.55208e-01
8.73326e+03	4.38599e-01
9.13659e+03	4.22567e-01
9.55855e+03	4.07095e-01
1.00000e+04	3.92165e-01
1.04618e+04	3.77758e-01
1.09450e+04	3.63857e-01
1.14505e+04	3.50446e-01
1.19793e+04	3.37510e-01
1.25325e+04	3.25032e-01
1.31113e+04	3.12996e-01
1.37169e+04	3.01390e-01
1.43504e+04	2.90197e-01
1.50131e+04	2.79404e-01
1.57065e+04	2.68998e-01
1.64318e+04	2.58966e-01
1.71907e+04	2.49295e-01
1.79847e+04	2.39972e-01
1.88152e+04	2.30986e-01
1.96842e+04	2.22325e-01
2.05933e+04	2.13979e-01
2.15443e+04	2.05935e-01
2.25393e+04	1.98185e-01
2.35803e+04	1.90717e-01
2.46693e+04	1.83522e-01
2.58086e+04	1.76590e-01
2.70005e+04	1.69912e-01
2.82475e+04	1.63479e-01
2.95521e+04	1.57283e-01
3.09169e+04	1.51315e-01
3.23448e+04	1.45568e-01
3.38386e+04	1.40032e-01
3.54013e+04	1.34702e-01
3.70363e+04	1.29569e-01
3.87468e+04	1.24627e-01
4.05362e+04	1.19868e-01
4.24083e+04	1.15287e-01
4.43669e+04	1.10876e-01
4.64159e+04	1.06630e-01
4.85595e+04	1.02542e-01
5.08022e+04	9.86079e-02
5.31484e+04	9.48210e-02
5.56030e+04	9.11761e-02
5.81709e+04	8.76681e-02
6.08574e+04	8.42922e-02
6.36681e+04	8.10433e-02
6.66085e+04	7.79170e-02
6.96847e+04	7.49087e-02
7.29029e+04	7.20141e-02
7.62699e+04	6.92290e-02
7.97923e+04	6.65495e-02
8.34773e+04	6.39715e-02
8.73326e+04	6.14915e-02
9.13659e+04	5.91057e-02
9.55855e+04	5.68106e-02
1.00000e+05	5.46030e-02
1.04618e+05	5.24795e-02
1.09450e+05	5.04371e-02
1.14505e+05	4.84728e-02
1.19793e+05	4.65835e-02
1.25325e+05	4.47665e-02
1.31113e+05	4.30192e-02
1.37169e+05	4.13389e-02
1.43504e+05	3.97231e-02
1.50131e+05	3.81693e-02
1.57065e+05	3.66754e-02
1.64318e+05	3.52389e-02
1.71907e+05	3.38577e-02
1.79846e+05	3.25299e-02
1.88152e+05	3.12532e-02
1.96842e+05	3.00259e-02
2.05933e+05	2.88460e-02
2.15444e+05	2.77118e-02
2.25393e+05	2.66215e-02
2.35803e+05	2.55734e-02
2.46693e+05	2.45660e-02
2.58086e+05	2.35977e-02
2.70006e+05	2.26670e-02
2.82475e+05	2.17725e-02
2.95521e+05	2.09128e-02
3.09169e+05	2.00865e-02
3.23448e+05	1.92925e-02
3.38386e+05	1.85294e-02
3.54013e+05	1.77960e-02
3.70363e+05	1.70913e-02
3.87468e+05	1.64142e-02
4.05362e+05	1.57635e-02
4.24083e+05	1.51383e-02
4.43669e+05	1.45375e-02
4.64159e+05	1.39603e-02
4.85595e+05	1.34057e-02
5.08022e+05	1.28729e-02
5.31484e+05	1.23610e-02
5.56030e+05	1.18692e-02
5.81709e+05	1.13967e-02
6.08574e+05	1.09428e-02
6.36680e+05	1.05068e-02
6.66085e+05	1.00880e-02
6.96847e+05	9.68560e-03
7.29030e+05	9.29912e-03
7.62699e+05	8.92788e-03
7.97923e+05	8.57129e-03
8.34773e+05	8.22879e-03
8.73326e+05	7.89982e-03
9.13659e+05	7.58386e-03
9.55855e+05	7.28040e-03
1.00000e+06	6.98896e-03
