# NH2 cross section
256
1.00000e+01	0.00000e+00
1.04618e+01	0.00000e+00
1.09450e+01	0.00000e+00
1.14505e+01	0.00000e+00
1.19793e+01	0.00000e+00
1.25325e+01	0.00000e+00
1.31113e+01	0.00000e+00
1.37169e+01	7.95887e-02
1.43504e+01	4.42652e-01
1.50131e+01	1.22015e+00
1.57065e+01	1.94199e+00
1.64318e+01	2.49145e+00
1.71907e+01	2.94463e+00
1.79846e+01	3.35066e+00
1.88152e+01	3.73979e+00
1.96842e+01	4.12912e+00
2.05933e+01	4.52672e+00
2.15444e+01	4.93464e+00
2.25393e+01	5.35117e+00
2.35803e+01	5.77241e+00
2.46693e+01	6.19340e+00
2.58086e+01	6.60893e+00
2.70006e+01	7.01402e+00
2.82475e+01	7.40420e+00
2.95521e+01	7.77573e+00
3.09169e+01	8.12560e+00
3.23448e+01	8.45153e+00
3.38385e+01	8.75193e+00
3.54013e+01	9.02584e+00
3.70363e+01	9.27281e+00
3.87467e+01	9.49282e+00
4.05362e+01	9.68624e+00
4.24083e+01	9.85371e+00
4.43669e+01	9.99607e+00
4.64159e+01	1.01143e+01
4.85595e+01	1.02096e+01
5.08022e+01	1.02832e+01
5.31484e+01	1.03362e+01
5.56030e+01	1.03699e+01
5.81709e+01	1.03856e+01
6.08575e+01	1.03844e+01
6.36681e+01	1.03676e+01
6.66085e+01	1.03362e+01
6.96847e+01	1.02915e+01
7.29030e+01	1.02344e+01
7.62699e+01	1.01659e+01
7.97923e+01	1.00869e+01
8.34773e+01	9.99844e+00
8.73326e+01	9.90122e+00
9.13659e+01	9.79605e+00
9.55855e+01	9.68369e+00
1.00000e+02	9.56481e+00
1.04618e+02	9.44007e+00
1.09450e+02	9.31008e+00
1.14505e+02	9.17541e+00
1.19793e+02	9.03659e+00
1.25325e+02	8.89413e+00
1.31113e+02	8.74849e+00
1.37169e+02	8.60010e+00
1.43504e+02	8.44940e+00
1.50131e+02	8.29674e+00
1.57065e+02	8.14251e+00
1.64318e+02	7.98703e+00
1.71907e+02	7.83063e+00
1.79846e+02	7.67358e+00
1.88152e+02	7.51618e+00
1.96842e+02	7.35867e+00
2.05933e+02	7.20130e+00
2.15444e+02	7.04429e+00
2.25393e+02	6.88785e+00
2.35803e+02	6.73217e+00
2.46693e+02	6.57742e+00
2.58086e+02	6.42378e+00
2.70005e+02	6.27140e+00
2.82475e+02	6.12042e+00
2.95521e+02	5.97096e+00
3.09169e+02	5.82315e+00
3.23448e+02	5.67709e+00
3.38385e+02	5.53289e+00
3.54013e+02	5.39062e+00
3.70363e+02	5.25038e+00
3.87467e+02	5.11224e+00
4.05362e+02	4.97625e+00
4.24083e+02	4.84248e+00
4.43669e+02	4.71097e+00
4.64159e+02	4.58176e+00
4.85595e+02	4.45490e+00
5.08022e+02	4.33041e+00
5.31484e+02	4.20831e+00
5.56030e+02	4.08863e+00
5.81709e+02	3.97137e+00
6.08574e+02	3.85656e+00
6.36681e+02	3.74418e+00
6.66085e+02	3.63424e+00
6.96847e+02	3.52675e+00
7.29029e+02	3.42168e+00
7.62699e+02	3.31903e+00
7.97923e+02	3.21879e+00
8.34773e+02	3.12094e+00
8.73326e+02	3.02546e+00
9.13659e+02	2.93233e+00
9.55855e+02	2.84152e+00
1.00000e+03	2.75301e+00
1.04618e+03	2.66677e+00
1.09450e+03	2.58277e+00
1.14505e+03	2.50098e+00
1.19793e+03	2.42136e+00
1.25325e+03	2.34389e+00
1.31113e+03	2.26853e+00
1.37169e+03	2.19524e+00
1.43504e+03	2.12399e+00
1.50131e+03	2.05473e+00
1.57065e+03	1.98744e+00
1.64318e+03	1.92207e+00
1.71907e+03	1.85858e+00
1.79846e+03	1.79694e+00
1.88152e+03	1.73710e+00
1.96842e+03	1.67904e+00
2.05933e+03	1.62270e+00
2.15443e+03	1.56805e+00
2.25393e+03	1.51505e+00
2.35803e+03	1.46366e+00
2.46693e+03	1.41384e+00
2.58086e+03	1.36556e+00
2.70005e+03	1.31878e+00
2.82475e+03	1.27345e+00
2.95521e+03	1.22955e+00
3.09169e+03	1.18702e+00
3.23448e+03	1.14585e+00
3.38386e+03	1.10600e+00
3.54013e+03	1.06742e+00
3.70363e+03	1.03008e+00
3.87468e+03	9.93948e-01
4.05362e+03	9.58994e-01
4.24083e+03	9.25181e-01
4.43669e+03	8.92479e-01
4.64159e+03	8.60855e-01
4.85595e+03	8.30277e-01
5.08022e+03	8.00716e-01
5.31484e+03	7.72142e-01
5.56030e+03	7.44525e-01
5.81709e+03	7.17836e-01
6.08574e+03	6.92049e-01
6.36681e+03	6.67135e-01
6.66085e+03	6.43069e-01
6.96847e+03	6.19823e-01
7.29030e+03	5.97373e-01
7.62699e+03	5.75694e-01
7.97923e+03	5.54761e-01
8.34773e+03	5.34552e-01
8.73326e+03	5.15043e-01
9.13659e+03	4.96213e-01
9.55855e+03	4.78038e-01
1.00000e+04	4.60499e-01
1.04618e+04	4.43575e-01
1.09450e+04	4.27246e-01
1.14505e+04	4.11492e-01
1.19793e+04	3.96294e-01
1.25325e+04	3.81635e-01
1.31113e+04	3.67497e-01
1.37169e+04	3.53861e-01
1.43504e+04	3.40712e-01
1.50131e+04	3.28033e-01
1.57065e+04	3.15808e-01
1.64318e+04	3.04022e-01
1.71907e+04	2.92660e-01
1.79847e+04	2.81708e-01
1.88152e+04	2.71152e-01
1.96842e+04	2.60977e-01
2.05933e+04	2.51172e-01
2.15443e+04	2.41724e-01
2.25393e+04	2.32619e-01
2.35803e+04	2.23847e-01
2.46693e+04	2.15395e-01
2.58086e+04	2.07252e-01
2.70005e+04	1.99408e-01
2.82475e+04	1.91853e-01
2.95521e+04	1.84575e-01
3.09169e+04	1.77566e-01
3.23448e+04	1.70815e-01
3.38386e+04	1.64314e-01
3.54013e+04	1.58054e-01
3.70363e+04	1.52026e-01
3.87468e+04	1.46222e-01
4.05362e+04	1.40634e-01
4.24083e+04	1.35254e-01
4.43669e+04	1.30074e-01
4.64159e+04	1.25089e-01
4.85595e+04	1.20289e-01
5.08022e+04	1.15670e-01
5.31484e+04	1.11223e-01
5.56030e+04	1.06944e-01
5.81709e+04	1.02826e-01
6.08574e+04	9.88625e-02
6.36681e+04	9.50486e-02
6.66085e+04	9.13786e-02
6.96847e+04	8.78474e-02
7.29029e+04	8.44497e-02
7.62699e+04	8.11807e-02
7.97923e+04	7.80357e-02
8.34773e+04	7.50101e-02
8.73326e+04	7.20994e-02
9.13659e+04	6.92995e-02
9.55855e+04	6.66062e-02
1.00000e+05	6.40156e-02
1.04618e+05	6.15239e-02
1.09450e+05	5.91273e-02
1.14505e+05	5.68224e-02
1.19793e+05	5.46057e-02
1.25325e+05	5.24740e-02
1.31113e+05	5.04240e-02
1.37169e+05	4.84527e-02
1.43504e+05	4.65572e-02
1.50131e+05	4.47346e-02
1.57065e+05	4.29821e-02
1.64318e+05	4.12971e-02
1.71907e+05	3.96772e-02
1.79846e+05	3.81197e-02
1.88152e+05	3.66225e-02
1.96842e+05	3.51831e-02
2.05933e+05	3.37994e-02
2.15444e+05	3.24692e-02
2.25393e+05	3.11907e-02
2.35803e+05	2.99617e-02
2.46693e+05	2.87805e-02
2.58086e+05	2.76451e-02
2.70006e+05	2.65539e-02
2.82475e+05	2.55051e-02
2.95521e+05	2.44972e-02
3.09169e+05	2.35286e-02
3.23448e+05	2.25977e-02
3.38386e+05	2.17032e-02
3.54013e+05	2.08435e-02
3.70363e+05	2.00175e-02
3.87468e+05	1.92238e-02
4.05362e+05	1.84612e-02
4.24083e+05	1.77284e-02
4.43669e+05	1.70243e-02
4.64159e+05	1.63479e-02
4.85595e+05	1.56979e-02
5.08022e+05	1.50735e-02
5.31484e+05	1.44737e-02
5.56030e+05	1.38974e-02
5.81709e+05	1.33438e-02
6.08574e+05	1.28120e-02
6.36680e+05	1.23011e-02
6.66085e+05	1.18104e-02
6.96847e+05	1.13390e-02
7.29030e+05	1.08862e-02
7.62699e+05	1.04513e-02
7.97923e+05	1.00336e-02
8.34773e+05	9.63236e-03
8.73326e+05	9.24702e-03
9.13659e+05	8.87693e-03
9.55855e+05	8.52149e-03
1.00000e+06	8.18013e-03
