# NH2CHS cross section
256
1.00000e+01	0.00000e+00
1.02746e+01	0.00000e+00
1.05567e+01	3.70584e-01
1.08466e+01	7.67585e-01
1.11445e+01	1.06953e+00
1.14505e+01	1.36448e+00
1.17649e+01	1.76101e+00
1.20880e+01	2.23463e+00
1.24199e+01	2.76178e+00
1.27609e+01	3.32525e+00
1.31113e+01	3.91255e+00
1.34714e+01	4.51476e+00
1.38413e+01	5.35608e+00
1.42214e+01	6.28360e+00
1.46119e+01	7.26142e+00
1.50131e+01	8.49678e+00
1.54254e+01	9.61971e+00
1.58489e+01	1.06579e+01
1.62841e+01	1.16326e+01
1.67313e+01	1.25603e+01
1.71907e+01	1.34534e+01
1.76628e+01	1.43209e+01
1.81478e+01	1.51694e+01
1.86461e+01	1.60035e+01
1.91581e+01	1.68260e+01
1.96842e+01	1.76384e+01
2.02247e+01	1.84413e+01
2.07801e+01	1.92345e+01
2.13507e+01	2.00170e+01
2.19370e+01	2.07877e+01
2.25393e+01	2.15450e+01
2.31583e+01	2.22871e+01
2.37942e+01	2.30124e+01
2.44475e+01	2.37190e+01
2.51189e+01	2.44054e+01
2.58086e+01	2.50699e+01
2.65173e+01	2.57112e+01
2.72455e+01	2.63281e+01
2.79936e+01	2.69194e+01
2.87623e+01	2.74845e+01
2.95521e+01	2.80226e+01
3.03636e+01	2.85332e+01
3.11974e+01	2.90161e+01
3.20540e+01	2.94711e+01
3.29342e+01	2.98982e+01
3.38385e+01	3.02977e+01
3.47677e+01	3.06696e+01
3.57225e+01	3.10145e+01
3.67034e+01	3.13326e+01
3.77112e+01	3.16246e+01
3.87467e+01	3.18911e+01
3.98107e+01	3.21326e+01
4.09039e+01	3.23498e+01
4.20271e+01	3.25434e+01
4.31811e+01	3.27141e+01
4.43669e+01	3.28627e+01
4.55852e+01	3.29898e+01
4.68369e+01	3.30962e+01
4.81230e+01	3.31826e+01
4.94445e+01	3.32497e+01
5.08022e+01	3.32984e+01
5.21972e+01	3.33291e+01
5.36305e+01	3.33428e+01
5.51032e+01	3.33399e+01
5.66163e+01	3.33212e+01
5.81709e+01	3.32873e+01
5.97683e+01	3.32389e+01
6.14095e+01	3.31765e+01
6.30957e+01	3.31007e+01
6.48283e+01	3.30122e+01
6.66085e+01	3.29113e+01
6.84375e+01	3.27988e+01
7.03168e+01	3.26750e+01
7.22476e+01	3.25406e+01
7.42315e+01	3.23959e+01
7.62699e+01	3.22415e+01
7.83642e+01	3.20777e+01
8.05160e+01	3.19051e+01
8.27270e+01	3.17241e+01
8.49986e+01	3.15350e+01
8.73326e+01	3.13384e+01
8.97307e+01	3.11344e+01
9.21947e+01	3.09236e+01
9.47263e+01	3.07063e+01
9.73274e+01	3.04828e+01
1.00000e+02	3.02535e+01
1.02746e+02	3.00186e+01
1.05567e+02	2.97786e+01
1.08466e+02	2.95337e+01
1.11445e+02	2.92842e+01
1.14505e+02	2.90303e+01
1.17649e+02	2.87725e+01
1.20880e+02	2.85109e+01
1.24199e+02	2.82458e+01
1.27609e+02	2.79775e+01
1.31113e+02	2.77061e+01
1.34714e+02	2.74320e+01
1.38413e+02	2.71553e+01
1.42214e+02	2.68764e+01
1.46119e+02	2.65953e+01
1.50131e+02	2.63124e+01
1.54254e+02	2.60278e+01
1.58489e+02	2.57416e+01
1.62841e+02	2.54542e+01
1.67313e+02	2.51657e+01
1.71907e+02	2.48762e+01
1.76628e+02	2.45859e+01
1.81478e+02	2.42951e+01
1.86461e+02	2.40038e+01
1.91581e+02	2.37122e+01
1.96842e+02	2.34204e+01
2.02247e+02	2.31287e+01
2.07801e+02	2.28372e+01
2.13507e+02	2.25459e+01
2.19370e+02	2.22550e+01
2.25393e+02	2.19646e+01
2.31583e+02	2.16750e+01
2.37942e+02	2.13861e+01
2.44476e+02	2.10981e+01
2.51189e+02	2.08110e+01
2.58086e+02	2.05251e+01
2.65173e+02	2.02404e+01
2.72455e+02	1.99570e+01
2.79936e+02	1.96749e+01
2.87623e+02	1.93944e+01
2.95521e+02	1.91154e+01
3.03636e+02	1.88380e+01
3.11974e+02	1.85623e+01
3.20540e+02	1.82885e+01
3.29342e+02	1.80165e+01
3.38385e+02	1.77464e+01
3.47677e+02	1.74783e+01
3.57224e+02	1.72122e+01
3.67034e+02	1.69483e+01
3.77112e+02	1.66865e+01
3.87467e+02	1.64268e+01
3.98107e+02	1.61695e+01
4.09039e+02	1.59144e+01
4.20271e+02	1.56617e+01
4.31811e+02	1.54114e+01
4.43669e+02	1.51634e+01
4.55852e+02	1.49179e+01
4.68369e+02	1.46749e+01
4.81230e+02	1.44344e+01
4.94445e+02	1.41964e+01
5.08022e+02	1.39609e+01
5.21972e+02	1.37280e+01
5.36305e+02	1.34978e+01
5.51032e+02	1.32701e+01
5.66163e+02	1.30450e+01
5.81709e+02	1.28226e+01
5.97683e+02	1.26029e+01
6.14095e+02	1.23857e+01
6.30957e+02	1.21713e+01
6.48283e+02	1.19595e+01
6.66085e+02	1.17504e+01
6.84375e+02	1.15440e+01
7.03168e+02	1.13402e+01
7.22476e+02	1.11391e+01
7.42315e+02	1.09407e+01
7.62699e+02	1.07449e+01
7.83642e+02	1.05518e+01
8.05160e+02	1.03614e+01
8.27270e+02	1.01736e+01
8.49986e+02	9.98847e+00
8.73326e+02	9.80596e+00
8.97307e+02	9.62605e+00
9.21947e+02	9.44876e+00
9.47263e+02	9.27405e+00
9.73274e+02	9.10193e+00
1.00000e+03	8.93236e+00
1.02746e+03	8.76535e+00
1.05567e+03	8.60086e+00
1.08466e+03	8.43889e+00
1.11444e+03	8.27942e+00
1.14505e+03	8.12242e+00
1.17649e+03	7.96787e+00
1.20880e+03	7.81577e+00
1.24199e+03	7.66608e+00
1.27609e+03	7.51878e+00
1.31113e+03	7.37386e+00
1.34714e+03	7.23129e+00
1.38413e+03	7.09105e+00
1.42214e+03	6.95312e+00
1.46119e+03	6.81746e+00
1.50131e+03	6.68407e+00
1.54254e+03	6.55291e+00
1.58489e+03	6.42397e+00
1.62841e+03	6.29721e+00
1.67313e+03	6.17261e+00
1.71907e+03	6.05015e+00
1.76628e+03	5.92980e+00
1.81478e+03	5.81154e+00
1.86461e+03	5.69534e+00
1.91581e+03	5.58118e+00
1.96842e+03	5.46902e+00
2.02247e+03	5.35885e+00
2.07801e+03	5.25064e+00
2.13507e+03	5.14437e+00
2.19370e+03	5.04000e+00
2.25393e+03	4.93752e+00
2.31583e+03	4.83689e+00
2.37942e+03	4.73809e+00
2.44476e+03	4.64110e+00
2.51189e+03	4.54589e+00
2.58086e+03	4.45243e+00
2.65173e+03	4.36070e+00
2.72455e+03	4.27068e+00
2.79936e+03	4.18233e+00
2.87623e+03	4.09564e+00
2.95521e+03	4.01058e+00
3.03636e+03	3.92712e+00
3.11974e+03	3.84524e+00
3.20540e+03	3.76492e+00
3.29342e+03	3.68613e+00
3.38386e+03	3.60885e+00
3.47677e+03	3.53304e+00
3.57224e+03	3.45870e+00
3.67034e+03	3.38580e+00
3.77112e+03	3.31431e+00
3.87468e+03	3.24420e+00
3.98107e+03	3.17547e+00
4.09039e+03	3.10808e+00
4.20271e+03	3.04201e+00
4.31811e+03	2.97724e+00
4.43669e+03	2.91375e+00
4.55852e+03	2.85151e+00
4.68369e+03	2.79051e+00
4.81230e+03	2.73073e+00
4.94445e+03	2.67213e+00
5.08022e+03	2.61471e+00
5.21972e+03	2.55844e+00
5.36305e+03	2.50330e+00
5.51032e+03	2.44927e+00
5.66163e+03	2.39634e+00
5.81709e+03	2.34447e+00
5.97683e+03	2.29366e+00
6.14095e+03	2.24388e+00
6.30957e+03	2.19512e+00
6.48283e+03	2.14735e+00
6.66085e+03	2.10057e+00
6.84375e+03	2.05474e+00
7.03168e+03	2.00985e+00
7.22476e+03	1.96590e+00
7.42315e+03	1.92285e+00
7.62699e+03	1.88069e+00
7.83642e+03	1.83940e+00
8.05160e+03	1.79897e+00
8.27270e+03	1.75939e+00
8.49986e+03	1.72063e+00
8.73326e+03	1.68268e+00
8.97307e+03	1.64553e+00
9.21947e+03	1.60916e+00
9.47263e+03	1.57355e+00
9.73274e+03	1.53869e+00
1.00000e+04	1.50457e+00
