# NO cross section
256
1.00000e+01	0.00000e+00
1.04618e+01	0.00000e+00
1.09450e+01	0.00000e+00
1.14505e+01	0.00000e+00
1.19793e+01	0.00000e+00
1.25325e+01	0.00000e+00
1.31113e+01	0.00000e+00
1.37169e+01	4.68466e-02
1.43504e+01	2.06141e-01
1.50131e+01	7.36044e-01
1.57065e+01	1.23510e+00
1.64318e+01	1.60912e+00
1.71907e+01	1.93761e+00
1.79846e+01	2.26260e+00
1.88152e+01	2.60366e+00
1.96842e+01	2.96737e+00
2.05933e+01	3.35337e+00
2.15444e+01	3.75794e+00
2.25393e+01	4.17610e+00
2.35803e+01	4.60276e+00
2.46693e+01	5.03324e+00
2.58086e+01	5.46350e+00
2.70006e+01	5.89016e+00
2.82475e+01	6.31044e+00
2.95521e+01	6.72207e+00
3.09169e+01	7.12318e+00
3.23448e+01	7.51219e+00
3.38385e+01	7.88776e+00
3.54013e+01	8.24875e+00
3.70363e+01	8.59411e+00
3.87467e+01	8.92295e+00
4.05362e+01	9.23444e+00
4.24083e+01	9.52787e+00
4.43669e+01	9.80261e+00
4.64159e+01	1.00581e+01
4.85595e+01	1.02940e+01
5.08022e+01	1.05099e+01
5.31484e+01	1.07056e+01
5.56030e+01	1.08810e+01
5.81709e+01	1.10361e+01
6.08575e+01	1.11711e+01
6.36681e+01	1.12860e+01
6.66085e+01	1.13813e+01
6.96847e+01	1.14572e+01
7.29030e+01	1.15144e+01
7.62699e+01	1.15532e+01
7.97923e+01	1.15744e+01
8.34773e+01	1.15785e+01
8.73326e+01	1.15663e+01
9.13659e+01	1.15385e+01
9.55855e+01	1.14959e+01
1.00000e+02	1.14392e+01
1.04618e+02	1.13692e+01
1.09450e+02	1.12868e+01
1.14505e+02	1.11927e+01
1.19793e+02	1.10878e+01
1.25325e+02	1.09727e+01
1.31113e+02	1.08484e+01
1.37169e+02	1.07156e+01
1.43504e+02	1.05749e+01
1.50131e+02	1.04272e+01
1.57065e+02	1.02731e+01
1.64318e+02	1.01133e+01
1.71907e+02	9.94837e+00
1.79846e+02	9.77903e+00
1.88152e+02	9.60582e+00
1.96842e+02	9.42930e+00
2.05933e+02	9.25002e+00
2.15444e+02	9.06847e+00
2.25393e+02	8.88513e+00
2.35803e+02	8.70044e+00
2.46693e+02	8.51483e+00
2.58086e+02	8.32870e+00
2.70005e+02	8.14240e+00
2.82475e+02	7.95629e+00
2.95521e+02	7.77067e+00
3.09169e+02	7.58585e+00
3.23448e+02	7.40210e+00
3.38385e+02	7.21966e+00
3.54013e+02	7.03878e+00
3.70363e+02	6.85964e+00
3.87467e+02	6.68245e+00
4.05362e+02	6.50738e+00
4.24083e+02	6.33458e+00
4.43669e+02	6.16420e+00
4.64159e+02	5.99635e+00
4.85595e+02	5.83114e+00
5.08022e+02	5.66868e+00
5.31484e+02	5.50903e+00
5.56030e+02	5.35228e+00
5.81709e+02	5.19849e+00
6.08574e+02	5.04769e+00
6.36681e+02	4.89994e+00
6.66085e+02	4.75526e+00
6.96847e+02	4.61367e+00
7.29029e+02	4.47519e+00
7.62699e+02	4.33982e+00
7.97923e+02	4.20757e+00
8.34773e+02	4.07843e+00
8.73326e+02	3.95238e+00
9.13659e+02	3.82941e+00
9.55855e+02	3.70951e+00
1.00000e+03	3.59263e+00
1.04618e+03	3.47876e+00
1.09450e+03	3.36786e+00
1.14505e+03	3.25990e+00
1.19793e+03	3.15483e+00
1.25325e+03	3.05261e+00
1.31113e+03	2.95321e+00
1.37169e+03	2.85657e+00
1.43504e+03	2.76266e+00
1.50131e+03	2.67141e+00
1.57065e+03	2.58279e+00
1.64318e+03	2.49673e+00
1.71907e+03	2.41320e+00
1.79846e+03	2.33213e+00
1.88152e+03	2.25348e+00
1.96842e+03	2.17719e+00
2.05933e+03	2.10321e+00
2.15443e+03	2.03148e+00
2.25393e+03	1.96196e+00
2.35803e+03	1.89459e+00
2.46693e+03	1.82932e+00
2.58086e+03	1.76609e+00
2.70005e+03	1.70486e+00
2.82475e+03	1.64556e+00
2.95521e+03	1.58817e+00
3.09169e+03	1.53261e+00
3.23448e+03	1.47884e+00
3.38386e+03	1.42683e+00
3.54013e+03	1.37650e+00
3.70363e+03	1.32782e+00
3.87468e+03	1.28075e+00
4.05362e+03	1.23523e+00
4.24083e+03	1.19122e+00
4.43669e+03	1.14868e+00
4.64159e+03	1.10756e+00
4.85595e+03	1.06783e+00
5.08022e+03	1.02944e+00
5.31484e+03	9.92343e-01
5.56030e+03	9.56511e-01
5.81709e+03	9.21902e-01
6.08574e+03	8.88478e-01
6.36681e+03	8.56203e-01
6.66085e+03	8.25040e-01
6.96847e+03	7.94954e-01
7.29030e+03	7.65912e-01
7.62699e+03	7.37881e-01
7.97923e+03	7.10827e-01
8.34773e+03	6.84720e-01
8.73326e+03	6.59529e-01
9.13659e+03	6.35225e-01
9.55855e+03	6.11778e-01
1.00000e+04	5.89160e-01
1.04618e+04	5.67344e-01
1.09450e+04	5.46304e-01
1.14505e+04	5.26013e-01
1.19793e+04	5.06447e-01
1.25325e+04	4.87582e-01
1.31113e+04	4.69393e-01
1.37169e+04	4.51858e-01
1.43504e+04	4.34955e-01
1.50131e+04	4.18662e-01
1.57065e+04	4.02959e-01
1.64318e+04	3.87825e-01
1.71907e+04	3.73241e-01
1.79847e+04	3.59187e-01
1.88152e+04	3.45646e-01
1.96842e+04	3.32600e-01
2.05933e+04	3.20031e-01
2.15443e+04	3.07922e-01
2.25393e+04	2.96259e-01
2.35803e+04	2.85024e-01
2.46693e+04	2.74203e-01
2.58086e+04	2.63782e-01
2.70005e+04	2.53746e-01
2.82475e+04	2.44081e-01
2.95521e+04	2.34775e-01
3.09169e+04	2.25814e-01
3.23448e+04	2.17186e-01
3.38386e+04	2.08880e-01
3.54013e+04	2.00884e-01
3.70363e+04	1.93186e-01
3.87468e+04	1.85776e-01
4.05362e+04	1.78643e-01
4.24083e+04	1.71778e-01
4.43669e+04	1.65171e-01
4.64159e+04	1.58812e-01
4.85595e+04	1.52692e-01
5.08022e+04	1.46803e-01
5.31484e+04	1.41136e-01
5.56030e+04	1.35684e-01
5.81709e+04	1.30437e-01
6.08574e+04	1.25389e-01
6.36681e+04	1.20533e-01
6.66085e+04	1.15861e-01
6.96847e+04	1.11366e-01
7.29029e+04	1.07042e-01
7.62699e+04	1.02884e-01
7.97923e+04	9.88829e-02
8.34773e+04	9.50350e-02
8.73326e+04	9.13340e-02
9.13659e+04	8.77745e-02
9.55855e+04	8.43513e-02
1.00000e+05	8.10591e-02
1.04618e+05	7.78932e-02
1.09450e+05	7.48488e-02
1.14505e+05	7.19214e-02
1.19793e+05	6.91065e-02
1.25325e+05	6.63999e-02
1.31113e+05	6.37976e-02
1.37169e+05	6.12956e-02
1.43504e+05	5.88902e-02
1.50131e+05	5.65776e-02
1.57065e+05	5.43545e-02
1.64318e+05	5.22173e-02
1.71907e+05	5.01629e-02
1.79846e+05	4.81881e-02
1.88152e+05	4.62899e-02
1.96842e+05	4.44653e-02
2.05933e+05	4.27116e-02
2.15444e+05	4.10261e-02
2.25393e+05	3.94061e-02
2.35803e+05	3.78492e-02
2.46693e+05	3.63530e-02
2.58086e+05	3.49151e-02
2.70006e+05	3.35333e-02
2.82475e+05	3.22054e-02
2.95521e+05	3.09294e-02
3.09169e+05	2.97033e-02
3.23448e+05	2.85252e-02
3.38386e+05	2.73932e-02
3.54013e+05	2.63055e-02
3.70363e+05	2.52605e-02
3.87468e+05	2.42565e-02
4.05362e+05	2.32919e-02
4.24083e+05	2.23652e-02
4.43669e+05	2.14749e-02
4.64159e+05	2.06196e-02
4.85595e+05	1.97980e-02
5.08022e+05	1.90088e-02
5.31484e+05	1.82506e-02
5.56030e+05	1.75223e-02
5.81709e+05	1.68228e-02
6.08574e+05	1.61509e-02
6.36680e+05	1.55055e-02
6.66085e+05	1.48856e-02
6.96847e+05	1.42902e-02
7.29030e+05	1.37184e-02
7.62699e+05	1.31692e-02
7.97923e+05	1.26418e-02
8.34773e+05	1.21353e-02
8.73326e+05	1.16488e-02
9.13659e+05	1.11817e-02
9.55855e+05	1.07331e-02
1.00000e+06	1.03023e-02
