# O2 cross section
256
1.00000e+01	0.00000e+00
1.04618e+01	0.00000e+00
1.09450e+01	0.00000e+00
1.14505e+01	0.00000e+00
1.19793e+01	0.00000e+00
1.25325e+01	0.00000e+00
1.31113e+01	0.00000e+00
1.37169e+01	9.36603e-02
1.43504e+01	4.11644e-01
1.50131e+01	5.09706e-01
1.57065e+01	5.85723e-01
1.64318e+01	7.26539e-01
1.71907e+01	9.56889e-01
1.79846e+01	1.26973e+00
1.88152e+01	1.64453e+00
1.96842e+01	2.05774e+00
2.05933e+01	2.48814e+00
2.15444e+01	2.91914e+00
2.25393e+01	3.33923e+00
2.35803e+01	3.74153e+00
2.46693e+01	4.12291e+00
2.58086e+01	4.48297e+00
2.70006e+01	4.82314e+00
2.82475e+01	5.14588e+00
2.95521e+01	5.45413e+00
3.09169e+01	5.75075e+00
3.23448e+01	6.03835e+00
3.38385e+01	6.31901e+00
3.54013e+01	6.59426e+00
3.70363e+01	6.86500e+00
3.87467e+01	7.13162e+00
4.05362e+01	7.39398e+00
4.24083e+01	7.65155e+00
4.43669e+01	7.90347e+00
4.64159e+01	8.14866e+00
4.85595e+01	8.38589e+00
5.08022e+01	8.61387e+00
5.31484e+01	8.83129e+00
5.56030e+01	9.03690e+00
5.81709e+01	9.22954e+00
6.08575e+01	9.40816e+00
6.36681e+01	9.57187e+00
6.66085e+01	9.71992e+00
6.96847e+01	9.85174e+00
7.29030e+01	9.96690e+00
7.62699e+01	1.00651e+01
7.97923e+01	1.01464e+01
8.34773e+01	1.02106e+01
8.73326e+01	1.02580e+01
9.13659e+01	1.02889e+01
9.55855e+01	1.03036e+01
1.00000e+02	1.03026e+01
1.04618e+02	1.02865e+01
1.09450e+02	1.02558e+01
1.14505e+02	1.02112e+01
1.19793e+02	1.01535e+01
1.25325e+02	1.00834e+01
1.31113e+02	1.00016e+01
1.37169e+02	9.90887e+00
1.43504e+02	9.80601e+00
1.50131e+02	9.69378e+00
1.57065e+02	9.57294e+00
1.64318e+02	9.44426e+00
1.71907e+02	9.30845e+00
1.79846e+02	9.16623e+00
1.88152e+02	9.01830e+00
1.96842e+02	8.86532e+00
2.05933e+02	8.70793e+00
2.15444e+02	8.54673e+00
2.25393e+02	8.38231e+00
2.35803e+02	8.21522e+00
2.46693e+02	8.04598e+00
2.58086e+02	7.87507e+00
2.70005e+02	7.70296e+00
2.82475e+02	7.53008e+00
2.95521e+02	7.35682e+00
3.09169e+02	7.18356e+00
3.23448e+02	7.01064e+00
3.38385e+02	6.83838e+00
3.54013e+02	6.66708e+00
3.70363e+02	6.49699e+00
3.87467e+02	6.32837e+00
4.05362e+02	6.16143e+00
4.24083e+02	5.99638e+00
4.43669e+02	5.83340e+00
4.64159e+02	5.67264e+00
4.85595e+02	5.51425e+00
5.08022e+02	5.35835e+00
5.31484e+02	5.20506e+00
5.56030e+02	5.05447e+00
5.81709e+02	4.90666e+00
6.08574e+02	4.76169e+00
6.36681e+02	4.61963e+00
6.66085e+02	4.48053e+00
6.96847e+02	4.34440e+00
7.29029e+02	4.21129e+00
7.62699e+02	4.08120e+00
7.97923e+02	3.95414e+00
8.34773e+02	3.83012e+00
8.73326e+02	3.70913e+00
9.13659e+02	3.59115e+00
9.55855e+02	3.47618e+00
1.00000e+03	3.36418e+00
1.04618e+03	3.25513e+00
1.09450e+03	3.14900e+00
1.14505e+03	3.04575e+00
1.19793e+03	2.94535e+00
1.25325e+03	2.84775e+00
1.31113e+03	2.75291e+00
1.37169e+03	2.66079e+00
1.43504e+03	2.57134e+00
1.50131e+03	2.48451e+00
1.57065e+03	2.40024e+00
1.64318e+03	2.31849e+00
1.71907e+03	2.23921e+00
1.79846e+03	2.16234e+00
1.88152e+03	2.08783e+00
1.96842e+03	2.01562e+00
2.05933e+03	1.94566e+00
2.15443e+03	1.87791e+00
2.25393e+03	1.81229e+00
2.35803e+03	1.74876e+00
2.46693e+03	1.68727e+00
2.58086e+03	1.62776e+00
2.70005e+03	1.57019e+00
2.82475e+03	1.51449e+00
2.95521e+03	1.46062e+00
3.09169e+03	1.40852e+00
3.23448e+03	1.35816e+00
3.38386e+03	1.30947e+00
3.54013e+03	1.26241e+00
3.70363e+03	1.21693e+00
3.87468e+03	1.17299e+00
4.05362e+03	1.13054e+00
4.24083e+03	1.08954e+00
4.43669e+03	1.04993e+00
4.64159e+03	1.01169e+00
4.85595e+03	9.74766e-01
5.08022e+03	9.39118e-01
5.31484e+03	9.04706e-01
5.56030e+03	8.71493e-01
5.81709e+03	8.39439e-01
6.08574e+03	8.08509e-01
6.36681e+03	7.78666e-01
6.66085e+03	7.49874e-01
6.96847e+03	7.22101e-01
7.29030e+03	6.95311e-01
7.62699e+03	6.69475e-01
7.97923e+03	6.44559e-01
8.34773e+03	6.20533e-01
8.73326e+03	5.97368e-01
9.13659e+03	5.75034e-01
9.55855e+03	5.53505e-01
1.00000e+04	5.32752e-01
1.04618e+04	5.12749e-01
1.09450e+04	4.93472e-01
1.14505e+04	4.74894e-01
1.19793e+04	4.56992e-01
1.25325e+04	4.39743e-01
1.31113e+04	4.23124e-01
1.37169e+04	4.07114e-01
1.43504e+04	3.91690e-01
1.50131e+04	3.76833e-01
1.57065e+04	3.62523e-01
1.64318e+04	3.48741e-01
1.71907e+04	3.35467e-01
1.79847e+04	3.22685e-01
1.88152e+04	3.10376e-01
1.96842e+04	2.98525e-01
2.05933e+04	2.87113e-01
2.15443e+04	2.76127e-01
2.25393e+04	2.65550e-01
2.35803e+04	2.55368e-01
2.46693e+04	2.45567e-01
2.58086e+04	2.36133e-01
2.70005e+04	2.27053e-01
2.82475e+04	2.18313e-01
2.95521e+04	2.09903e-01
3.09169e+04	2.01809e-01
3.23448e+04	1.94020e-01
3.38386e+04	1.86525e-01
3.54013e+04	1.79313e-01
3.70363e+04	1.72375e-01
3.87468e+04	1.65699e-01
4.05362e+04	1.59276e-01
4.24083e+04	1.53097e-01
4.43669e+04	1.47153e-01
4.64159e+04	1.41436e-01
4.85595e+04	1.35936e-01
5.08022e+04	1.30646e-01
5.31484e+04	1.25558e-01
5.56030e+04	1.20664e-01
5.81709e+04	1.15958e-01
6.08574e+04	1.11432e-01
6.36681e+04	1.07079e-01
6.66085e+04	1.02893e-01
6.96847e+04	9.88684e-02
7.29029e+04	9.49983e-02
7.62699e+04	9.12771e-02
7.97923e+04	8.76993e-02
8.34773e+04	8.42594e-02
8.73326e+04	8.09522e-02
9.13659e+04	7.77727e-02
9.55855e+04	7.47161e-02
1.00000e+05	7.17778e-02
1.04618e+05	6.89533e-02
1.09450e+05	6.62382e-02
1.14505e+05	6.36284e-02
1.19793e+05	6.11199e-02
1.25325e+05	5.87088e-02
1.31113e+05	5.63915e-02
1.37169e+05	5.41643e-02
1.43504e+05	5.20238e-02
1.50131e+05	4.99668e-02
1.57065e+05	4.79899e-02
1.64318e+05	4.60902e-02
1.71907e+05	4.42647e-02
1.79846e+05	4.25105e-02
1.88152e+05	4.08249e-02
1.96842e+05	3.92053e-02
2.05933e+05	3.76491e-02
2.15444e+05	3.61538e-02
2.25393e+05	3.47172e-02
2.35803e+05	3.33370e-02
2.46693e+05	3.20110e-02
2.58086e+05	3.07371e-02
2.70006e+05	2.95132e-02
2.82475e+05	2.83375e-02
2.95521e+05	2.72081e-02
3.09169e+05	2.61232e-02
3.23448e+05	2.50810e-02
3.38386e+05	2.40799e-02
3.54013e+05	2.31183e-02
3.70363e+05	2.21947e-02
3.87468e+05	2.13076e-02
4.05362e+05	2.04555e-02
4.24083e+05	1.96372e-02
4.43669e+05	1.88512e-02
4.64159e+05	1.80964e-02
4.85595e+05	1.73714e-02
5.08022e+05	1.66752e-02
5.31484e+05	1.60067e-02
5.56030e+05	1.53646e-02
5.81709e+05	1.47480e-02
6.08574e+05	1.41559e-02
6.36680e+05	1.35874e-02
6.66085e+05	1.30415e-02
6.96847e+05	1.25173e-02
7.29030e+05	1.20139e-02
7.62699e+05	1.15306e-02
7.97923e+05	1.10665e-02
8.34773e+05	1.06210e-02
8.73326e+05	1.01932e-02
9.13659e+05	9.78252e-03
9.55855e+05	9.38821e-03
1.00000e+06	9.00965e-03
