# O3 cross section
256
1.00000e+01	0.00000e+00
1.02746e+01	0.00000e+00
1.05567e+01	0.00000e+00
1.08466e+01	0.00000e+00
1.11445e+01	0.00000e+00
1.14505e+01	0.00000e+00
1.17649e+01	0.00000e+00
1.20880e+01	0.00000e+00
1.24199e+01	0.00000e+00
1.27609e+01	0.00000e+00
1.31113e+01	0.00000e+00
1.34714e+01	0.00000e+00
1.38413e+01	2.84745e-01
1.42214e+01	5.61693e-01
1.46119e+01	6.93916e-01
1.50131e+01	7.63945e-01
1.54254e+01	8.25173e-01
1.58489e+01	9.10009e-01
1.62841e+01	1.03597e+00
1.67313e+01	1.21025e+00
1.71907e+01	1.43318e+00
1.76628e+01	1.70074e+00
1.81478e+01	2.00650e+00
1.86461e+01	2.34287e+00
1.91581e+01	2.70207e+00
1.96842e+01	3.07669e+00
2.02247e+01	3.46010e+00
2.07801e+01	3.84661e+00
2.13507e+01	4.23153e+00
2.19370e+01	4.61120e+00
2.25393e+01	4.98289e+00
2.31583e+01	5.34468e+00
2.37942e+01	5.69542e+00
2.44475e+01	6.03454e+00
2.51189e+01	6.36196e+00
2.58086e+01	6.67797e+00
2.65173e+01	6.98317e+00
2.72455e+01	7.27833e+00
2.79936e+01	7.56435e+00
2.87623e+01	7.84217e+00
2.95521e+01	8.11277e+00
3.03636e+01	8.37708e+00
3.11974e+01	8.63594e+00
3.20540e+01	8.89015e+00
3.29342e+01	9.14037e+00
3.38385e+01	9.38717e+00
3.47677e+01	9.63100e+00
3.57225e+01	9.87219e+00
3.67034e+01	1.01110e+01
3.77112e+01	1.03475e+01
3.87467e+01	1.05817e+01
3.98107e+01	1.08135e+01
4.09039e+01	1.10429e+01
4.20271e+01	1.12696e+01
4.31811e+01	1.14933e+01
4.43669e+01	1.17137e+01
4.55852e+01	1.19305e+01
4.68369e+01	1.21433e+01
4.81230e+01	1.23517e+01
4.94445e+01	1.25552e+01
5.08022e+01	1.27535e+01
5.21972e+01	1.29462e+01
5.36305e+01	1.31329e+01
5.51032e+01	1.33132e+01
5.66163e+01	1.34867e+01
5.81709e+01	1.36531e+01
5.97683e+01	1.38120e+01
6.14095e+01	1.39633e+01
6.30957e+01	1.41066e+01
6.48283e+01	1.42418e+01
6.66085e+01	1.43685e+01
6.84375e+01	1.44867e+01
7.03168e+01	1.45962e+01
7.22476e+01	1.46969e+01
7.42315e+01	1.47887e+01
7.62699e+01	1.48716e+01
7.83642e+01	1.49456e+01
8.05160e+01	1.50106e+01
8.27270e+01	1.50667e+01
8.49986e+01	1.51140e+01
8.73326e+01	1.51525e+01
8.97307e+01	1.51823e+01
9.21947e+01	1.52036e+01
9.47263e+01	1.52164e+01
9.73274e+01	1.52210e+01
1.00000e+02	1.52174e+01
1.02746e+02	1.52059e+01
1.05567e+02	1.51866e+01
1.08466e+02	1.51598e+01
1.11445e+02	1.51257e+01
1.14505e+02	1.50844e+01
1.17649e+02	1.50362e+01
1.20880e+02	1.49813e+01
1.24199e+02	1.49200e+01
1.27609e+02	1.48525e+01
1.31113e+02	1.47790e+01
1.34714e+02	1.46998e+01
1.38413e+02	1.46151e+01
1.42214e+02	1.45251e+01
1.46119e+02	1.44301e+01
1.50131e+02	1.43304e+01
1.54254e+02	1.42261e+01
1.58489e+02	1.41175e+01
1.62841e+02	1.40049e+01
1.67313e+02	1.38884e+01
1.71907e+02	1.37683e+01
1.76628e+02	1.36448e+01
1.81478e+02	1.35181e+01
1.86461e+02	1.33884e+01
1.91581e+02	1.32561e+01
1.96842e+02	1.31211e+01
2.02247e+02	1.29838e+01
2.07801e+02	1.28443e+01
2.13507e+02	1.27029e+01
2.19370e+02	1.25597e+01
2.25393e+02	1.24148e+01
2.31583e+02	1.22685e+01
2.37942e+02	1.21210e+01
2.44476e+02	1.19723e+01
2.51189e+02	1.18226e+01
2.58086e+02	1.16721e+01
2.65173e+02	1.15210e+01
2.72455e+02	1.13693e+01
2.79936e+02	1.12172e+01
2.87623e+02	1.10648e+01
2.95521e+02	1.09122e+01
3.03636e+02	1.07596e+01
3.11974e+02	1.06071e+01
3.20540e+02	1.04547e+01
3.29342e+02	1.03026e+01
3.38385e+02	1.01509e+01
3.47677e+02	9.99968e+00
3.57224e+02	9.84897e+00
3.67034e+02	9.69890e+00
3.77112e+02	9.54953e+00
3.87467e+02	9.40094e+00
3.98107e+02	9.25320e+00
4.09039e+02	9.10638e+00
4.20271e+02	8.96054e+00
4.31811e+02	8.81573e+00
4.43669e+02	8.67202e+00
4.55852e+02	8.52944e+00
4.68369e+02	8.38806e+00
4.81230e+02	8.24790e+00
4.94445e+02	8.10903e+00
5.08022e+02	7.97146e+00
5.21972e+02	7.83524e+00
5.36305e+02	7.70040e+00
5.51032e+02	7.56697e+00
5.66163e+02	7.43497e+00
5.81709e+02	7.30444e+00
5.97683e+02	7.17538e+00
6.14095e+02	7.04783e+00
6.30957e+02	6.92180e+00
6.48283e+02	6.79730e+00
6.66085e+02	6.67436e+00
6.84375e+02	6.55297e+00
7.03168e+02	6.43315e+00
7.22476e+02	6.31491e+00
7.42315e+02	6.19825e+00
7.62699e+02	6.08318e+00
7.83642e+02	5.96971e+00
8.05160e+02	5.85782e+00
8.27270e+02	5.74753e+00
8.49986e+02	5.63884e+00
8.73326e+02	5.53173e+00
8.97307e+02	5.42622e+00
9.21947e+02	5.32228e+00
9.47263e+02	5.21993e+00
9.73274e+02	5.11914e+00
1.00000e+03	5.01992e+00
1.02746e+03	4.92226e+00
1.05567e+03	4.82615e+00
1.08466e+03	4.73157e+00
1.11444e+03	4.63853e+00
1.14505e+03	4.54699e+00
1.17649e+03	4.45697e+00
1.20880e+03	4.36844e+00
1.24199e+03	4.28139e+00
1.27609e+03	4.19580e+00
1.31113e+03	4.11167e+00
1.34714e+03	4.02898e+00
1.38413e+03	3.94772e+00
1.42214e+03	3.86786e+00
1.46119e+03	3.78940e+00
1.50131e+03	3.71232e+00
1.54254e+03	3.63661e+00
1.58489e+03	3.56224e+00
1.62841e+03	3.48921e+00
1.67313e+03	3.41749e+00
1.71907e+03	3.34707e+00
1.76628e+03	3.27794e+00
1.81478e+03	3.21007e+00
1.86461e+03	3.14346e+00
1.91581e+03	3.07807e+00
1.96842e+03	3.01391e+00
2.02247e+03	2.95094e+00
2.07801e+03	2.88915e+00
2.13507e+03	2.82853e+00
2.19370e+03	2.76906e+00
2.25393e+03	2.71073e+00
2.31583e+03	2.65350e+00
2.37942e+03	2.59737e+00
2.44476e+03	2.54233e+00
2.51189e+03	2.48835e+00
2.58086e+03	2.43542e+00
2.65173e+03	2.38352e+00
2.72455e+03	2.33263e+00
2.79936e+03	2.28275e+00
2.87623e+03	2.23385e+00
2.95521e+03	2.18591e+00
3.03636e+03	2.13892e+00
3.11974e+03	2.09287e+00
3.20540e+03	2.04774e+00
3.29342e+03	2.00351e+00
3.38386e+03	1.96016e+00
3.47677e+03	1.91769e+00
3.57224e+03	1.87608e+00
3.67034e+03	1.83531e+00
3.77112e+03	1.79537e+00
3.87468e+03	1.75625e+00
3.98107e+03	1.71792e+00
4.09039e+03	1.68037e+00
4.20271e+03	1.64360e+00
4.31811e+03	1.60758e+00
4.43669e+03	1.57230e+00
4.55852e+03	1.53776e+00
4.68369e+03	1.50393e+00
4.81230e+03	1.47080e+00
4.94445e+03	1.43836e+00
5.08022e+03	1.40660e+00
5.21972e+03	1.37550e+00
5.36305e+03	1.34505e+00
5.51032e+03	1.31524e+00
5.66163e+03	1.28606e+00
5.81709e+03	1.25750e+00
5.97683e+03	1.22953e+00
6.14095e+03	1.20216e+00
6.30957e+03	1.17537e+00
6.48283e+03	1.14915e+00
6.66085e+03	1.12348e+00
6.84375e+03	1.09837e+00
7.03168e+03	1.07378e+00
7.22476e+03	1.04973e+00
7.42315e+03	1.02619e+00
7.62699e+03	1.00315e+00
7.83642e+03	9.80614e-01
8.05160e+03	9.58559e-01
8.27270e+03	9.36979e-01
8.49986e+03	9.15866e-01
8.73326e+03	8.95209e-01
8.97307e+03	8.74999e-01
9.21947e+03	8.55228e-01
9.47263e+03	8.35887e-01
9.73274e+03	8.16966e-01
1.00000e+04	7.98457e-01
