# PH cross section
256
1.00000e+01	0.00000e+00
1.04618e+01	0.00000e+00
1.09450e+01	8.39540e-01
1.14505e+01	1.59455e+00
1.19793e+01	2.34801e+00
1.25325e+01	3.15725e+00
1.31113e+01	4.03486e+00
1.37169e+01	5.00494e+00
1.43504e+01	6.13060e+00
1.50131e+01	7.23745e+00
1.57065e+01	8.31514e+00
1.64318e+01	9.35304e+00
1.71907e+01	1.03425e+01
1.79846e+01	1.12774e+01
1.88152e+01	1.21545e+01
1.96842e+01	1.29726e+01
2.05933e+01	1.37320e+01
2.15444e+01	1.44343e+01
2.25393e+01	1.50815e+01
2.35803e+01	1.56761e+01
2.46693e+01	1.62204e+01
2.58086e+01	1.67169e+01
2.70006e+01	1.71677e+01
2.82475e+01	1.75748e+01
2.95521e+01	1.79399e+01
3.09169e+01	1.82648e+01
3.23448e+01	1.85509e+01
3.38385e+01	1.87995e+01
3.54013e+01	1.90120e+01
3.70363e+01	1.91896e+01
3.87467e+01	1.93336e+01
4.05362e+01	1.94451e+01
4.24083e+01	1.95255e+01
4.43669e+01	1.95759e+01
4.64159e+01	1.95977e+01
4.85595e+01	1.95920e+01
5.08022e+01	1.95602e+01
5.31484e+01	1.95036e+01
5.56030e+01	1.94235e+01
5.81709e+01	1.93212e+01
6.08575e+01	1.91979e+01
6.36681e+01	1.90550e+01
6.66085e+01	1.88938e+01
6.96847e+01	1.87155e+01
7.29030e+01	1.85213e+01
7.62699e+01	1.83124e+01
7.97923e+01	1.80900e+01
8.34773e+01	1.78553e+01
8.73326e+01	1.76092e+01
9.13659e+01	1.73530e+01
9.55855e+01	1.70876e+01
1.00000e+02	1.68139e+01
1.04618e+02	1.65330e+01
1.09450e+02	1.62458e+01
1.14505e+02	1.59530e+01
1.19793e+02	1.56555e+01
1.25325e+02	1.53541e+01
1.31113e+02	1.50496e+01
1.37169e+02	1.47426e+01
1.43504e+02	1.44338e+01
1.50131e+02	1.41238e+01
1.57065e+02	1.38133e+01
1.64318e+02	1.35027e+01
1.71907e+02	1.31926e+01
1.79846e+02	1.28834e+01
1.88152e+02	1.25758e+01
1.96842e+02	1.22699e+01
2.05933e+02	1.19663e+01
2.15444e+02	1.16653e+01
2.25393e+02	1.13672e+01
2.35803e+02	1.10723e+01
2.46693e+02	1.07809e+01
2.58086e+02	1.04933e+01
2.70005e+02	1.02097e+01
2.82475e+02	9.93021e+00
2.95521e+02	9.65510e+00
3.09169e+02	9.38452e+00
3.23448e+02	9.11859e+00
3.38385e+02	8.85744e+00
3.54013e+02	8.60117e+00
3.70363e+02	8.34987e+00
3.87467e+02	8.10361e+00
4.05362e+02	7.86245e+00
4.24083e+02	7.62641e+00
4.43669e+02	7.39555e+00
4.64159e+02	7.16986e+00
4.85595e+02	6.94936e+00
5.08022e+02	6.73404e+00
5.31484e+02	6.52388e+00
5.56030e+02	6.31887e+00
5.81709e+02	6.11897e+00
6.08574e+02	5.92415e+00
6.36681e+02	5.73435e+00
6.66085e+02	5.54952e+00
6.96847e+02	5.36962e+00
7.29029e+02	5.19456e+00
7.62699e+02	5.02430e+00
7.97923e+02	4.85876e+00
8.34773e+02	4.69786e+00
8.73326e+02	4.54153e+00
9.13659e+02	4.38968e+00
9.55855e+02	4.24224e+00
1.00000e+03	4.09911e+00
1.04618e+03	3.96023e+00
1.09450e+03	3.82549e+00
1.14505e+03	3.69481e+00
1.19793e+03	3.56810e+00
1.25325e+03	3.44527e+00
1.31113e+03	3.32624e+00
1.37169e+03	3.21091e+00
1.43504e+03	3.09920e+00
1.50131e+03	2.99101e+00
1.57065e+03	2.88625e+00
1.64318e+03	2.78485e+00
1.71907e+03	2.68671e+00
1.79846e+03	2.59175e+00
1.88152e+03	2.49987e+00
1.96842e+03	2.41101e+00
2.05933e+03	2.32506e+00
2.15443e+03	2.24196e+00
2.25393e+03	2.16163e+00
2.35803e+03	2.08397e+00
2.46693e+03	2.00893e+00
2.58086e+03	1.93641e+00
2.70005e+03	1.86634e+00
2.82475e+03	1.79866e+00
2.95521e+03	1.73329e+00
3.09169e+03	1.67016e+00
3.23448e+03	1.60920e+00
3.38386e+03	1.55034e+00
3.54013e+03	1.49352e+00
3.70363e+03	1.43868e+00
3.87468e+03	1.38575e+00
4.05362e+03	1.33468e+00
4.24083e+03	1.28539e+00
4.43669e+03	1.23785e+00
4.64159e+03	1.19198e+00
4.85595e+03	1.14773e+00
5.08022e+03	1.10506e+00
5.31484e+03	1.06391e+00
5.56030e+03	1.02423e+00
5.81709e+03	9.85964e-01
6.08574e+03	9.49075e-01
6.36681e+03	9.13514e-01
6.66085e+03	8.79235e-01
6.96847e+03	8.46196e-01
7.29030e+03	8.14353e-01
7.62699e+03	7.83667e-01
7.97923e+03	7.54098e-01
8.34773e+03	7.25607e-01
8.73326e+03	6.98157e-01
9.13659e+03	6.71712e-01
9.55855e+03	6.46238e-01
1.00000e+04	6.21699e-01
1.04618e+04	5.98064e-01
1.09450e+04	5.75301e-01
1.14505e+04	5.53380e-01
1.19793e+04	5.32269e-01
1.25325e+04	5.11942e-01
1.31113e+04	4.92370e-01
1.37169e+04	4.73526e-01
1.43504e+04	4.55383e-01
1.50131e+04	4.37919e-01
1.57065e+04	4.21106e-01
1.64318e+04	4.04923e-01
1.71907e+04	3.89347e-01
1.79847e+04	3.74356e-01
1.88152e+04	3.59928e-01
1.96842e+04	3.46043e-01
2.05933e+04	3.32681e-01
2.15443e+04	3.19824e-01
2.25393e+04	3.07453e-01
2.35803e+04	2.95550e-01
2.46693e+04	2.84098e-01
2.58086e+04	2.73080e-01
2.70005e+04	2.62480e-01
2.82475e+04	2.52284e-01
2.95521e+04	2.42476e-01
3.09169e+04	2.33041e-01
3.23448e+04	2.23967e-01
3.38386e+04	2.15239e-01
3.54013e+04	2.06844e-01
3.70363e+04	1.98771e-01
3.87468e+04	1.91008e-01
4.05362e+04	1.83542e-01
4.24083e+04	1.76363e-01
4.43669e+04	1.69459e-01
4.64159e+04	1.62821e-01
4.85595e+04	1.56439e-01
5.08022e+04	1.50303e-01
5.31484e+04	1.44403e-01
5.56030e+04	1.38731e-01
5.81709e+04	1.33278e-01
6.08574e+04	1.28037e-01
6.36681e+04	1.22998e-01
6.66085e+04	1.18154e-01
6.96847e+04	1.13498e-01
7.29029e+04	1.09023e-01
7.62699e+04	1.04722e-01
7.97923e+04	1.00588e-01
8.34773e+04	9.66144e-02
8.73326e+04	9.27958e-02
9.13659e+04	8.91260e-02
9.55855e+04	8.55993e-02
1.00000e+05	8.22101e-02
1.04618e+05	7.89534e-02
1.09450e+05	7.58239e-02
1.14505e+05	7.28168e-02
1.19793e+05	6.99274e-02
1.25325e+05	6.71511e-02
1.31113e+05	6.44836e-02
1.37169e+05	6.19208e-02
1.43504e+05	5.94585e-02
1.50131e+05	5.70929e-02
1.57065e+05	5.48203e-02
1.64318e+05	5.26370e-02
1.71907e+05	5.05396e-02
1.79846e+05	4.85248e-02
1.88152e+05	4.65894e-02
1.96842e+05	4.47303e-02
2.05933e+05	4.29445e-02
2.15444e+05	4.12292e-02
2.25393e+05	3.95816e-02
2.35803e+05	3.79991e-02
2.46693e+05	3.64792e-02
2.58086e+05	3.50194e-02
2.70006e+05	3.36174e-02
2.82475e+05	3.22710e-02
2.95521e+05	3.09779e-02
3.09169e+05	2.97360e-02
3.23448e+05	2.85434e-02
3.38386e+05	2.73982e-02
3.54013e+05	2.62984e-02
3.70363e+05	2.52424e-02
3.87468e+05	2.42283e-02
4.05362e+05	2.32545e-02
4.24083e+05	2.23196e-02
4.43669e+05	2.14218e-02
4.64159e+05	2.05598e-02
4.85595e+05	1.97321e-02
5.08022e+05	1.89375e-02
5.31484e+05	1.81746e-02
5.56030e+05	1.74421e-02
5.81709e+05	1.67388e-02
6.08574e+05	1.60637e-02
6.36680e+05	1.54155e-02
6.66085e+05	1.47933e-02
6.96847e+05	1.41960e-02
7.29030e+05	1.36225e-02
7.62699e+05	1.30720e-02
7.97923e+05	1.25436e-02
8.34773e+05	1.20364e-02
8.73326e+05	1.15495e-02
9.13659e+05	1.10821e-02
9.55855e+05	1.06335e-02
1.00000e+06	1.02029e-02
