# PH2 cross section
256
1.00000e+01	0.00000e+00
1.04618e+01	0.00000e+00
1.09450e+01	8.39540e-01
1.14505e+01	1.59455e+00
1.19793e+01	2.34801e+00
1.25325e+01	3.15725e+00
1.31113e+01	4.03486e+00
1.37169e+01	5.03927e+00
1.43504e+01	6.31639e+00
1.50131e+01	7.53979e+00
1.57065e+01	8.70910e+00
1.64318e+01	9.81978e+00
1.71907e+01	1.08671e+01
1.79846e+01	1.18477e+01
1.88152e+01	1.27603e+01
1.96842e+01	1.36054e+01
2.05933e+01	1.43847e+01
2.15444e+01	1.51007e+01
2.25393e+01	1.57562e+01
2.35803e+01	1.63542e+01
2.46693e+01	1.68976e+01
2.58086e+01	1.73891e+01
2.70006e+01	1.78312e+01
2.82475e+01	1.82260e+01
2.95521e+01	1.85756e+01
3.09169e+01	1.88820e+01
3.23448e+01	1.91470e+01
3.38385e+01	1.93723e+01
3.54013e+01	1.95598e+01
3.70363e+01	1.97110e+01
3.87467e+01	1.98277e+01
4.05362e+01	1.99116e+01
4.24083e+01	1.99644e+01
4.43669e+01	1.99878e+01
4.64159e+01	1.99835e+01
4.85595e+01	1.99531e+01
5.08022e+01	1.98982e+01
5.31484e+01	1.98205e+01
5.56030e+01	1.97214e+01
5.81709e+01	1.96025e+01
6.08575e+01	1.94652e+01
6.36681e+01	1.93108e+01
6.66085e+01	1.91407e+01
6.96847e+01	1.89559e+01
7.29030e+01	1.87579e+01
7.62699e+01	1.85475e+01
7.97923e+01	1.83259e+01
8.34773e+01	1.80940e+01
8.73326e+01	1.78527e+01
9.13659e+01	1.76030e+01
9.55855e+01	1.73456e+01
1.00000e+02	1.70814e+01
1.04618e+02	1.68110e+01
1.09450e+02	1.65352e+01
1.14505e+02	1.62545e+01
1.19793e+02	1.59698e+01
1.25325e+02	1.56814e+01
1.31113e+02	1.53901e+01
1.37169e+02	1.50964e+01
1.43504e+02	1.48007e+01
1.50131e+02	1.45036e+01
1.57065e+02	1.42056e+01
1.64318e+02	1.39070e+01
1.71907e+02	1.36084e+01
1.79846e+02	1.33101e+01
1.88152e+02	1.30125e+01
1.96842e+02	1.27160e+01
2.05933e+02	1.24210e+01
2.15444e+02	1.21277e+01
2.25393e+02	1.18364e+01
2.35803e+02	1.15476e+01
2.46693e+02	1.12613e+01
2.58086e+02	1.09780e+01
2.70005e+02	1.06977e+01
2.82475e+02	1.04208e+01
2.95521e+02	1.01475e+01
3.09169e+02	9.87781e+00
3.23448e+02	9.61204e+00
3.38385e+02	9.35031e+00
3.54013e+02	9.09275e+00
3.70363e+02	8.83948e+00
3.87467e+02	8.59060e+00
4.05362e+02	8.34622e+00
4.24083e+02	8.10641e+00
4.43669e+02	7.87122e+00
4.64159e+02	7.64073e+00
4.85595e+02	7.41497e+00
5.08022e+02	7.19398e+00
5.31484e+02	6.97776e+00
5.56030e+02	6.76635e+00
5.81709e+02	6.55973e+00
6.08574e+02	6.35790e+00
6.36681e+02	6.16086e+00
6.66085e+02	5.96857e+00
6.96847e+02	5.78101e+00
7.29029e+02	5.59814e+00
7.62699e+02	5.41993e+00
7.97923e+02	5.24632e+00
8.34773e+02	5.07727e+00
8.73326e+02	4.91273e+00
9.13659e+02	4.75262e+00
9.55855e+02	4.59689e+00
1.00000e+03	4.44548e+00
1.04618e+03	4.29832e+00
1.09450e+03	4.15532e+00
1.14505e+03	4.01643e+00
1.19793e+03	3.88155e+00
1.25325e+03	3.75063e+00
1.31113e+03	3.62357e+00
1.37169e+03	3.50030e+00
1.43504e+03	3.38074e+00
1.50131e+03	3.26481e+00
1.57065e+03	3.15242e+00
1.64318e+03	3.04350e+00
1.71907e+03	2.93797e+00
1.79846e+03	2.83573e+00
1.88152e+03	2.73672e+00
1.96842e+03	2.64085e+00
2.05933e+03	2.54803e+00
2.15443e+03	2.45821e+00
2.25393e+03	2.37128e+00
2.35803e+03	2.28718e+00
2.46693e+03	2.20584e+00
2.58086e+03	2.12716e+00
2.70005e+03	2.05109e+00
2.82475e+03	1.97754e+00
2.95521e+03	1.90645e+00
3.09169e+03	1.83774e+00
3.23448e+03	1.77135e+00
3.38386e+03	1.70720e+00
3.54013e+03	1.64524e+00
3.70363e+03	1.58539e+00
3.87468e+03	1.52758e+00
4.05362e+03	1.47177e+00
4.24083e+03	1.41788e+00
4.43669e+03	1.36587e+00
4.64159e+03	1.31565e+00
4.85595e+03	1.26720e+00
5.08022e+03	1.22043e+00
5.31484e+03	1.17531e+00
5.56030e+03	1.13178e+00
5.81709e+03	1.08979e+00
6.08574e+03	1.04929e+00
6.36681e+03	1.01022e+00
6.66085e+03	9.72553e-01
6.96847e+03	9.36227e-01
7.29030e+03	9.01204e-01
7.62699e+03	8.67439e-01
7.97923e+03	8.34890e-01
8.34773e+03	8.03516e-01
8.73326e+03	7.73277e-01
9.13659e+03	7.44135e-01
9.55855e+03	7.16053e-01
1.00000e+04	6.88994e-01
1.04618e+04	6.62923e-01
1.09450e+04	6.37806e-01
1.14505e+04	6.13609e-01
1.19793e+04	5.90302e-01
1.25325e+04	5.67852e-01
1.31113e+04	5.46230e-01
1.37169e+04	5.25407e-01
1.43504e+04	5.05354e-01
1.50131e+04	4.86045e-01
1.57065e+04	4.67453e-01
1.64318e+04	4.49553e-01
1.71907e+04	4.32320e-01
1.79847e+04	4.15729e-01
1.88152e+04	3.99759e-01
1.96842e+04	3.84387e-01
2.05933e+04	3.69592e-01
2.15443e+04	3.55351e-01
2.25393e+04	3.41646e-01
2.35803e+04	3.28458e-01
2.46693e+04	3.15766e-01
2.58086e+04	3.03554e-01
2.70005e+04	2.91803e-01
2.82475e+04	2.80498e-01
2.95521e+04	2.69620e-01
3.09169e+04	2.59156e-01
3.23448e+04	2.49089e-01
3.38386e+04	2.39405e-01
3.54013e+04	2.30090e-01
3.70363e+04	2.21131e-01
3.87468e+04	2.12513e-01
4.05362e+04	2.04225e-01
4.24083e+04	1.96253e-01
4.43669e+04	1.88587e-01
4.64159e+04	1.81215e-01
4.85595e+04	1.74126e-01
5.08022e+04	1.67309e-01
5.31484e+04	1.60755e-01
5.56030e+04	1.54453e-01
5.81709e+04	1.48393e-01
6.08574e+04	1.42568e-01
6.36681e+04	1.36967e-01
6.66085e+04	1.31582e-01
6.96847e+04	1.26406e-01
7.29029e+04	1.21430e-01
7.62699e+04	1.16647e-01
7.97923e+04	1.12050e-01
8.34773e+04	1.07631e-01
8.73326e+04	1.03383e-01
9.13659e+04	9.93011e-02
9.55855e+04	9.53776e-02
1.00000e+05	9.16069e-02
1.04618e+05	8.79831e-02
1.09450e+05	8.45006e-02
1.14505e+05	8.11541e-02
1.19793e+05	7.79382e-02
1.25325e+05	7.48481e-02
1.31113e+05	7.18788e-02
1.37169e+05	6.90258e-02
1.43504e+05	6.62845e-02
1.50131e+05	6.36506e-02
1.57065e+05	6.11201e-02
1.64318e+05	5.86889e-02
1.71907e+05	5.63532e-02
1.79846e+05	5.41093e-02
1.88152e+05	5.19537e-02
1.96842e+05	4.98829e-02
2.05933e+05	4.78936e-02
2.15444e+05	4.59828e-02
2.25393e+05	4.41472e-02
2.35803e+05	4.23841e-02
2.46693e+05	4.06907e-02
2.58086e+05	3.90641e-02
2.70006e+05	3.75018e-02
2.82475e+05	3.60013e-02
2.95521e+05	3.45601e-02
3.09169e+05	3.31761e-02
3.23448e+05	3.18469e-02
3.38386e+05	3.05703e-02
3.54013e+05	2.93444e-02
3.70363e+05	2.81671e-02
3.87468e+05	2.70366e-02
4.05362e+05	2.59510e-02
4.24083e+05	2.49086e-02
4.43669e+05	2.39076e-02
4.64159e+05	2.29464e-02
4.85595e+05	2.20235e-02
5.08022e+05	2.11373e-02
5.31484e+05	2.02865e-02
5.56030e+05	1.94696e-02
5.81709e+05	1.86853e-02
6.08574e+05	1.79323e-02
6.36680e+05	1.72093e-02
6.66085e+05	1.65152e-02
6.96847e+05	1.58489e-02
7.29030e+05	1.52092e-02
7.62699e+05	1.45951e-02
7.97923e+05	1.40056e-02
8.34773e+05	1.34396e-02
8.73326e+05	1.28964e-02
9.13659e+05	1.23749e-02
9.55855e+05	1.18743e-02
1.00000e+06	1.13938e-02
