# PN cross section
256
1.00000e+01	0.00000e+00
1.02746e+01	0.00000e+00
1.05567e+01	1.46266e-01
1.08466e+01	6.78224e-01
1.11445e+01	1.14819e+00
1.14505e+01	1.59455e+00
1.17649e+01	2.04184e+00
1.20880e+01	2.50452e+00
1.24199e+01	2.98989e+00
1.27609e+01	3.50033e+00
1.31113e+01	4.03486e+00
1.34714e+01	4.59048e+00
1.38413e+01	5.16297e+00
1.42214e+01	5.74759e+00
1.46119e+01	6.42567e+00
1.50131e+01	7.39282e+00
1.54254e+01	8.26746e+00
1.58489e+01	9.06663e+00
1.62841e+01	9.80402e+00
1.67313e+01	1.04907e+01
1.71907e+01	1.11355e+01
1.76628e+01	1.17455e+01
1.81478e+01	1.23266e+01
1.86461e+01	1.28832e+01
1.91581e+01	1.34190e+01
1.96842e+01	1.39369e+01
2.02247e+01	1.44390e+01
2.07801e+01	1.49270e+01
2.13507e+01	1.54021e+01
2.19370e+01	1.58653e+01
2.25393e+01	1.63172e+01
2.31583e+01	1.67580e+01
2.37942e+01	1.71879e+01
2.44475e+01	1.76069e+01
2.51189e+01	1.80148e+01
2.58086e+01	1.84115e+01
2.65173e+01	1.87967e+01
2.72455e+01	1.91699e+01
2.79936e+01	1.95310e+01
2.87623e+01	1.98794e+01
2.95521e+01	2.02148e+01
3.03636e+01	2.05369e+01
3.11974e+01	2.08453e+01
3.20540e+01	2.11397e+01
3.29342e+01	2.14199e+01
3.38385e+01	2.16855e+01
3.47677e+01	2.19365e+01
3.57225e+01	2.21725e+01
3.67034e+01	2.23936e+01
3.77112e+01	2.25995e+01
3.87467e+01	2.27904e+01
3.98107e+01	2.29661e+01
4.09039e+01	2.31268e+01
4.20271e+01	2.32724e+01
4.31811e+01	2.34032e+01
4.43669e+01	2.35192e+01
4.55852e+01	2.36207e+01
4.68369e+01	2.37078e+01
4.81230e+01	2.37807e+01
4.94445e+01	2.38397e+01
5.08022e+01	2.38851e+01
5.21972e+01	2.39172e+01
5.36305e+01	2.39363e+01
5.51032e+01	2.39426e+01
5.66163e+01	2.39366e+01
5.81709e+01	2.39185e+01
5.97683e+01	2.38888e+01
6.14095e+01	2.38478e+01
6.30957e+01	2.37958e+01
6.48283e+01	2.37332e+01
6.66085e+01	2.36604e+01
6.84375e+01	2.35778e+01
7.03168e+01	2.34857e+01
7.22476e+01	2.33845e+01
7.42315e+01	2.32746e+01
7.62699e+01	2.31563e+01
7.83642e+01	2.30300e+01
8.05160e+01	2.28961e+01
8.27270e+01	2.27549e+01
8.49986e+01	2.26068e+01
8.73326e+01	2.24520e+01
8.97307e+01	2.22910e+01
9.21947e+01	2.21241e+01
9.47263e+01	2.19515e+01
9.73274e+01	2.17737e+01
1.00000e+02	2.15909e+01
1.02746e+02	2.14035e+01
1.05567e+02	2.12116e+01
1.08466e+02	2.10157e+01
1.11445e+02	2.08159e+01
1.14505e+02	2.06126e+01
1.17649e+02	2.04061e+01
1.20880e+02	2.01965e+01
1.24199e+02	1.99842e+01
1.27609e+02	1.97693e+01
1.31113e+02	1.95521e+01
1.34714e+02	1.93329e+01
1.38413e+02	1.91118e+01
1.42214e+02	1.88891e+01
1.46119e+02	1.86650e+01
1.50131e+02	1.84397e+01
1.54254e+02	1.82133e+01
1.58489e+02	1.79860e+01
1.62841e+02	1.77581e+01
1.67313e+02	1.75297e+01
1.71907e+02	1.73009e+01
1.76628e+02	1.70719e+01
1.81478e+02	1.68429e+01
1.86461e+02	1.66140e+01
1.91581e+02	1.63854e+01
1.96842e+02	1.61571e+01
2.02247e+02	1.59294e+01
2.07801e+02	1.57022e+01
2.13507e+02	1.54758e+01
2.19370e+02	1.52503e+01
2.25393e+02	1.50257e+01
2.31583e+02	1.48022e+01
2.37942e+02	1.45798e+01
2.44476e+02	1.43587e+01
2.51189e+02	1.41389e+01
2.58086e+02	1.39205e+01
2.65173e+02	1.37036e+01
2.72455e+02	1.34883e+01
2.79936e+02	1.32745e+01
2.87623e+02	1.30625e+01
2.95521e+02	1.28522e+01
3.03636e+02	1.26437e+01
3.11974e+02	1.24371e+01
3.20540e+02	1.22323e+01
3.29342e+02	1.20295e+01
3.38385e+02	1.18287e+01
3.47677e+02	1.16299e+01
3.57224e+02	1.14332e+01
3.67034e+02	1.12386e+01
3.77112e+02	1.10460e+01
3.87467e+02	1.08557e+01
3.98107e+02	1.06675e+01
4.09039e+02	1.04814e+01
4.20271e+02	1.02976e+01
4.31811e+02	1.01161e+01
4.43669e+02	9.93673e+00
4.55852e+02	9.75965e+00
4.68369e+02	9.58482e+00
4.81230e+02	9.41226e+00
4.94445e+02	9.24198e+00
5.08022e+02	9.07397e+00
5.21972e+02	8.90825e+00
5.36305e+02	8.74480e+00
5.51032e+02	8.58362e+00
5.66163e+02	8.42473e+00
5.81709e+02	8.26811e+00
5.97683e+02	8.11374e+00
6.14095e+02	7.96164e+00
6.30957e+02	7.81179e+00
6.48283e+02	7.66418e+00
6.66085e+02	7.51880e+00
6.84375e+02	7.37563e+00
7.03168e+02	7.23468e+00
7.22476e+02	7.09591e+00
7.42315e+02	6.95932e+00
7.62699e+02	6.82490e+00
7.83642e+02	6.69262e+00
8.05160e+02	6.56247e+00
8.27270e+02	6.43444e+00
8.49986e+02	6.30850e+00
8.73326e+02	6.18463e+00
8.97307e+02	6.06283e+00
9.21947e+02	5.94305e+00
9.47263e+02	5.82530e+00
9.73274e+02	5.70955e+00
1.00000e+03	5.59577e+00
1.02746e+03	5.48394e+00
1.05567e+03	5.37405e+00
1.08466e+03	5.26607e+00
1.11444e+03	5.15998e+00
1.14505e+03	5.05575e+00
1.17649e+03	4.95337e+00
1.20880e+03	4.85281e+00
1.24199e+03	4.75405e+00
1.27609e+03	4.65707e+00
1.31113e+03	4.56183e+00
1.34714e+03	4.46833e+00
1.38413e+03	4.37654e+00
1.42214e+03	4.28643e+00
1.46119e+03	4.19797e+00
1.50131e+03	4.11116e+00
1.54254e+03	4.02596e+00
1.58489e+03	3.94235e+00
1.62841e+03	3.86030e+00
1.67313e+03	3.77980e+00
1.71907e+03	3.70083e+00
1.76628e+03	3.62335e+00
1.81478e+03	3.54734e+00
1.86461e+03	3.47279e+00
1.91581e+03	3.39967e+00
1.96842e+03	3.32796e+00
2.02247e+03	3.25763e+00
2.07801e+03	3.18867e+00
2.13507e+03	3.12104e+00
2.19370e+03	3.05474e+00
2.25393e+03	2.98974e+00
2.31583e+03	2.92601e+00
2.37942e+03	2.86354e+00
2.44476e+03	2.80231e+00
2.51189e+03	2.74228e+00
2.58086e+03	2.68346e+00
2.65173e+03	2.62580e+00
2.72455e+03	2.56930e+00
2.79936e+03	2.51393e+00
2.87623e+03	2.45967e+00
2.95521e+03	2.40651e+00
3.03636e+03	2.35442e+00
3.11974e+03	2.30339e+00
3.20540e+03	2.25339e+00
3.29342e+03	2.20441e+00
3.38386e+03	2.15643e+00
3.47677e+03	2.10944e+00
3.57224e+03	2.06340e+00
3.67034e+03	2.01832e+00
3.77112e+03	1.97416e+00
3.87468e+03	1.93091e+00
3.98107e+03	1.88856e+00
4.09039e+03	1.84709e+00
4.20271e+03	1.80647e+00
4.31811e+03	1.76671e+00
4.43669e+03	1.72777e+00
4.55852e+03	1.68965e+00
4.68369e+03	1.65232e+00
4.81230e+03	1.61578e+00
4.94445e+03	1.58001e+00
5.08022e+03	1.54499e+00
5.21972e+03	1.51071e+00
5.36305e+03	1.47715e+00
5.51032e+03	1.44431e+00
5.66163e+03	1.41216e+00
5.81709e+03	1.38069e+00
5.97683e+03	1.34990e+00
6.14095e+03	1.31976e+00
6.30957e+03	1.29026e+00
6.48283e+03	1.26140e+00
6.66085e+03	1.23315e+00
6.84375e+03	1.20551e+00
7.03168e+03	1.17846e+00
7.22476e+03	1.15200e+00
7.42315e+03	1.12610e+00
7.62699e+03	1.10077e+00
7.83642e+03	1.07598e+00
8.05160e+03	1.05173e+00
8.27270e+03	1.02800e+00
8.49986e+03	1.00479e+00
8.73326e+03	9.82086e-01
8.97307e+03	9.59874e-01
9.21947e+03	9.38146e-01
9.47263e+03	9.16893e-01
9.73274e+03	8.96103e-01
1.00000e+04	8.75769e-01
