# S2 cross section
256
1.00000e+01	0.00000e+00
1.02746e+01	0.00000e+00
1.05567e+01	7.40325e-01
1.08466e+01	1.53155e+00
1.11445e+01	2.13204e+00
1.14505e+01	2.64707e+00
1.17649e+01	3.14632e+00
1.20880e+01	3.67327e+00
1.24199e+01	4.25249e+00
1.27609e+01	4.89510e+00
1.31113e+01	5.60299e+00
1.34714e+01	6.37196e+00
1.38413e+01	7.19407e+00
1.42214e+01	8.05937e+00
1.46119e+01	8.95711e+00
1.50131e+01	9.87662e+00
1.54254e+01	1.08078e+01
1.58489e+01	1.17416e+01
1.62841e+01	1.26700e+01
1.67313e+01	1.35862e+01
1.71907e+01	1.44846e+01
1.76628e+01	1.53607e+01
1.81478e+01	1.62112e+01
1.86461e+01	1.70334e+01
1.91581e+01	1.78258e+01
1.96842e+01	1.85871e+01
2.02247e+01	1.93169e+01
2.07801e+01	2.00151e+01
2.13507e+01	2.06822e+01
2.19370e+01	2.13186e+01
2.25393e+01	2.19251e+01
2.31583e+01	2.25027e+01
2.37942e+01	2.30524e+01
2.44475e+01	2.35753e+01
2.51189e+01	2.40725e+01
2.58086e+01	2.45449e+01
2.65173e+01	2.49937e+01
2.72455e+01	2.54198e+01
2.79936e+01	2.58241e+01
2.87623e+01	2.62075e+01
2.95521e+01	2.65708e+01
3.03636e+01	2.69146e+01
3.11974e+01	2.72397e+01
3.20540e+01	2.75466e+01
3.29342e+01	2.78357e+01
3.38385e+01	2.81077e+01
3.47677e+01	2.83628e+01
3.57225e+01	2.86014e+01
3.67034e+01	2.88239e+01
3.77112e+01	2.90306e+01
3.87467e+01	2.92216e+01
3.98107e+01	2.93973e+01
4.09039e+01	2.95578e+01
4.20271e+01	2.97034e+01
4.31811e+01	2.98342e+01
4.43669e+01	2.99504e+01
4.55852e+01	3.00522e+01
4.68369e+01	3.01398e+01
4.81230e+01	3.02133e+01
4.94445e+01	3.02730e+01
5.08022e+01	3.03190e+01
5.21972e+01	3.03515e+01
5.36305e+01	3.03707e+01
5.51032e+01	3.03769e+01
5.66163e+01	3.03702e+01
5.81709e+01	3.03509e+01
5.97683e+01	3.03193e+01
6.14095e+01	3.02755e+01
6.30957e+01	3.02198e+01
6.48283e+01	3.01525e+01
6.66085e+01	3.00739e+01
6.84375e+01	2.99843e+01
7.03168e+01	2.98839e+01
7.22476e+01	2.97731e+01
7.42315e+01	2.96521e+01
7.62699e+01	2.95213e+01
7.83642e+01	2.93810e+01
8.05160e+01	2.92315e+01
8.27270e+01	2.90731e+01
8.49986e+01	2.89061e+01
8.73326e+01	2.87309e+01
8.97307e+01	2.85478e+01
9.21947e+01	2.83571e+01
9.47263e+01	2.81592e+01
9.73274e+01	2.79543e+01
1.00000e+02	2.77429e+01
1.02746e+02	2.75252e+01
1.05567e+02	2.73015e+01
1.08466e+02	2.70722e+01
1.11445e+02	2.68375e+01
1.14505e+02	2.65979e+01
1.17649e+02	2.63535e+01
1.20880e+02	2.61047e+01
1.24199e+02	2.58518e+01
1.27609e+02	2.55951e+01
1.31113e+02	2.53349e+01
1.34714e+02	2.50713e+01
1.38413e+02	2.48048e+01
1.42214e+02	2.45355e+01
1.46119e+02	2.42638e+01
1.50131e+02	2.39898e+01
1.54254e+02	2.37139e+01
1.58489e+02	2.34362e+01
1.62841e+02	2.31570e+01
1.67313e+02	2.28766e+01
1.71907e+02	2.25950e+01
1.76628e+02	2.23126e+01
1.81478e+02	2.20296e+01
1.86461e+02	2.17461e+01
1.91581e+02	2.14623e+01
1.96842e+02	2.11784e+01
2.02247e+02	2.08946e+01
2.07801e+02	2.06111e+01
2.13507e+02	2.03279e+01
2.19370e+02	2.00454e+01
2.25393e+02	1.97635e+01
2.31583e+02	1.94826e+01
2.37942e+02	1.92026e+01
2.44476e+02	1.89237e+01
2.51189e+02	1.86461e+01
2.58086e+02	1.83699e+01
2.65173e+02	1.80951e+01
2.72455e+02	1.78219e+01
2.79936e+02	1.75504e+01
2.87623e+02	1.72807e+01
2.95521e+02	1.70128e+01
3.03636e+02	1.67469e+01
3.11974e+02	1.64831e+01
3.20540e+02	1.62213e+01
3.29342e+02	1.59617e+01
3.38385e+02	1.57043e+01
3.47677e+02	1.54493e+01
3.57224e+02	1.51966e+01
3.67034e+02	1.49463e+01
3.77112e+02	1.46985e+01
3.87467e+02	1.44532e+01
3.98107e+02	1.42104e+01
4.09039e+02	1.39702e+01
4.20271e+02	1.37327e+01
4.31811e+02	1.34977e+01
4.43669e+02	1.32655e+01
4.55852e+02	1.30359e+01
4.68369e+02	1.28091e+01
4.81230e+02	1.25850e+01
4.94445e+02	1.23637e+01
5.08022e+02	1.21451e+01
5.21972e+02	1.19294e+01
5.36305e+02	1.17164e+01
5.51032e+02	1.15061e+01
5.66163e+02	1.12987e+01
5.81709e+02	1.10941e+01
5.97683e+02	1.08923e+01
6.14095e+02	1.06933e+01
6.30957e+02	1.04971e+01
6.48283e+02	1.03036e+01
6.66085e+02	1.01130e+01
6.84375e+02	9.92506e+00
7.03168e+02	9.73992e+00
7.22476e+02	9.55753e+00
7.42315e+02	9.37787e+00
7.62699e+02	9.20094e+00
7.83642e+02	9.02670e+00
8.05160e+02	8.85515e+00
8.27270e+02	8.68627e+00
8.49986e+02	8.52004e+00
8.73326e+02	8.35644e+00
8.97307e+02	8.19545e+00
9.21947e+02	8.03705e+00
9.47263e+02	7.88122e+00
9.73274e+02	7.72793e+00
1.00000e+03	7.57716e+00
1.02746e+03	7.42889e+00
1.05567e+03	7.28309e+00
1.08466e+03	7.13974e+00
1.11444e+03	6.99881e+00
1.14505e+03	6.86027e+00
1.17649e+03	6.72411e+00
1.20880e+03	6.59029e+00
1.24199e+03	6.45879e+00
1.27609e+03	6.32957e+00
1.31113e+03	6.20262e+00
1.34714e+03	6.07790e+00
1.38413e+03	5.95539e+00
1.42214e+03	5.83505e+00
1.46119e+03	5.71687e+00
1.50131e+03	5.60081e+00
1.54254e+03	5.48685e+00
1.58489e+03	5.37495e+00
1.62841e+03	5.26509e+00
1.67313e+03	5.15724e+00
1.71907e+03	5.05138e+00
1.76628e+03	4.94746e+00
1.81478e+03	4.84548e+00
1.86461e+03	4.74539e+00
1.91581e+03	4.64717e+00
1.96842e+03	4.55079e+00
2.02247e+03	4.45623e+00
2.07801e+03	4.36345e+00
2.13507e+03	4.27244e+00
2.19370e+03	4.18316e+00
2.25393e+03	4.09558e+00
2.31583e+03	4.00968e+00
2.37942e+03	3.92543e+00
2.44476e+03	3.84281e+00
2.51189e+03	3.76179e+00
2.58086e+03	3.68234e+00
2.65173e+03	3.60444e+00
2.72455e+03	3.52807e+00
2.79936e+03	3.45319e+00
2.87623e+03	3.37978e+00
2.95521e+03	3.30782e+00
3.03636e+03	3.23728e+00
3.11974e+03	3.16814e+00
3.20540e+03	3.10037e+00
3.29342e+03	3.03396e+00
3.38386e+03	2.96887e+00
3.47677e+03	2.90509e+00
3.57224e+03	2.84259e+00
3.67034e+03	2.78134e+00
3.77112e+03	2.72133e+00
3.87468e+03	2.66254e+00
3.98107e+03	2.60494e+00
4.09039e+03	2.54851e+00
4.20271e+03	2.49323e+00
4.31811e+03	2.43908e+00
4.43669e+03	2.38603e+00
4.55852e+03	2.33408e+00
4.68369e+03	2.28319e+00
4.81230e+03	2.23335e+00
4.94445e+03	2.18454e+00
5.08022e+03	2.13674e+00
5.21972e+03	2.08993e+00
5.36305e+03	2.04409e+00
5.51032e+03	1.99920e+00
5.66163e+03	1.95525e+00
5.81709e+03	1.91222e+00
5.97683e+03	1.87009e+00
6.14095e+03	1.82884e+00
6.30957e+03	1.78846e+00
6.48283e+03	1.74892e+00
6.66085e+03	1.71022e+00
6.84375e+03	1.67234e+00
7.03168e+03	1.63525e+00
7.22476e+03	1.59895e+00
7.42315e+03	1.56343e+00
7.62699e+03	1.52865e+00
7.83642e+03	1.49462e+00
8.05160e+03	1.46131e+00
8.27270e+03	1.42871e+00
8.49986e+03	1.39681e+00
8.73326e+03	1.36559e+00
8.97307e+03	1.33504e+00
9.21947e+03	1.30515e+00
9.47263e+03	1.27590e+00
9.73274e+03	1.24728e+00
1.00000e+04	1.21927e+00
