# SO3 cross section
256
1.00000e+01	0.00000e+00
1.04618e+01	2.04802e-01
1.09450e+01	8.75781e-01
1.14505e+01	1.32896e+00
1.19793e+01	1.75581e+00
1.25325e+01	2.24518e+00
1.31113e+01	2.82602e+00
1.37169e+01	3.62624e+00
1.43504e+01	4.79056e+00
1.50131e+01	5.67173e+00
1.57065e+01	6.53177e+00
1.64318e+01	7.47140e+00
1.71907e+01	8.50576e+00
1.79846e+01	9.61031e+00
1.88152e+01	1.07474e+01
1.96842e+01	1.18803e+01
2.05933e+01	1.29793e+01
2.15444e+01	1.40241e+01
2.25393e+01	1.50029e+01
2.35803e+01	1.59114e+01
2.46693e+01	1.67502e+01
2.58086e+01	1.75239e+01
2.70006e+01	1.82390e+01
2.82475e+01	1.89028e+01
2.95521e+01	1.95227e+01
3.09169e+01	2.01054e+01
3.23448e+01	2.06568e+01
3.38385e+01	2.11816e+01
3.54013e+01	2.16832e+01
3.70363e+01	2.21639e+01
3.87467e+01	2.26251e+01
4.05362e+01	2.30672e+01
4.24083e+01	2.34900e+01
4.43669e+01	2.38928e+01
4.64159e+01	2.42743e+01
4.85595e+01	2.46332e+01
5.08022e+01	2.49680e+01
5.31484e+01	2.52772e+01
5.56030e+01	2.55592e+01
5.81709e+01	2.58127e+01
6.08575e+01	2.60365e+01
6.36681e+01	2.62298e+01
6.66085e+01	2.63917e+01
6.96847e+01	2.65217e+01
7.29030e+01	2.66196e+01
7.62699e+01	2.66853e+01
7.97923e+01	2.67190e+01
8.34773e+01	2.67210e+01
8.73326e+01	2.66918e+01
9.13659e+01	2.66323e+01
9.55855e+01	2.65432e+01
1.00000e+02	2.64256e+01
1.04618e+02	2.62805e+01
1.09450e+02	2.61091e+01
1.14505e+02	2.59126e+01
1.19793e+02	2.56925e+01
1.25325e+02	2.54499e+01
1.31113e+02	2.51864e+01
1.37169e+02	2.49034e+01
1.43504e+02	2.46021e+01
1.50131e+02	2.42841e+01
1.57065e+02	2.39506e+01
1.64318e+02	2.36032e+01
1.71907e+02	2.32430e+01
1.79846e+02	2.28715e+01
1.88152e+02	2.24898e+01
1.96842e+02	2.20993e+01
2.05933e+02	2.17010e+01
2.15444e+02	2.12962e+01
2.25393e+02	2.08859e+01
2.35803e+02	2.04711e+01
2.46693e+02	2.00528e+01
2.58086e+02	1.96320e+01
2.70005e+02	1.92096e+01
2.82475e+02	1.87863e+01
2.95521e+02	1.83629e+01
3.09169e+02	1.79402e+01
3.23448e+02	1.75189e+01
3.38385e+02	1.70995e+01
3.54013e+02	1.66827e+01
3.70363e+02	1.62691e+01
3.87467e+02	1.58590e+01
4.05362e+02	1.54530e+01
4.24083e+02	1.50515e+01
4.43669e+02	1.46548e+01
4.64159e+02	1.42633e+01
4.85595e+02	1.38774e+01
5.08022e+02	1.34972e+01
5.31484e+02	1.31230e+01
5.56030e+02	1.27551e+01
5.81709e+02	1.23936e+01
6.08574e+02	1.20387e+01
6.36681e+02	1.16905e+01
6.66085e+02	1.13491e+01
6.96847e+02	1.10146e+01
7.29029e+02	1.06871e+01
7.62699e+02	1.03667e+01
7.97923e+02	1.00533e+01
8.34773e+02	9.74696e+00
8.73326e+02	9.44772e+00
9.13659e+02	9.15555e+00
9.55855e+02	8.87042e+00
1.00000e+03	8.59229e+00
1.04618e+03	8.32113e+00
1.09450e+03	8.05686e+00
1.14505e+03	7.79942e+00
1.19793e+03	7.54875e+00
1.25325e+03	7.30475e+00
1.31113e+03	7.06734e+00
1.37169e+03	6.83643e+00
1.43504e+03	6.61191e+00
1.50131e+03	6.39369e+00
1.57065e+03	6.18166e+00
1.64318e+03	5.97570e+00
1.71907e+03	5.77571e+00
1.79846e+03	5.58157e+00
1.88152e+03	5.39316e+00
1.96842e+03	5.21036e+00
2.05933e+03	5.03306e+00
2.15443e+03	4.86112e+00
2.25393e+03	4.69444e+00
2.35803e+03	4.53289e+00
2.46693e+03	4.37635e+00
2.58086e+03	4.22469e+00
2.70005e+03	4.07781e+00
2.82475e+03	3.93557e+00
2.95521e+03	3.79786e+00
3.09169e+03	3.66456e+00
3.23448e+03	3.53556e+00
3.38386e+03	3.41074e+00
3.54013e+03	3.28998e+00
3.70363e+03	3.17318e+00
3.87468e+03	3.06023e+00
4.05362e+03	2.95102e+00
4.24083e+03	2.84543e+00
4.43669e+03	2.74337e+00
4.64159e+03	2.64474e+00
4.85595e+03	2.54942e+00
5.08022e+03	2.45734e+00
5.31484e+03	2.36838e+00
5.56030e+03	2.28245e+00
5.81709e+03	2.19947e+00
6.08574e+03	2.11933e+00
6.36681e+03	2.04196e+00
6.66085e+03	1.96727e+00
6.96847e+03	1.89516e+00
7.29030e+03	1.82557e+00
7.62699e+03	1.75842e+00
7.97923e+03	1.69361e+00
8.34773e+03	1.63108e+00
8.73326e+03	1.57076e+00
9.13659e+03	1.51257e+00
9.55855e+03	1.45644e+00
1.00000e+04	1.40231e+00
1.04618e+04	1.35011e+00
1.09450e+04	1.29977e+00
1.14505e+04	1.25124e+00
1.19793e+04	1.20444e+00
1.25325e+04	1.15934e+00
1.31113e+04	1.11586e+00
1.37169e+04	1.07395e+00
1.43504e+04	1.03356e+00
1.50131e+04	9.94635e-01
1.57065e+04	9.57127e-01
1.64318e+04	9.20988e-01
1.71907e+04	8.86168e-01
1.79847e+04	8.52624e-01
1.88152e+04	8.20309e-01
1.96842e+04	7.89182e-01
2.05933e+04	7.59200e-01
2.15443e+04	7.30324e-01
2.25393e+04	7.02514e-01
2.35803e+04	6.75734e-01
2.46693e+04	6.49946e-01
2.58086e+04	6.25115e-01
2.70005e+04	6.01208e-01
2.82475e+04	5.78191e-01
2.95521e+04	5.56032e-01
3.09169e+04	5.34701e-01
3.23448e+04	5.14167e-01
3.38386e+04	4.94403e-01
3.54013e+04	4.75381e-01
3.70363e+04	4.57073e-01
3.87468e+04	4.39453e-01
4.05362e+04	4.22497e-01
4.24083e+04	4.06181e-01
4.43669e+04	3.90481e-01
4.64159e+04	3.75374e-01
4.85595e+04	3.60840e-01
5.08022e+04	3.46856e-01
5.31484e+04	3.33403e-01
5.56030e+04	3.20461e-01
5.81709e+04	3.08011e-01
6.08574e+04	2.96035e-01
6.36681e+04	2.84516e-01
6.66085e+04	2.73436e-01
6.96847e+04	2.62780e-01
7.29029e+04	2.52531e-01
7.62699e+04	2.42675e-01
7.97923e+04	2.33196e-01
8.34773e+04	2.24081e-01
8.73326e+04	2.15315e-01
9.13659e+04	2.06887e-01
9.55855e+04	1.98783e-01
1.00000e+05	1.90991e-01
1.04618e+05	1.83499e-01
1.09450e+05	1.76297e-01
1.14505e+05	1.69372e-01
1.19793e+05	1.62715e-01
1.25325e+05	1.56316e-01
1.31113e+05	1.50164e-01
1.37169e+05	1.44251e-01
1.43504e+05	1.38567e-01
1.50131e+05	1.33103e-01
1.57065e+05	1.27852e-01
1.64318e+05	1.22805e-01
1.71907e+05	1.17954e-01
1.79846e+05	1.13292e-01
1.88152e+05	1.08812e-01
1.96842e+05	1.04507e-01
2.05933e+05	1.00369e-01
2.15444e+05	9.63930e-02
2.25393e+05	9.25724e-02
2.35803e+05	8.89012e-02
2.46693e+05	8.53737e-02
2.58086e+05	8.19843e-02
2.70006e+05	7.87278e-02
2.82475e+05	7.55990e-02
2.95521e+05	7.25929e-02
3.09169e+05	6.97049e-02
3.23448e+05	6.69304e-02
3.38386e+05	6.42650e-02
3.54013e+05	6.17044e-02
3.70363e+05	5.92446e-02
3.87468e+05	5.68818e-02
4.05362e+05	5.46121e-02
4.24083e+05	5.24319e-02
4.43669e+05	5.03377e-02
4.64159e+05	4.83263e-02
4.85595e+05	4.63943e-02
5.08022e+05	4.45387e-02
5.31484e+05	4.27565e-02
5.56030e+05	4.10448e-02
5.81709e+05	3.94010e-02
6.08574e+05	3.78222e-02
6.36680e+05	3.63061e-02
6.66085e+05	3.48501e-02
6.96847e+05	3.34519e-02
7.29030e+05	3.21092e-02
7.62699e+05	3.08199e-02
7.97923e+05	2.95818e-02
8.34773e+05	2.83930e-02
8.73326e+05	2.72515e-02
9.13659e+05	2.61554e-02
9.55855e+05	2.51030e-02
1.00000e+06	2.40925e-02
