#Orbital	B	U	N	Q
1	305.6210	435.4567	2	1
2	305.6044	435.6408	2	1
3	305.6044	435.6408	2	1
4	305.5687	435.9977	2	1
5	305.5687	435.9977	2	1
6	305.5513	436.2524	2	1
7	31.6822	39.6644	2	1
8	28.3053	43.3973	2	1
9	28.5257	43.7350	2	1
10	19.8420	34.4945	2	1
11	19.8420	34.4945	2	1
12	17.5103	22.9324	2	1
13	15.8017	30.9527	2	1
14	15.2060	36.0320	2	1
15	14.5722	29.6914	2	1
16	14.5722	29.6914	2	1
17	12.5698	21.6856	2	1
18	12.3420	34.8771	2	1
19	12.3420	34.8771	2	1
20	9.4987	28.7687	2	1
21	9.4987	28.7687	2	1
