#Orbital	B	U	N	Q
1	424.2816	601.4001	1	1
2	307.5368	435.2699	1	1
3	306.6759	435.9344	1	1
4	34.3843	62.1679	1	1
5	25.5730	37.1474	1	1
6	18.1854	36.3258	1	1
7	17.0553	26.1779	1	1
8	14.0228	47.6368	1	1
9	14.1486	33.3810	1	1
10	13.0838	38.5920	1	1
11	10.5577	34.3443	1	1
12	423.6717	602.6218	1	1
13	307.1047	435.2352	1	1
14	306.9336	436.4247	1	1
15	33.3258	59.6158	1	1
16	26.8141	41.9967	1	1
17	18.0090	35.1247	1	1
18	16.8283	25.2595	1	1
19	13.2851	46.8664	1	1
20	13.4158	32.8855	1	1
21	12.8117	36.3599	1	1
