#Orbital	B	U	N	Q
1	425.0794	601.0259	1	1
2	308.0503	434.8500	1	1
3	307.4133	434.9650	1	1
4	306.9978	436.1531	1	1
5	306.7501	436.3292	1	1
6	35.1163	62.1862	1	1
7	33.0292	51.3590	1	1
8	28.6046	47.9862	1	1
9	21.1514	41.8979	1	1
10	18.6387	34.1032	1	1
11	14.4272	47.9935	1	1
12	14.3722	31.1328	1	1
13	14.3722	31.1328	1	1
14	12.6427	32.1775	1	1
15	12.6427	32.1775	1	1
16	9.9779	32.9856	1	1
17	9.9779	32.9856	1	1
18	424.0628	603.0543	1	1
19	307.6885	435.0690	1	1
20	307.4947	435.0990	1	1
21	307.0516	436.6363	1	1
22	306.5273	436.6394	1	1
23	32.4605	56.2536	1	1
24	29.8074	48.4186	1	1
25	23.3939	44.6659	1	1
26	20.8360	42.2549	1	1
27	18.1277	30.9709	1	1
28	13.2030	46.3649	1	1
29	13.8111	28.8756	1	1
30	13.8111	28.8756	1	1
31	11.8985	31.4175	1	1
32	11.8985	31.4175	1	1
