# c-C6H6 cross section
256
1.00000e+01	6.64470e-01	3.20462e-01
1.04618e+01	1.22409e+00	8.33854e-01
1.09450e+01	1.81615e+00	1.38377e+00
1.14505e+01	2.43243e+00	1.96159e+00
1.19793e+01	3.06571e+00	2.55978e+00
1.25325e+01	3.88422e+00	3.17173e+00
1.31113e+01	4.84179e+00	3.79165e+00
1.37169e+01	5.82240e+00	4.41448e+00
1.43504e+01	6.97021e+00	5.03583e+00
1.50131e+01	8.38924e+00	5.65184e+00
1.57065e+01	9.94786e+00	6.25918e+00
1.64318e+01	1.16368e+01	6.85492e+00
1.71907e+01	1.33455e+01	7.49047e+00
1.79846e+01	1.51512e+01	8.24268e+00
1.88152e+01	1.69714e+01	8.99119e+00
1.96842e+01	1.87795e+01	9.73095e+00
2.05933e+01	2.05642e+01	1.04575e+01
2.15444e+01	2.23153e+01	1.11672e+01
2.25393e+01	2.40332e+01	1.18566e+01
2.35803e+01	2.58107e+01	1.25909e+01
2.46693e+01	2.75420e+01	1.33080e+01
2.58086e+01	2.92193e+01	1.40321e+01
2.70006e+01	3.08361e+01	1.48061e+01
2.82475e+01	3.24235e+01	1.55722e+01
2.95521e+01	3.39886e+01	1.63421e+01
3.09169e+01	3.54851e+01	1.70862e+01
3.23448e+01	3.69309e+01	1.78099e+01
3.38385e+01	3.83136e+01	1.85278e+01
3.54013e+01	3.96187e+01	1.92130e+01
3.70363e+01	4.08431e+01	1.98628e+01
3.87467e+01	4.19846e+01	2.04750e+01
4.05362e+01	4.30416e+01	2.10477e+01
4.24083e+01	4.40131e+01	2.15854e+01
4.43669e+01	4.48985e+01	2.21001e+01
4.64159e+01	4.56979e+01	2.25741e+01
4.85595e+01	4.64114e+01	2.30065e+01
5.08022e+01	4.70399e+01	2.33969e+01
5.31484e+01	4.75845e+01	2.37450e+01
5.56030e+01	4.80464e+01	2.40510e+01
5.81709e+01	4.84273e+01	2.43151e+01
6.08575e+01	4.87291e+01	2.45378e+01
6.36681e+01	4.89539e+01	2.47199e+01
6.66085e+01	4.91039e+01	2.48622e+01
6.96847e+01	4.91817e+01	2.49656e+01
7.29030e+01	4.91897e+01	2.50313e+01
7.62699e+01	4.91306e+01	2.50605e+01
7.97923e+01	4.90073e+01	2.50544e+01
8.34773e+01	4.88227e+01	2.50145e+01
8.73326e+01	4.85797e+01	2.49423e+01
9.13659e+01	4.82813e+01	2.48391e+01
9.55855e+01	4.79305e+01	2.47064e+01
1.00000e+02	4.75304e+01	2.45556e+01
1.04618e+02	4.70840e+01	2.43794e+01
1.09450e+02	4.65945e+01	2.41789e+01
1.14505e+02	4.60647e+01	2.39556e+01
1.19793e+02	4.54976e+01	2.37107e+01
1.25325e+02	4.48963e+01	2.34458e+01
1.31113e+02	4.42636e+01	2.31622e+01
1.37169e+02	4.36023e+01	2.28614e+01
1.43504e+02	4.29151e+01	2.25447e+01
1.50131e+02	4.22049e+01	2.22135e+01
1.57065e+02	4.14740e+01	2.18692e+01
1.64318e+02	4.07251e+01	2.15131e+01
1.71907e+02	3.99606e+01	2.11464e+01
1.79846e+02	3.91828e+01	2.07704e+01
1.88152e+02	3.83938e+01	2.03863e+01
1.96842e+02	3.75959e+01	1.99953e+01
2.05933e+02	3.67909e+01	1.95985e+01
2.15444e+02	3.59809e+01	1.91986e+01
2.25393e+02	3.51677e+01	1.87957e+01
2.35803e+02	3.43529e+01	1.83900e+01
2.46693e+02	3.35382e+01	1.79826e+01
2.58086e+02	3.27250e+01	1.75741e+01
2.70005e+02	3.19147e+01	1.71654e+01
2.82475e+02	3.11087e+01	1.67573e+01
2.95521e+02	3.03081e+01	1.63503e+01
3.09169e+02	2.95146e+01	1.59452e+01
3.23448e+02	2.87304e+01	1.55425e+01
3.38385e+02	2.79547e+01	1.51429e+01
3.54013e+02	2.71886e+01	1.47467e+01
3.70363e+02	2.64327e+01	1.43550e+01
3.87467e+02	2.56877e+01	1.39677e+01
4.05362e+02	2.49541e+01	1.35852e+01
4.24083e+02	2.42326e+01	1.32080e+01
4.43669e+02	2.35235e+01	1.28362e+01
4.64159e+02	2.28273e+01	1.24702e+01
4.85595e+02	2.21443e+01	1.21102e+01
5.08022e+02	2.14748e+01	1.17565e+01
5.31484e+02	2.08191e+01	1.14092e+01
5.56030e+02	2.01773e+01	1.10685e+01
5.81709e+02	1.95495e+01	1.07346e+01
6.08574e+02	1.89360e+01	1.04075e+01
6.36681e+02	1.83367e+01	1.00873e+01
6.66085e+02	1.77517e+01	9.77419e+00
6.96847e+02	1.71810e+01	9.46811e+00
7.29029e+02	1.66246e+01	9.16913e+00
7.62699e+02	1.60823e+01	8.87725e+00
7.97923e+02	1.55541e+01	8.59246e+00
8.34773e+02	1.50400e+01	8.31477e+00
8.73326e+02	1.45397e+01	8.04413e+00
9.13659e+02	1.40531e+01	7.78050e+00
9.55855e+02	1.35801e+01	7.52382e+00
1.00000e+03	1.31204e+01	7.27404e+00
1.04618e+03	1.26739e+01	7.03108e+00
1.09450e+03	1.22404e+01	6.79485e+00
1.14505e+03	1.18196e+01	6.56527e+00
1.19793e+03	1.14113e+01	6.34223e+00
1.25325e+03	1.10153e+01	6.12565e+00
1.31113e+03	1.06314e+01	5.91541e+00
1.37169e+03	1.02592e+01	5.71139e+00
1.43504e+03	9.89859e+00	5.51349e+00
1.50131e+03	9.54926e+00	5.32158e+00
1.57065e+03	9.21095e+00	5.13555e+00
1.64318e+03	8.88342e+00	4.95526e+00
1.71907e+03	8.56640e+00	4.78060e+00
1.79846e+03	8.25963e+00	4.61143e+00
1.88152e+03	7.96286e+00	4.44764e+00
1.96842e+03	7.67582e+00	4.28909e+00
2.05933e+03	7.39826e+00	4.13565e+00
2.15443e+03	7.12993e+00	3.98719e+00
2.25393e+03	6.87057e+00	3.84360e+00
2.35803e+03	6.61994e+00	3.70474e+00
2.46693e+03	6.37779e+00	3.57048e+00
2.58086e+03	6.14388e+00	3.44070e+00
2.70005e+03	5.91796e+00	3.31529e+00
2.82475e+03	5.69981e+00	3.19410e+00
2.95521e+03	5.48920e+00	3.07704e+00
3.09169e+03	5.28589e+00	2.96397e+00
3.23448e+03	5.08966e+00	2.85478e+00
3.38386e+03	4.90030e+00	2.74935e+00
3.54013e+03	4.71760e+00	2.64758e+00
3.70363e+03	4.54135e+00	2.54935e+00
3.87468e+03	4.37133e+00	2.45456e+00
4.05362e+03	4.20737e+00	2.36309e+00
4.24083e+03	4.04925e+00	2.27485e+00
4.43669e+03	3.89679e+00	2.18973e+00
4.64159e+03	3.74981e+00	2.10763e+00
4.85595e+03	3.60813e+00	2.02847e+00
5.08022e+03	3.47157e+00	1.95213e+00
5.31484e+03	3.33996e+00	1.87853e+00
5.56030e+03	3.21313e+00	1.80759e+00
5.81709e+03	3.09094e+00	1.73920e+00
6.08574e+03	2.97321e+00	1.67330e+00
6.36681e+03	2.85979e+00	1.60979e+00
6.66085e+03	2.75055e+00	1.54859e+00
6.96847e+03	2.64533e+00	1.48964e+00
7.29030e+03	2.54400e+00	1.43284e+00
7.62699e+03	2.44642e+00	1.37813e+00
7.97923e+03	2.35245e+00	1.32543e+00
8.34773e+03	2.26199e+00	1.27468e+00
8.73326e+03	2.17489e+00	1.22581e+00
9.13659e+03	2.09105e+00	1.17875e+00
9.55855e+03	2.01034e+00	1.13344e+00
1.00000e+04	1.93266e+00	1.08982e+00
1.04618e+04	1.85790e+00	1.04783e+00
1.09450e+04	1.78595e+00	1.00740e+00
1.14505e+04	1.71671e+00	9.68493e-01
1.19793e+04	1.65009e+00	9.31045e-01
1.25325e+04	1.58598e+00	8.95006e-01
1.31113e+04	1.52431e+00	8.60324e-01
1.37169e+04	1.46497e+00	8.26952e-01
1.43504e+04	1.40789e+00	7.94841e-01
1.50131e+04	1.35299e+00	7.63946e-01
1.57065e+04	1.30017e+00	7.34223e-01
1.64318e+04	1.24937e+00	7.05630e-01
1.71907e+04	1.20052e+00	6.78123e-01
1.79847e+04	1.15353e+00	6.51665e-01
1.88152e+04	1.10834e+00	6.26216e-01
1.96842e+04	1.06489e+00	6.01740e-01
2.05933e+04	1.02311e+00	5.78200e-01
2.15443e+04	9.82931e-01	5.55562e-01
2.25393e+04	9.44303e-01	5.33792e-01
2.35803e+04	9.07164e-01	5.12858e-01
2.46693e+04	8.71459e-01	4.92729e-01
2.58086e+04	8.37134e-01	4.73375e-01
2.70005e+04	8.04137e-01	4.54767e-01
2.82475e+04	7.72417e-01	4.36877e-01
2.95521e+04	7.41928e-01	4.19678e-01
3.09169e+04	7.12622e-01	4.03144e-01
3.23448e+04	6.84454e-01	3.87250e-01
3.38386e+04	6.57382e-01	3.71972e-01
3.54013e+04	6.31364e-01	3.57287e-01
3.70363e+04	6.06359e-01	3.43171e-01
3.87468e+04	5.82329e-01	3.29605e-01
4.05362e+04	5.59237e-01	3.16566e-01
4.24083e+04	5.37047e-01	3.04035e-01
4.43669e+04	5.15725e-01	2.91992e-01
4.64159e+04	4.95237e-01	2.80420e-01
4.85595e+04	4.75552e-01	2.69299e-01
5.08022e+04	4.56638e-01	2.58612e-01
5.31484e+04	4.38466e-01	2.48344e-01
5.56030e+04	4.21007e-01	2.38477e-01
5.81709e+04	4.04235e-01	2.28997e-01
6.08574e+04	3.88121e-01	2.19889e-01
6.36681e+04	3.72642e-01	2.11138e-01
6.66085e+04	3.57772e-01	2.02730e-01
6.96847e+04	3.43488e-01	1.94653e-01
7.29029e+04	3.29768e-01	1.86894e-01
7.62699e+04	3.16588e-01	1.79440e-01
7.97923e+04	3.03930e-01	1.72279e-01
8.34773e+04	2.91771e-01	1.65401e-01
8.73326e+04	2.80093e-01	1.58794e-01
9.13659e+04	2.68877e-01	1.52448e-01
9.55855e+04	2.58105e-01	1.46352e-01
1.00000e+05	2.47759e-01	1.40497e-01
1.04618e+05	2.37824e-01	1.34874e-01
1.09450e+05	2.28283e-01	1.29473e-01
1.14505e+05	2.19120e-01	1.24286e-01
1.19793e+05	2.10321e-01	1.19304e-01
1.25325e+05	2.01872e-01	1.14520e-01
1.31113e+05	1.93759e-01	1.09926e-01
1.37169e+05	1.85968e-01	1.05514e-01
1.43504e+05	1.78487e-01	1.01277e-01
1.50131e+05	1.71304e-01	9.72087e-02
1.57065e+05	1.64408e-01	9.33020e-02
1.64318e+05	1.57786e-01	8.95506e-02
1.71907e+05	1.51429e-01	8.59486e-02
1.79846e+05	1.45325e-01	8.24900e-02
1.88152e+05	1.39465e-01	7.91691e-02
1.96842e+05	1.33839e-01	7.59807e-02
2.05933e+05	1.28437e-01	7.29194e-02
2.15444e+05	1.23252e-01	6.99803e-02
2.25393e+05	1.18274e-01	6.71585e-02
2.35803e+05	1.13495e-01	6.44494e-02
2.46693e+05	1.08908e-01	6.18486e-02
2.58086e+05	1.04505e-01	5.93518e-02
2.70006e+05	1.00278e-01	5.69548e-02
2.82475e+05	9.62201e-02	5.46538e-02
2.95521e+05	9.23253e-02	5.24449e-02
3.09169e+05	8.85868e-02	5.03246e-02
3.23448e+05	8.49985e-02	4.82891e-02
3.38386e+05	8.15543e-02	4.63353e-02
3.54013e+05	7.82485e-02	4.44599e-02
3.70363e+05	7.50756e-02	4.26598e-02
3.87468e+05	7.20303e-02	4.09319e-02
4.05362e+05	6.91075e-02	3.92734e-02
4.24083e+05	6.63024e-02	3.76815e-02
4.43669e+05	6.36103e-02	3.61537e-02
4.64159e+05	6.10266e-02	3.46873e-02
4.85595e+05	5.85471e-02	3.32799e-02
5.08022e+05	5.61675e-02	3.19291e-02
5.31484e+05	5.38839e-02	3.06328e-02
5.56030e+05	5.16925e-02	2.93887e-02
5.81709e+05	4.95895e-02	2.81947e-02
6.08574e+05	4.75714e-02	2.70488e-02
6.36680e+05	4.56349e-02	2.59492e-02
6.66085e+05	4.37766e-02	2.48939e-02
6.96847e+05	4.19934e-02	2.38812e-02
7.29030e+05	4.02824e-02	2.29094e-02
7.62699e+05	3.86406e-02	2.19769e-02
7.97923e+05	3.70652e-02	2.10821e-02
8.34773e+05	3.55536e-02	2.02234e-02
8.73326e+05	3.41033e-02	1.93994e-02
9.13659e+05	3.27116e-02	1.86088e-02
9.55855e+05	3.13764e-02	1.78502e-02
1.00000e+06	3.00954e-02	1.71223e-02
