# C14H10 cross section
256
1.00000e+01	5.78532e+00	3.82089e+00
1.04618e+01	7.43601e+00	4.57172e+00
1.09450e+01	9.15498e+00	5.33633e+00
1.14505e+01	1.11311e+01	6.25588e+00
1.19793e+01	1.34667e+01	7.24202e+00
1.25325e+01	1.59957e+01	8.23957e+00
1.31113e+01	1.87477e+01	9.24073e+00
1.37169e+01	2.17286e+01	1.02386e+01
1.43504e+01	2.49829e+01	1.12274e+01
1.50131e+01	2.84965e+01	1.23194e+01
1.57065e+01	3.22304e+01	1.35534e+01
1.64318e+01	3.59764e+01	1.47844e+01
1.71907e+01	3.97789e+01	1.60037e+01
1.79846e+01	4.36532e+01	1.72039e+01
1.88152e+01	4.75843e+01	1.84072e+01
1.96842e+01	5.15398e+01	1.96337e+01
2.05933e+01	5.54408e+01	2.08972e+01
2.15444e+01	5.93030e+01	2.21403e+01
2.25393e+01	6.30975e+01	2.34645e+01
2.35803e+01	6.68896e+01	2.47721e+01
2.46693e+01	7.06189e+01	2.60428e+01
2.58086e+01	7.42413e+01	2.72703e+01
2.70006e+01	7.77472e+01	2.84582e+01
2.82475e+01	8.11535e+01	2.96370e+01
2.95521e+01	8.44648e+01	3.07990e+01
3.09169e+01	8.76752e+01	3.19073e+01
3.23448e+01	9.07475e+01	3.29920e+01
3.38385e+01	9.36904e+01	3.40252e+01
3.54013e+01	9.64598e+01	3.50236e+01
3.70363e+01	9.90479e+01	3.59834e+01
3.87467e+01	1.01450e+02	3.68907e+01
4.05362e+01	1.03662e+02	3.77549e+01
4.24083e+01	1.05683e+02	3.85568e+01
4.43669e+01	1.07511e+02	3.93230e+01
4.64159e+01	1.09146e+02	4.00358e+01
4.85595e+01	1.10589e+02	4.06824e+01
5.08022e+01	1.11843e+02	4.12617e+01
5.31484e+01	1.12909e+02	4.17732e+01
5.56030e+01	1.13791e+02	4.22166e+01
5.81709e+01	1.14493e+02	4.25923e+01
6.08575e+01	1.15019e+02	4.29011e+01
6.36681e+01	1.15373e+02	4.31509e+01
6.66085e+01	1.15561e+02	4.33411e+01
6.96847e+01	1.15590e+02	4.34689e+01
7.29030e+01	1.15463e+02	4.35358e+01
7.62699e+01	1.15189e+02	4.35490e+01
7.97923e+01	1.14772e+02	4.35150e+01
8.34773e+01	1.14220e+02	4.34274e+01
8.73326e+01	1.13539e+02	4.32876e+01
9.13659e+01	1.12737e+02	4.30976e+01
9.55855e+01	1.11819e+02	4.28606e+01
1.00000e+02	1.10793e+02	4.25824e+01
1.04618e+02	1.09666e+02	4.22611e+01
1.09450e+02	1.08445e+02	4.18990e+01
1.14505e+02	1.07136e+02	4.14986e+01
1.19793e+02	1.05746e+02	4.10622e+01
1.25325e+02	1.04282e+02	4.05923e+01
1.31113e+02	1.02750e+02	4.00932e+01
1.37169e+02	1.01157e+02	3.95663e+01
1.43504e+02	9.95079e+01	3.90131e+01
1.50131e+02	9.78099e+01	3.84357e+01
1.57065e+02	9.60684e+01	3.78366e+01
1.64318e+02	9.42890e+01	3.72178e+01
1.71907e+02	9.24771e+01	3.65814e+01
1.79846e+02	9.06379e+01	3.59303e+01
1.88152e+02	8.87763e+01	3.52678e+01
1.96842e+02	8.68971e+01	3.45943e+01
2.05933e+02	8.50046e+01	3.39113e+01
2.15444e+02	8.31033e+01	3.32213e+01
2.25393e+02	8.11971e+01	3.25254e+01
2.35803e+02	7.92898e+01	3.18250e+01
2.46693e+02	7.73849e+01	3.11215e+01
2.58086e+02	7.54857e+01	3.04170e+01
2.70005e+02	7.35954e+01	2.97124e+01
2.82475e+02	7.17168e+01	2.90087e+01
2.95521e+02	6.98526e+01	2.83070e+01
3.09169e+02	6.80062e+01	2.76086e+01
3.23448e+02	6.61829e+01	2.69143e+01
3.38385e+02	6.43810e+01	2.62252e+01
3.54013e+02	6.26024e+01	2.55420e+01
3.70363e+02	6.08487e+01	2.48657e+01
3.87467e+02	5.91213e+01	2.41973e+01
4.05362e+02	5.74214e+01	2.35371e+01
4.24083e+02	5.57503e+01	2.28858e+01
4.43669e+02	5.41089e+01	2.22438e+01
4.64159e+02	5.24980e+01	2.16118e+01
4.85595e+02	5.09185e+01	2.09903e+01
5.08022e+02	4.93708e+01	2.03795e+01
5.31484e+02	4.78555e+01	1.97800e+01
5.56030e+02	4.63730e+01	1.91917e+01
5.81709e+02	4.49236e+01	1.86150e+01
6.08574e+02	4.35074e+01	1.80500e+01
6.36681e+02	4.21246e+01	1.74971e+01
6.66085e+02	4.07752e+01	1.69562e+01
6.96847e+02	3.94591e+01	1.64276e+01
7.29029e+02	3.81763e+01	1.59111e+01
7.62699e+02	3.69265e+01	1.54068e+01
7.97923e+02	3.57096e+01	1.49147e+01
8.34773e+02	3.45252e+01	1.44347e+01
8.73326e+02	3.33730e+01	1.39669e+01
9.13659e+02	3.22526e+01	1.35111e+01
9.55855e+02	3.11637e+01	1.30673e+01
1.00000e+03	3.01058e+01	1.26353e+01
1.04618e+03	2.90784e+01	1.22151e+01
1.09450e+03	2.80811e+01	1.18064e+01
1.14505e+03	2.71132e+01	1.14092e+01
1.19793e+03	2.61742e+01	1.10233e+01
1.25325e+03	2.52637e+01	1.06484e+01
1.31113e+03	2.43810e+01	1.02844e+01
1.37169e+03	2.35256e+01	9.93115e+00
1.43504e+03	2.26968e+01	9.58840e+00
1.50131e+03	2.18940e+01	9.25597e+00
1.57065e+03	2.11168e+01	8.93365e+00
1.64318e+03	2.03643e+01	8.62123e+00
1.71907e+03	1.96362e+01	8.31849e+00
1.79846e+03	1.89316e+01	8.02522e+00
1.88152e+03	1.82501e+01	7.74120e+00
1.96842e+03	1.75910e+01	7.46622e+00
2.05933e+03	1.69538e+01	7.20005e+00
2.15443e+03	1.63379e+01	6.94249e+00
2.25393e+03	1.57425e+01	6.69330e+00
2.35803e+03	1.51673e+01	6.45228e+00
2.46693e+03	1.46116e+01	6.21920e+00
2.58086e+03	1.40749e+01	5.99387e+00
2.70005e+03	1.35566e+01	5.77606e+00
2.82475e+03	1.30561e+01	5.56557e+00
2.95521e+03	1.25729e+01	5.36219e+00
3.09169e+03	1.21066e+01	5.16571e+00
3.23448e+03	1.16565e+01	4.97595e+00
3.38386e+03	1.12223e+01	4.79270e+00
3.54013e+03	1.08033e+01	4.61577e+00
3.70363e+03	1.03992e+01	4.44497e+00
3.87468e+03	1.00094e+01	4.28012e+00
4.05362e+03	9.63344e+00	4.12102e+00
4.24083e+03	9.27096e+00	3.96751e+00
4.43669e+03	8.92148e+00	3.81941e+00
4.64159e+03	8.58458e+00	3.67655e+00
4.85595e+03	8.25985e+00	3.53876e+00
5.08022e+03	7.94687e+00	3.40589e+00
5.31484e+03	7.64526e+00	3.27776e+00
5.56030e+03	7.35464e+00	3.15423e+00
5.81709e+03	7.07464e+00	3.03515e+00
6.08574e+03	6.80489e+00	2.92037e+00
6.36681e+03	6.54505e+00	2.80974e+00
6.66085e+03	6.29477e+00	2.70314e+00
6.96847e+03	6.05373e+00	2.60041e+00
7.29030e+03	5.82160e+00	2.50144e+00
7.62699e+03	5.59808e+00	2.40610e+00
7.97923e+03	5.38287e+00	2.31425e+00
8.34773e+03	5.17567e+00	2.22579e+00
8.73326e+03	4.97620e+00	2.14059e+00
9.13659e+03	4.78419e+00	2.05854e+00
9.55855e+03	4.59938e+00	1.97954e+00
1.00000e+04	4.42150e+00	1.90346e+00
1.04618e+04	4.25031e+00	1.83022e+00
1.09450e+04	4.08557e+00	1.75972e+00
1.14505e+04	3.92704e+00	1.69185e+00
1.19793e+04	3.77451e+00	1.62652e+00
1.25325e+04	3.62776e+00	1.56364e+00
1.31113e+04	3.48657e+00	1.50313e+00
1.37169e+04	3.35074e+00	1.44489e+00
1.43504e+04	3.22008e+00	1.38885e+00
1.50131e+04	3.09440e+00	1.33493e+00
1.57065e+04	2.97352e+00	1.28306e+00
1.64318e+04	2.85725e+00	1.23314e+00
1.71907e+04	2.74543e+00	1.18513e+00
1.79847e+04	2.63790e+00	1.13894e+00
1.88152e+04	2.53449e+00	1.09450e+00
1.96842e+04	2.43506e+00	1.05177e+00
2.05933e+04	2.33944e+00	1.01066e+00
2.15443e+04	2.24751e+00	9.71129e-01
2.25393e+04	2.15913e+00	9.33110e-01
2.35803e+04	2.07415e+00	8.96549e-01
2.46693e+04	1.99246e+00	8.61392e-01
2.58086e+04	1.91393e+00	8.27586e-01
2.70005e+04	1.83844e+00	7.95082e-01
2.82475e+04	1.76587e+00	7.63830e-01
2.95521e+04	1.69612e+00	7.33783e-01
3.09169e+04	1.62908e+00	7.04897e-01
3.23448e+04	1.56465e+00	6.77127e-01
3.38386e+04	1.50273e+00	6.50433e-01
3.54013e+04	1.44321e+00	6.24772e-01
3.70363e+04	1.38602e+00	6.00107e-01
3.87468e+04	1.33106e+00	5.76400e-01
4.05362e+04	1.27824e+00	5.53613e-01
4.24083e+04	1.22750e+00	5.31713e-01
4.43669e+04	1.17873e+00	5.10666e-01
4.64159e+04	1.13188e+00	4.90439e-01
4.85595e+04	1.08686e+00	4.71001e-01
5.08022e+04	1.04361e+00	4.52322e-01
5.31484e+04	1.00205e+00	4.34372e-01
5.56030e+04	9.62133e-01	4.17125e-01
5.81709e+04	9.23781e-01	4.00552e-01
6.08574e+04	8.86938e-01	3.84629e-01
6.36681e+04	8.51545e-01	3.69330e-01
6.66085e+04	8.17547e-01	3.54631e-01
6.96847e+04	7.84890e-01	3.40510e-01
7.29029e+04	7.53521e-01	3.26943e-01
7.62699e+04	7.23390e-01	3.13910e-01
7.97923e+04	6.94450e-01	3.01389e-01
8.34773e+04	6.66654e-01	2.89362e-01
8.73326e+04	6.39958e-01	2.77809e-01
9.13659e+04	6.14319e-01	2.66711e-01
9.55855e+04	5.89695e-01	2.56051e-01
1.00000e+05	5.66047e-01	2.45812e-01
1.04618e+05	5.43337e-01	2.35978e-01
1.09450e+05	5.21528e-01	2.26532e-01
1.14505e+05	5.00586e-01	2.17461e-01
1.19793e+05	4.80475e-01	2.08748e-01
1.25325e+05	4.61164e-01	2.00381e-01
1.31113e+05	4.42621e-01	1.92345e-01
1.37169e+05	4.24816e-01	1.84628e-01
1.43504e+05	4.07719e-01	1.77217e-01
1.50131e+05	3.91304e-01	1.70101e-01
1.57065e+05	3.75544e-01	1.63267e-01
1.64318e+05	3.60412e-01	1.56705e-01
1.71907e+05	3.45884e-01	1.50404e-01
1.79846e+05	3.31935e-01	1.44354e-01
1.88152e+05	3.18544e-01	1.38544e-01
1.96842e+05	3.05688e-01	1.32967e-01
2.05933e+05	2.93347e-01	1.27611e-01
2.15444e+05	2.81499e-01	1.22469e-01
2.25393e+05	2.70125e-01	1.17533e-01
2.35803e+05	2.59206e-01	1.12793e-01
2.46693e+05	2.48725e-01	1.08243e-01
2.58086e+05	2.38664e-01	1.03874e-01
2.70006e+05	2.29007e-01	9.96807e-02
2.82475e+05	2.19737e-01	9.56548e-02
2.95521e+05	2.10839e-01	9.17899e-02
3.09169e+05	2.02298e-01	8.80799e-02
3.23448e+05	1.94101e-01	8.45185e-02
3.38386e+05	1.86232e-01	8.10998e-02
3.54013e+05	1.78680e-01	7.78182e-02
3.70363e+05	1.71432e-01	7.46682e-02
3.87468e+05	1.64476e-01	7.16447e-02
4.05362e+05	1.57799e-01	6.87426e-02
4.24083e+05	1.51392e-01	6.59570e-02
4.43669e+05	1.45242e-01	6.32834e-02
4.64159e+05	1.39341e-01	6.07173e-02
4.85595e+05	1.33677e-01	5.82544e-02
5.08022e+05	1.28242e-01	5.58906e-02
5.31484e+05	1.23026e-01	5.36220e-02
5.56030e+05	1.18021e-01	5.14447e-02
5.81709e+05	1.13218e-01	4.93551e-02
6.08574e+05	1.08609e-01	4.73498e-02
6.36680e+05	1.04186e-01	4.54253e-02
6.66085e+05	9.99422e-02	4.35784e-02
6.96847e+05	9.58699e-02	4.18061e-02
7.29030e+05	9.19623e-02	4.01053e-02
7.62699e+05	8.82128e-02	3.84732e-02
7.97923e+05	8.46152e-02	3.69070e-02
8.34773e+05	8.11633e-02	3.54041e-02
8.73326e+05	7.78512e-02	3.39620e-02
9.13659e+05	7.46734e-02	3.25782e-02
9.55855e+05	7.16244e-02	3.12504e-02
1.00000e+06	6.86991e-02	2.99763e-02
