# C2 cross section
256
1.00000e+01	0.00000e+00	0.00000e+00
1.02746e+01	0.00000e+00	0.00000e+00
1.05567e+01	0.00000e+00	0.00000e+00
1.08466e+01	0.00000e+00	0.00000e+00
1.11445e+01	0.00000e+00	0.00000e+00
1.14505e+01	0.00000e+00	0.00000e+00
1.17649e+01	0.00000e+00	1.43238e-01
1.20880e+01	0.00000e+00	3.62248e-01
1.24199e+01	0.00000e+00	5.92528e-01
1.27609e+01	0.00000e+00	8.32526e-01
1.31113e+01	0.00000e+00	1.08081e+00
1.34714e+01	1.14538e-01	1.33606e+00
1.38413e+01	2.94066e-01	1.59706e+00
1.42214e+01	4.82693e-01	1.86267e+00
1.46119e+01	6.79130e-01	2.13185e+00
1.50131e+01	8.82186e-01	2.40365e+00
1.54254e+01	1.09076e+00	2.67719e+00
1.58489e+01	1.34505e+00	2.96101e+00
1.62841e+01	1.62140e+00	3.29220e+00
1.67313e+01	1.90352e+00	3.62609e+00
1.71907e+01	2.19020e+00	3.96162e+00
1.76628e+01	2.48032e+00	4.29781e+00
1.81478e+01	2.77283e+00	4.63375e+00
1.86461e+01	3.06681e+00	4.96861e+00
1.91581e+01	3.36136e+00	5.30163e+00
1.96842e+01	3.65570e+00	5.63211e+00
2.02247e+01	3.94907e+00	5.95939e+00
2.07801e+01	4.24080e+00	6.28289e+00
2.13507e+01	4.53027e+00	6.60207e+00
2.19370e+01	4.81691e+00	6.91643e+00
2.25393e+01	5.10019e+00	7.22551e+00
2.31583e+01	5.37963e+00	7.52892e+00
2.37942e+01	5.65481e+00	7.82626e+00
2.44475e+01	5.92531e+00	8.11721e+00
2.51189e+01	6.19078e+00	8.40144e+00
2.58086e+01	6.45090e+00	8.67869e+00
2.65173e+01	6.70536e+00	8.94871e+00
2.72455e+01	6.95389e+00	9.21126e+00
2.79936e+01	7.19625e+00	9.46616e+00
2.87623e+01	7.43222e+00	9.71322e+00
2.95521e+01	7.68214e+00	9.95230e+00
3.03636e+01	7.92716e+00	1.01832e+01
3.11974e+01	8.16630e+00	1.04060e+01
3.20540e+01	8.39928e+00	1.06204e+01
3.29342e+01	8.62582e+00	1.08263e+01
3.38385e+01	8.84570e+00	1.10238e+01
3.47677e+01	9.05872e+00	1.12128e+01
3.57225e+01	9.26470e+00	1.13932e+01
3.67034e+01	9.46348e+00	1.15651e+01
3.77112e+01	9.65493e+00	1.17283e+01
3.87467e+01	9.83894e+00	1.18830e+01
3.98107e+01	1.00154e+01	1.20292e+01
4.09039e+01	1.01843e+01	1.21668e+01
4.20271e+01	1.03454e+01	1.22959e+01
4.31811e+01	1.04989e+01	1.24166e+01
4.43669e+01	1.06447e+01	1.25288e+01
4.55852e+01	1.07827e+01	1.26328e+01
4.68369e+01	1.09129e+01	1.27286e+01
4.81230e+01	1.10354e+01	1.28161e+01
4.94445e+01	1.11502e+01	1.28957e+01
5.08022e+01	1.12574e+01	1.29672e+01
5.21972e+01	1.13569e+01	1.30310e+01
5.36305e+01	1.14488e+01	1.30869e+01
5.51032e+01	1.15333e+01	1.31353e+01
5.66163e+01	1.16103e+01	1.31762e+01
5.81709e+01	1.16800e+01	1.32097e+01
5.97683e+01	1.17424e+01	1.32360e+01
6.14095e+01	1.17977e+01	1.32552e+01
6.30957e+01	1.18460e+01	1.32674e+01
6.48283e+01	1.18873e+01	1.32729e+01
6.66085e+01	1.19218e+01	1.32718e+01
6.84375e+01	1.19497e+01	1.32642e+01
7.03168e+01	1.19710e+01	1.32525e+01
7.22476e+01	1.19858e+01	1.32376e+01
7.42315e+01	1.19944e+01	1.32168e+01
7.62699e+01	1.19968e+01	1.31905e+01
7.83642e+01	1.19932e+01	1.31586e+01
8.05160e+01	1.19838e+01	1.31214e+01
8.27270e+01	1.19687e+01	1.30790e+01
8.49986e+01	1.19480e+01	1.30315e+01
8.73326e+01	1.19220e+01	1.29791e+01
8.97307e+01	1.18907e+01	1.29219e+01
9.21947e+01	1.18543e+01	1.28601e+01
9.47263e+01	1.18130e+01	1.27938e+01
9.73274e+01	1.17670e+01	1.27233e+01
1.00000e+02	1.17164e+01	1.26486e+01
1.02746e+02	1.16613e+01	1.25699e+01
1.05567e+02	1.16020e+01	1.24874e+01
1.08466e+02	1.15386e+01	1.24012e+01
1.11445e+02	1.14712e+01	1.23115e+01
1.14505e+02	1.14001e+01	1.22185e+01
1.17649e+02	1.13254e+01	1.21222e+01
1.20880e+02	1.12471e+01	1.20230e+01
1.24199e+02	1.11656e+01	1.19209e+01
1.27609e+02	1.10809e+01	1.18160e+01
1.31113e+02	1.09933e+01	1.17086e+01
1.34714e+02	1.09028e+01	1.15988e+01
1.38413e+02	1.08096e+01	1.14867e+01
1.42214e+02	1.07139e+01	1.13725e+01
1.46119e+02	1.06158e+01	1.12562e+01
1.50131e+02	1.05154e+01	1.11382e+01
1.54254e+02	1.04130e+01	1.10185e+01
1.58489e+02	1.03086e+01	1.08972e+01
1.62841e+02	1.02023e+01	1.07744e+01
1.67313e+02	1.00944e+01	1.06504e+01
1.71907e+02	9.98490e+00	1.05252e+01
1.76628e+02	9.87397e+00	1.03989e+01
1.81478e+02	9.76173e+00	1.02717e+01
1.86461e+02	9.64830e+00	1.01437e+01
1.91581e+02	9.53381e+00	1.00150e+01
1.96842e+02	9.41836e+00	9.88573e+00
2.02247e+02	9.30208e+00	9.75595e+00
2.07801e+02	9.18506e+00	9.62579e+00
2.13507e+02	9.06742e+00	9.49536e+00
2.19370e+02	8.94926e+00	9.36474e+00
2.25393e+02	8.83067e+00	9.23403e+00
2.31583e+02	8.71175e+00	9.10332e+00
2.37942e+02	8.59261e+00	8.97269e+00
2.44476e+02	8.47331e+00	8.84224e+00
2.51189e+02	8.35396e+00	8.71204e+00
2.58086e+02	8.23462e+00	8.58216e+00
2.65173e+02	8.11540e+00	8.45268e+00
2.72455e+02	7.99635e+00	8.32367e+00
2.79936e+02	7.87755e+00	8.19519e+00
2.87623e+02	7.75908e+00	8.06731e+00
2.95521e+02	7.64099e+00	7.94010e+00
3.03636e+02	7.52336e+00	7.81360e+00
3.11974e+02	7.40637e+00	7.68787e+00
3.20540e+02	7.29023e+00	7.56296e+00
3.29342e+02	7.17474e+00	7.43893e+00
3.38385e+02	7.05994e+00	7.31582e+00
3.47677e+02	6.94589e+00	7.19367e+00
3.57224e+02	6.83263e+00	7.07252e+00
3.67034e+02	6.72020e+00	6.95242e+00
3.77112e+02	6.60863e+00	6.83339e+00
3.87467e+02	6.49798e+00	6.71547e+00
3.98107e+02	6.38826e+00	6.59870e+00
4.09039e+02	6.27952e+00	6.48309e+00
4.20271e+02	6.17178e+00	6.36868e+00
4.31811e+02	6.06508e+00	6.25549e+00
4.43669e+02	5.95944e+00	6.14355e+00
4.55852e+02	5.85488e+00	6.03287e+00
4.68369e+02	5.75143e+00	5.92348e+00
4.81230e+02	5.64910e+00	5.81539e+00
4.94445e+02	5.54792e+00	5.70860e+00
5.08022e+02	5.44790e+00	5.60315e+00
5.21972e+02	5.34906e+00	5.49904e+00
5.36305e+02	5.25141e+00	5.39627e+00
5.51032e+02	5.15497e+00	5.29486e+00
5.66163e+02	5.05974e+00	5.19482e+00
5.81709e+02	4.96574e+00	5.09614e+00
5.97683e+02	4.87296e+00	4.99884e+00
6.14095e+02	4.78143e+00	4.90292e+00
6.30957e+02	4.69114e+00	4.80837e+00
6.48283e+02	4.60210e+00	4.71520e+00
6.66085e+02	4.51430e+00	4.62341e+00
6.84375e+02	4.42776e+00	4.53300e+00
7.03168e+02	4.34247e+00	4.44396e+00
7.22476e+02	4.25844e+00	4.35629e+00
7.42315e+02	4.17565e+00	4.26998e+00
7.62699e+02	4.09412e+00	4.18504e+00
7.83642e+02	4.01383e+00	4.10145e+00
8.05160e+02	3.93478e+00	4.01921e+00
8.27270e+02	3.85697e+00	3.93831e+00
8.49986e+02	3.78039e+00	3.85873e+00
8.73326e+02	3.70504e+00	3.78048e+00
8.97307e+02	3.63090e+00	3.70355e+00
9.21947e+02	3.55798e+00	3.62791e+00
9.47263e+02	3.48626e+00	3.55357e+00
9.73274e+02	3.41573e+00	3.48051e+00
1.00000e+03	3.34639e+00	3.40871e+00
1.02746e+03	3.27823e+00	3.33818e+00
1.05567e+03	3.21123e+00	3.26889e+00
1.08466e+03	3.14539e+00	3.20083e+00
1.11444e+03	3.08069e+00	3.13399e+00
1.14505e+03	3.01712e+00	3.06836e+00
1.17649e+03	2.95468e+00	3.00392e+00
1.20880e+03	2.89335e+00	2.94066e+00
1.24199e+03	2.83312e+00	2.87856e+00
1.27609e+03	2.77397e+00	2.81761e+00
1.31113e+03	2.71590e+00	2.75780e+00
1.34714e+03	2.65888e+00	2.69911e+00
1.38413e+03	2.60292e+00	2.64153e+00
1.42214e+03	2.54799e+00	2.58504e+00
1.46119e+03	2.49408e+00	2.52962e+00
1.50131e+03	2.44118e+00	2.47527e+00
1.54254e+03	2.38928e+00	2.42197e+00
1.58489e+03	2.33836e+00	2.36970e+00
1.62841e+03	2.28841e+00	2.31844e+00
1.67313e+03	2.23941e+00	2.26819e+00
1.71907e+03	2.19136e+00	2.21892e+00
1.76628e+03	2.14423e+00	2.17063e+00
1.81478e+03	2.09802e+00	2.12329e+00
1.86461e+03	2.05270e+00	2.07689e+00
1.91581e+03	2.00828e+00	2.03142e+00
1.96842e+03	1.96473e+00	1.98687e+00
2.02247e+03	1.92203e+00	1.94321e+00
2.07801e+03	1.88019e+00	1.90043e+00
2.13507e+03	1.83918e+00	1.85852e+00
2.19370e+03	1.79898e+00	1.81747e+00
2.25393e+03	1.75960e+00	1.77725e+00
2.31583e+03	1.72100e+00	1.73786e+00
2.37942e+03	1.68319e+00	1.69928e+00
2.44476e+03	1.64614e+00	1.66150e+00
2.51189e+03	1.60985e+00	1.62450e+00
2.58086e+03	1.57430e+00	1.58826e+00
2.65173e+03	1.53947e+00	1.55279e+00
2.72455e+03	1.50537e+00	1.51805e+00
2.79936e+03	1.47196e+00	1.48404e+00
2.87623e+03	1.43925e+00	1.45075e+00
2.95521e+03	1.40721e+00	1.41816e+00
3.03636e+03	1.37584e+00	1.38626e+00
3.11974e+03	1.34513e+00	1.35503e+00
3.20540e+03	1.31506e+00	1.32447e+00
3.29342e+03	1.28562e+00	1.29456e+00
3.38386e+03	1.25680e+00	1.26528e+00
3.47677e+03	1.22859e+00	1.23664e+00
3.57224e+03	1.20097e+00	1.20860e+00
3.67034e+03	1.17394e+00	1.18118e+00
3.77112e+03	1.14748e+00	1.15434e+00
3.87468e+03	1.12159e+00	1.12808e+00
3.98107e+03	1.09625e+00	1.10239e+00
4.09039e+03	1.07145e+00	1.07726e+00
4.20271e+03	1.04719e+00	1.05267e+00
4.31811e+03	1.02344e+00	1.02862e+00
4.43669e+03	1.00021e+00	1.00509e+00
4.55852e+03	9.77480e-01	9.82082e-01
4.68369e+03	9.55241e-01	9.59575e-01
4.81230e+03	9.33484e-01	9.37561e-01
4.94445e+03	9.12200e-01	9.16031e-01
5.08022e+03	8.91379e-01	8.94976e-01
5.21972e+03	8.71012e-01	8.74385e-01
5.36305e+03	8.51090e-01	8.54249e-01
5.51032e+03	8.31603e-01	8.34558e-01
5.66163e+03	8.12544e-01	8.15304e-01
5.81709e+03	7.93904e-01	7.96478e-01
5.97683e+03	7.75674e-01	7.78071e-01
6.14095e+03	7.57845e-01	7.60073e-01
6.30957e+03	7.40410e-01	7.42477e-01
6.48283e+03	7.23360e-01	7.25274e-01
6.66085e+03	7.06689e-01	7.08456e-01
6.84375e+03	6.90386e-01	6.92015e-01
7.03168e+03	6.74446e-01	6.75942e-01
7.22476e+03	6.58861e-01	6.60231e-01
7.42315e+03	6.43623e-01	6.44873e-01
7.62699e+03	6.28725e-01	6.29861e-01
7.83642e+03	6.14159e-01	6.15187e-01
8.05160e+03	5.99920e-01	6.00845e-01
8.27270e+03	5.86000e-01	5.86827e-01
8.49986e+03	5.72392e-01	5.73127e-01
8.73326e+03	5.59089e-01	5.59737e-01
8.97307e+03	5.46086e-01	5.46651e-01
9.21947e+03	5.33376e-01	5.33862e-01
9.47263e+03	5.20953e-01	5.21363e-01
9.73274e+03	5.08809e-01	5.09150e-01
1.00000e+04	4.96941e-01	4.97215e-01
