# C2CCH cross section
256
1.00000e+01	3.34765e-01
1.02746e+01	4.22597e-01
1.05567e+01	5.12817e-01
1.08466e+01	6.20960e-01
1.11445e+01	8.19278e-01
1.14505e+01	1.03767e+00
1.17649e+01	1.30150e+00
1.20880e+01	1.58974e+00
1.24199e+01	1.91746e+00
1.27609e+01	2.27199e+00
1.31113e+01	2.63428e+00
1.34714e+01	3.00278e+00
1.38413e+01	3.37608e+00
1.42214e+01	3.75287e+00
1.46119e+01	4.13193e+00
1.50131e+01	4.51217e+00
1.54254e+01	4.89255e+00
1.58489e+01	5.30464e+00
1.62841e+01	5.77412e+00
1.67313e+01	6.28621e+00
1.71907e+01	6.80150e+00
1.76628e+01	7.31836e+00
1.81478e+01	7.85308e+00
1.86461e+01	8.41962e+00
1.91581e+01	8.98813e+00
1.96842e+01	9.55527e+00
2.02247e+01	1.01196e+01
2.07801e+01	1.06798e+01
2.13507e+01	1.12345e+01
2.19370e+01	1.17828e+01
2.25393e+01	1.23237e+01
2.31583e+01	1.28560e+01
2.37942e+01	1.33791e+01
2.44475e+01	1.38922e+01
2.51189e+01	1.44038e+01
2.58086e+01	1.49097e+01
2.65173e+01	1.54043e+01
2.72455e+01	1.58980e+01
2.79936e+01	1.63816e+01
2.87623e+01	1.68530e+01
2.95521e+01	1.73252e+01
3.03636e+01	1.77926e+01
3.11974e+01	1.82473e+01
3.20540e+01	1.86889e+01
3.29342e+01	1.91168e+01
3.38385e+01	1.95306e+01
3.47677e+01	1.99300e+01
3.57225e+01	2.03146e+01
3.67034e+01	2.06841e+01
3.77112e+01	2.10385e+01
3.87467e+01	2.13773e+01
3.98107e+01	2.17006e+01
4.09039e+01	2.20082e+01
4.20271e+01	2.23000e+01
4.31811e+01	2.25760e+01
4.43669e+01	2.28362e+01
4.55852e+01	2.30806e+01
4.68369e+01	2.33093e+01
4.81230e+01	2.35222e+01
4.94445e+01	2.37195e+01
5.08022e+01	2.39014e+01
5.21972e+01	2.40679e+01
5.36305e+01	2.42191e+01
5.51032e+01	2.43554e+01
5.66163e+01	2.44768e+01
5.81709e+01	2.45835e+01
5.97683e+01	2.46759e+01
6.14095e+01	2.47540e+01
6.30957e+01	2.48182e+01
6.48283e+01	2.48687e+01
6.66085e+01	2.49058e+01
6.84375e+01	2.49297e+01
7.03168e+01	2.49408e+01
7.22476e+01	2.49393e+01
7.42315e+01	2.49255e+01
7.62699e+01	2.48998e+01
7.83642e+01	2.48623e+01
8.05160e+01	2.48136e+01
8.27270e+01	2.47539e+01
8.49986e+01	2.46835e+01
8.73326e+01	2.46027e+01
8.97307e+01	2.45119e+01
9.21947e+01	2.44115e+01
9.47263e+01	2.43016e+01
9.73274e+01	2.41828e+01
1.00000e+02	2.40553e+01
1.02746e+02	2.39194e+01
1.05567e+02	2.37755e+01
1.08466e+02	2.36240e+01
1.11445e+02	2.34651e+01
1.14505e+02	2.32992e+01
1.17649e+02	2.31266e+01
1.20880e+02	2.29476e+01
1.24199e+02	2.27626e+01
1.27609e+02	2.25718e+01
1.31113e+02	2.23756e+01
1.34714e+02	2.21743e+01
1.38413e+02	2.19682e+01
1.42214e+02	2.17576e+01
1.46119e+02	2.15428e+01
1.50131e+02	2.13240e+01
1.54254e+02	2.11015e+01
1.58489e+02	2.08757e+01
1.62841e+02	2.06468e+01
1.67313e+02	2.04150e+01
1.71907e+02	2.01806e+01
1.76628e+02	1.99439e+01
1.81478e+02	1.97051e+01
1.86461e+02	1.94644e+01
1.91581e+02	1.92221e+01
1.96842e+02	1.89783e+01
2.02247e+02	1.87334e+01
2.07801e+02	1.84875e+01
2.13507e+02	1.82408e+01
2.19370e+02	1.79935e+01
2.25393e+02	1.77458e+01
2.31583e+02	1.74979e+01
2.37942e+02	1.72499e+01
2.44476e+02	1.70021e+01
2.51189e+02	1.67545e+01
2.58086e+02	1.65074e+01
2.65173e+02	1.62609e+01
2.72455e+02	1.60151e+01
2.79936e+02	1.57703e+01
2.87623e+02	1.55263e+01
2.95521e+02	1.52835e+01
3.03636e+02	1.50420e+01
3.11974e+02	1.48023e+01
3.20540e+02	1.45642e+01
3.29342e+02	1.43277e+01
3.38385e+02	1.40928e+01
3.47677e+02	1.38598e+01
3.57224e+02	1.36285e+01
3.67034e+02	1.33992e+01
3.77112e+02	1.31719e+01
3.87467e+02	1.29467e+01
3.98107e+02	1.27235e+01
4.09039e+02	1.25026e+01
4.20271e+02	1.22838e+01
4.31811e+02	1.20674e+01
4.43669e+02	1.18532e+01
4.55852e+02	1.16415e+01
4.68369e+02	1.14321e+01
4.81230e+02	1.12252e+01
4.94445e+02	1.10207e+01
5.08022e+02	1.08187e+01
5.21972e+02	1.06193e+01
5.36305e+02	1.04224e+01
5.51032e+02	1.02280e+01
5.66163e+02	1.00362e+01
5.81709e+02	9.84703e+00
5.97683e+02	9.66042e+00
6.14095e+02	9.47641e+00
6.30957e+02	9.29501e+00
6.48283e+02	9.11622e+00
6.66085e+02	8.94003e+00
6.84375e+02	8.76645e+00
7.03168e+02	8.59548e+00
7.22476e+02	8.42710e+00
7.42315e+02	8.26132e+00
7.62699e+02	8.09811e+00
7.83642e+02	7.93748e+00
8.05160e+02	7.77941e+00
8.27270e+02	7.62388e+00
8.49986e+02	7.47088e+00
8.73326e+02	7.32040e+00
8.97307e+02	7.17241e+00
9.21947e+02	7.02691e+00
9.47263e+02	6.88386e+00
9.73274e+02	6.74326e+00
1.00000e+03	6.60507e+00
1.02746e+03	6.46927e+00
1.05567e+03	6.33585e+00
1.08466e+03	6.20478e+00
1.11444e+03	6.07604e+00
1.14505e+03	5.94960e+00
1.17649e+03	5.82543e+00
1.20880e+03	5.70351e+00
1.24199e+03	5.58382e+00
1.27609e+03	5.46632e+00
1.31113e+03	5.35099e+00
1.34714e+03	5.23781e+00
1.38413e+03	5.12674e+00
1.42214e+03	5.01776e+00
1.46119e+03	4.91083e+00
1.50131e+03	4.80594e+00
1.54254e+03	4.70305e+00
1.58489e+03	4.60214e+00
1.62841e+03	4.50318e+00
1.67313e+03	4.40613e+00
1.71907e+03	4.31097e+00
1.76628e+03	4.21767e+00
1.81478e+03	4.12621e+00
1.86461e+03	4.03655e+00
1.91581e+03	3.94867e+00
1.96842e+03	3.86254e+00
2.02247e+03	3.77813e+00
2.07801e+03	3.69540e+00
2.13507e+03	3.61435e+00
2.19370e+03	3.53493e+00
2.25393e+03	3.45712e+00
2.31583e+03	3.38090e+00
2.37942e+03	3.30623e+00
2.44476e+03	3.23309e+00
2.51189e+03	3.16146e+00
2.58086e+03	3.09130e+00
2.65173e+03	3.02259e+00
2.72455e+03	2.95531e+00
2.79936e+03	2.88943e+00
2.87623e+03	2.82492e+00
2.95521e+03	2.76176e+00
3.03636e+03	2.69993e+00
3.11974e+03	2.63939e+00
3.20540e+03	2.58014e+00
3.29342e+03	2.52214e+00
3.38386e+03	2.46536e+00
3.47677e+03	2.40980e+00
3.57224e+03	2.35542e+00
3.67034e+03	2.30220e+00
3.77112e+03	2.25011e+00
3.87468e+03	2.19915e+00
3.98107e+03	2.14928e+00
4.09039e+03	2.10049e+00
4.20271e+03	2.05275e+00
4.31811e+03	2.00604e+00
4.43669e+03	1.96034e+00
4.55852e+03	1.91564e+00
4.68369e+03	1.87191e+00
4.81230e+03	1.82914e+00
4.94445e+03	1.78730e+00
5.08022e+03	1.74637e+00
5.21972e+03	1.70634e+00
5.36305e+03	1.66719e+00
5.51032e+03	1.62891e+00
5.66163e+03	1.59146e+00
5.81709e+03	1.55485e+00
5.97683e+03	1.51904e+00
6.14095e+03	1.48403e+00
6.30957e+03	1.44979e+00
6.48283e+03	1.41631e+00
6.66085e+03	1.38358e+00
6.84375e+03	1.35158e+00
7.03168e+03	1.32029e+00
7.22476e+03	1.28970e+00
7.42315e+03	1.25980e+00
7.62699e+03	1.23057e+00
7.83642e+03	1.20199e+00
8.05160e+03	1.17405e+00
8.27270e+03	1.14674e+00
8.49986e+03	1.12005e+00
8.73326e+03	1.09396e+00
8.97307e+03	1.06846e+00
9.21947e+03	1.04354e+00
9.47263e+03	1.01918e+00
9.73274e+03	9.95369e-01
1.00000e+04	9.72101e-01
