# C2H2 cross section
256
1.00000e+01	0.00000e+00	0.00000e+00
1.02746e+01	0.00000e+00	0.00000e+00
1.05567e+01	0.00000e+00	0.00000e+00
1.08466e+01	0.00000e+00	0.00000e+00
1.11445e+01	0.00000e+00	0.00000e+00
1.14505e+01	0.00000e+00	0.00000e+00
1.17649e+01	1.51778e-01	1.48867e-01
1.20880e+01	3.79881e-01	3.76696e-01
1.24199e+01	6.19581e-01	6.16136e-01
1.27609e+01	8.69254e-01	8.65564e-01
1.31113e+01	1.12740e+00	1.12348e+00
1.34714e+01	1.39264e+00	1.38850e+00
1.38413e+01	1.66370e+00	1.65935e+00
1.42214e+01	1.93939e+00	1.93485e+00
1.46119e+01	2.21863e+00	2.21390e+00
1.50131e+01	2.50042e+00	2.49552e+00
1.54254e+01	2.78383e+00	2.77877e+00
1.58489e+01	3.06802e+00	3.06280e+00
1.62841e+01	3.35220e+00	3.34684e+00
1.67313e+01	3.63566e+00	3.63015e+00
1.71907e+01	3.91772e+00	3.91209e+00
1.76628e+01	4.24331e+00	4.19203e+00
1.81478e+01	4.57871e+00	4.46944e+00
1.86461e+01	4.91383e+00	4.74378e+00
1.91581e+01	5.24858e+00	5.01461e+00
1.96842e+01	5.62818e+00	5.28148e+00
2.02247e+01	6.00771e+00	5.54401e+00
2.07801e+01	6.38611e+00	5.80184e+00
2.13507e+01	6.76241e+00	6.05465e+00
2.19370e+01	7.13572e+00	6.30215e+00
2.25393e+01	7.50520e+00	6.54407e+00
2.31583e+01	7.87013e+00	6.78016e+00
2.37942e+01	8.22981e+00	7.01022e+00
2.44475e+01	8.58362e+00	7.23405e+00
2.51189e+01	8.93100e+00	7.45149e+00
2.58086e+01	9.27144e+00	7.66237e+00
2.65173e+01	9.60446e+00	7.86656e+00
2.72455e+01	9.92966e+00	8.06396e+00
2.79936e+01	1.02467e+01	8.25446e+00
2.87623e+01	1.05767e+01	8.45033e+00
2.95521e+01	1.08998e+01	8.65281e+00
3.03636e+01	1.12149e+01	8.84943e+00
3.11974e+01	1.15215e+01	9.03994e+00
3.20540e+01	1.18194e+01	9.22414e+00
3.29342e+01	1.21082e+01	9.40182e+00
3.38385e+01	1.23877e+01	9.57284e+00
3.47677e+01	1.26575e+01	9.73705e+00
3.57225e+01	1.29175e+01	9.89432e+00
3.67034e+01	1.31675e+01	1.00446e+01
3.77112e+01	1.34074e+01	1.01987e+01
3.87467e+01	1.36370e+01	1.03516e+01
3.98107e+01	1.38563e+01	1.04981e+01
4.09039e+01	1.40651e+01	1.06380e+01
4.20271e+01	1.42635e+01	1.07711e+01
4.31811e+01	1.44514e+01	1.08973e+01
4.43669e+01	1.46288e+01	1.10167e+01
4.55852e+01	1.47957e+01	1.11290e+01
4.68369e+01	1.49521e+01	1.12343e+01
4.81230e+01	1.50982e+01	1.13325e+01
4.94445e+01	1.52339e+01	1.14236e+01
5.08022e+01	1.53593e+01	1.15076e+01
5.21972e+01	1.54745e+01	1.15846e+01
5.36305e+01	1.55797e+01	1.16546e+01
5.51032e+01	1.56748e+01	1.17176e+01
5.66163e+01	1.57602e+01	1.17737e+01
5.81709e+01	1.58358e+01	1.18230e+01
5.97683e+01	1.59019e+01	1.18655e+01
6.14095e+01	1.59585e+01	1.19013e+01
6.30957e+01	1.60059e+01	1.19306e+01
6.48283e+01	1.60442e+01	1.19534e+01
6.66085e+01	1.60737e+01	1.19698e+01
6.84375e+01	1.60944e+01	1.19801e+01
7.03168e+01	1.61066e+01	1.19842e+01
7.22476e+01	1.61104e+01	1.19823e+01
7.42315e+01	1.61061e+01	1.19747e+01
7.62699e+01	1.60939e+01	1.19613e+01
7.83642e+01	1.60739e+01	1.19424e+01
8.05160e+01	1.60465e+01	1.19180e+01
8.27270e+01	1.60117e+01	1.18885e+01
8.49986e+01	1.59698e+01	1.18538e+01
8.73326e+01	1.59211e+01	1.18142e+01
8.97307e+01	1.58658e+01	1.17698e+01
9.21947e+01	1.58040e+01	1.17208e+01
9.47263e+01	1.57360e+01	1.16673e+01
9.73274e+01	1.56620e+01	1.16096e+01
1.00000e+02	1.55822e+01	1.15476e+01
1.02746e+02	1.54969e+01	1.14817e+01
1.05567e+02	1.54063e+01	1.14120e+01
1.08466e+02	1.53106e+01	1.13386e+01
1.11445e+02	1.52100e+01	1.12617e+01
1.14505e+02	1.51047e+01	1.11815e+01
1.17649e+02	1.49950e+01	1.10986e+01
1.20880e+02	1.48810e+01	1.10141e+01
1.24199e+02	1.47630e+01	1.09268e+01
1.27609e+02	1.46412e+01	1.08369e+01
1.31113e+02	1.45158e+01	1.07445e+01
1.34714e+02	1.43870e+01	1.06497e+01
1.38413e+02	1.42549e+01	1.05526e+01
1.42214e+02	1.41198e+01	1.04534e+01
1.46119e+02	1.39819e+01	1.03522e+01
1.50131e+02	1.38414e+01	1.02491e+01
1.54254e+02	1.36984e+01	1.01443e+01
1.58489e+02	1.35532e+01	1.00379e+01
1.62841e+02	1.34059e+01	9.93001e+00
1.67313e+02	1.32566e+01	9.82072e+00
1.71907e+02	1.31056e+01	9.71017e+00
1.76628e+02	1.29530e+01	9.59847e+00
1.81478e+02	1.27990e+01	9.48575e+00
1.86461e+02	1.26437e+01	9.37210e+00
1.91581e+02	1.24873e+01	9.25763e+00
1.96842e+02	1.23299e+01	9.14245e+00
2.02247e+02	1.21717e+01	9.02666e+00
2.07801e+02	1.20128e+01	8.91035e+00
2.13507e+02	1.18534e+01	8.79362e+00
2.19370e+02	1.16935e+01	8.67656e+00
2.25393e+02	1.15333e+01	8.55926e+00
2.31583e+02	1.13729e+01	8.44181e+00
2.37942e+02	1.12125e+01	8.32429e+00
2.44476e+02	1.10521e+01	8.20677e+00
2.51189e+02	1.08918e+01	8.08934e+00
2.58086e+02	1.07318e+01	7.97206e+00
2.65173e+02	1.05722e+01	7.85501e+00
2.72455e+02	1.04130e+01	7.73826e+00
2.79936e+02	1.02543e+01	7.62188e+00
2.87623e+02	1.00962e+01	7.50591e+00
2.95521e+02	9.93887e+00	7.39043e+00
3.03636e+02	9.78230e+00	7.27549e+00
3.11974e+02	9.62687e+00	7.16114e+00
3.20540e+02	9.47249e+00	7.04744e+00
3.29342e+02	9.31912e+00	6.93443e+00
3.38385e+02	9.16682e+00	6.82216e+00
3.47677e+02	9.01564e+00	6.71067e+00
3.57224e+02	8.86564e+00	6.60001e+00
3.67034e+02	8.71687e+00	6.49021e+00
3.77112e+02	8.56937e+00	6.38131e+00
3.87467e+02	8.42319e+00	6.27334e+00
3.98107e+02	8.27837e+00	6.16634e+00
4.09039e+02	8.13494e+00	6.06033e+00
4.20271e+02	7.99295e+00	5.95534e+00
4.31811e+02	7.85242e+00	5.85141e+00
4.43669e+02	7.71339e+00	5.74854e+00
4.55852e+02	7.57588e+00	5.64677e+00
4.68369e+02	7.43992e+00	5.54611e+00
4.81230e+02	7.30553e+00	5.44658e+00
4.94445e+02	7.17273e+00	5.34820e+00
5.08022e+02	7.04153e+00	5.25098e+00
5.21972e+02	6.91197e+00	5.15494e+00
5.36305e+02	6.78404e+00	5.06009e+00
5.51032e+02	6.65776e+00	4.96643e+00
5.66163e+02	6.53315e+00	4.87398e+00
5.81709e+02	6.41020e+00	4.78275e+00
5.97683e+02	6.28894e+00	4.69273e+00
6.14095e+02	6.16935e+00	4.60395e+00
6.30957e+02	6.05145e+00	4.51639e+00
6.48283e+02	5.93524e+00	4.43006e+00
6.66085e+02	5.82072e+00	4.34497e+00
6.84375e+02	5.70788e+00	4.26111e+00
7.03168e+02	5.59673e+00	4.17848e+00
7.22476e+02	5.48727e+00	4.09709e+00
7.42315e+02	5.37948e+00	4.01692e+00
7.62699e+02	5.27337e+00	3.93799e+00
7.83642e+02	5.16892e+00	3.86027e+00
8.05160e+02	5.06613e+00	3.78377e+00
8.27270e+02	4.96499e+00	3.70849e+00
8.49986e+02	4.86548e+00	3.63441e+00
8.73326e+02	4.76762e+00	3.56153e+00
8.97307e+02	4.67136e+00	3.48985e+00
9.21947e+02	4.57672e+00	3.41935e+00
9.47263e+02	4.48368e+00	3.35002e+00
9.73274e+02	4.39221e+00	3.28186e+00
1.00000e+03	4.30232e+00	3.21486e+00
1.02746e+03	4.21398e+00	3.14901e+00
1.05567e+03	4.12718e+00	3.08429e+00
1.08466e+03	4.04190e+00	3.02071e+00
1.11444e+03	3.95814e+00	2.95823e+00
1.14505e+03	3.87586e+00	2.89687e+00
1.17649e+03	3.79507e+00	2.83659e+00
1.20880e+03	3.71574e+00	2.77740e+00
1.24199e+03	3.63784e+00	2.71928e+00
1.27609e+03	3.56138e+00	2.66222e+00
1.31113e+03	3.48633e+00	2.60620e+00
1.34714e+03	3.41266e+00	2.55121e+00
1.38413e+03	3.34038e+00	2.49724e+00
1.42214e+03	3.26944e+00	2.44428e+00
1.46119e+03	3.19985e+00	2.39231e+00
1.50131e+03	3.13157e+00	2.34132e+00
1.54254e+03	3.06460e+00	2.29130e+00
1.58489e+03	2.99891e+00	2.24223e+00
1.62841e+03	2.93449e+00	2.19411e+00
1.67313e+03	2.87131e+00	2.14691e+00
1.71907e+03	2.80936e+00	2.10062e+00
1.76628e+03	2.74862e+00	2.05524e+00
1.81478e+03	2.68907e+00	2.01074e+00
1.86461e+03	2.63069e+00	1.96712e+00
1.91581e+03	2.57347e+00	1.92435e+00
1.96842e+03	2.51739e+00	1.88244e+00
2.02247e+03	2.46242e+00	1.84135e+00
2.07801e+03	2.40856e+00	1.80109e+00
2.13507e+03	2.35578e+00	1.76164e+00
2.19370e+03	2.30406e+00	1.72297e+00
2.25393e+03	2.25339e+00	1.68509e+00
2.31583e+03	2.20375e+00	1.64798e+00
2.37942e+03	2.15512e+00	1.61162e+00
2.44476e+03	2.10749e+00	1.57601e+00
2.51189e+03	2.06083e+00	1.54112e+00
2.58086e+03	2.01513e+00	1.50695e+00
2.65173e+03	1.97038e+00	1.47349e+00
2.72455e+03	1.92656e+00	1.44072e+00
2.79936e+03	1.88364e+00	1.40863e+00
2.87623e+03	1.84162e+00	1.37720e+00
2.95521e+03	1.80048e+00	1.34643e+00
3.03636e+03	1.76020e+00	1.31631e+00
3.11974e+03	1.72077e+00	1.28682e+00
3.20540e+03	1.68217e+00	1.25795e+00
3.29342e+03	1.64438e+00	1.22969e+00
3.38386e+03	1.60739e+00	1.20203e+00
3.47677e+03	1.57119e+00	1.17495e+00
3.57224e+03	1.53576e+00	1.14845e+00
3.67034e+03	1.50108e+00	1.12252e+00
3.77112e+03	1.46715e+00	1.09713e+00
3.87468e+03	1.43394e+00	1.07230e+00
3.98107e+03	1.40145e+00	1.04800e+00
4.09039e+03	1.36966e+00	1.02422e+00
4.20271e+03	1.33855e+00	1.00095e+00
4.31811e+03	1.30811e+00	9.78183e-01
4.43669e+03	1.27833e+00	9.55911e-01
4.55852e+03	1.24920e+00	9.34123e-01
4.68369e+03	1.22071e+00	9.12809e-01
4.81230e+03	1.19283e+00	8.91958e-01
4.94445e+03	1.16556e+00	8.71564e-01
5.08022e+03	1.13889e+00	8.51615e-01
5.21972e+03	1.11280e+00	8.32103e-01
5.36305e+03	1.08729e+00	8.13020e-01
5.51032e+03	1.06234e+00	7.94356e-01
5.66163e+03	1.03793e+00	7.76103e-01
5.81709e+03	1.01406e+00	7.58254e-01
5.97683e+03	9.90726e-01	7.40798e-01
6.14095e+03	9.67904e-01	7.23729e-01
6.30957e+03	9.45588e-01	7.07039e-01
6.48283e+03	9.23767e-01	6.90719e-01
6.66085e+03	9.02431e-01	6.74762e-01
6.84375e+03	8.81570e-01	6.59160e-01
7.03168e+03	8.61174e-01	6.43907e-01
7.22476e+03	8.41234e-01	6.28994e-01
7.42315e+03	8.21739e-01	6.14415e-01
7.62699e+03	8.02682e-01	6.00162e-01
7.83642e+03	7.84051e-01	5.86229e-01
8.05160e+03	7.65839e-01	5.72609e-01
8.27270e+03	7.48036e-01	5.59296e-01
8.49986e+03	7.30634e-01	5.46282e-01
8.73326e+03	7.13624e-01	5.33562e-01
8.97307e+03	6.96998e-01	5.21128e-01
9.21947e+03	6.80747e-01	5.08976e-01
9.47263e+03	6.64865e-01	4.97099e-01
9.73274e+03	6.49342e-01	4.85491e-01
1.00000e+04	6.34170e-01	4.74146e-01
