# C2H5 cross section
256
1.00000e+01	4.95677e-01
1.02746e+01	5.92874e-01
1.05567e+01	6.92024e-01
1.08466e+01	7.92755e-01
1.11445e+01	8.94722e-01
1.14505e+01	9.97606e-01
1.17649e+01	1.10111e+00
1.20880e+01	1.20497e+00
1.24199e+01	1.30893e+00
1.27609e+01	1.41275e+00
1.31113e+01	1.54803e+00
1.34714e+01	1.74527e+00
1.38413e+01	1.98108e+00
1.42214e+01	2.26687e+00
1.46119e+01	2.60186e+00
1.50131e+01	2.97904e+00
1.54254e+01	3.37088e+00
1.58489e+01	3.78905e+00
1.62841e+01	4.26332e+00
1.67313e+01	4.74926e+00
1.71907e+01	5.24090e+00
1.76628e+01	5.73643e+00
1.81478e+01	6.23416e+00
1.86461e+01	6.73254e+00
1.91581e+01	7.23015e+00
1.96842e+01	7.72568e+00
2.02247e+01	8.21794e+00
2.07801e+01	8.70583e+00
2.13507e+01	9.18835e+00
2.19370e+01	9.68158e+00
2.25393e+01	1.01716e+01
2.31583e+01	1.06624e+01
2.37942e+01	1.11559e+01
2.44475e+01	1.16418e+01
2.51189e+01	1.21192e+01
2.58086e+01	1.25874e+01
2.65173e+01	1.30458e+01
2.72455e+01	1.34967e+01
2.79936e+01	1.39470e+01
2.87623e+01	1.43980e+01
2.95521e+01	1.48393e+01
3.03636e+01	1.52691e+01
3.11974e+01	1.56872e+01
3.20540e+01	1.60929e+01
3.29342e+01	1.64859e+01
3.38385e+01	1.68657e+01
3.47677e+01	1.72322e+01
3.57225e+01	1.75850e+01
3.67034e+01	1.79238e+01
3.77112e+01	1.82486e+01
3.87467e+01	1.85591e+01
3.98107e+01	1.88552e+01
4.09039e+01	1.91369e+01
4.20271e+01	1.94041e+01
4.31811e+01	1.96568e+01
4.43669e+01	1.98950e+01
4.55852e+01	2.01186e+01
4.68369e+01	2.03279e+01
4.81230e+01	2.05228e+01
4.94445e+01	2.07035e+01
5.08022e+01	2.08700e+01
5.21972e+01	2.10225e+01
5.36305e+01	2.11611e+01
5.51032e+01	2.12861e+01
5.66163e+01	2.13975e+01
5.81709e+01	2.14957e+01
5.97683e+01	2.15808e+01
6.14095e+01	2.16530e+01
6.30957e+01	2.17125e+01
6.48283e+01	2.17597e+01
6.66085e+01	2.17947e+01
6.84375e+01	2.18178e+01
7.03168e+01	2.18293e+01
7.22476e+01	2.18295e+01
7.42315e+01	2.18186e+01
7.62699e+01	2.17969e+01
7.83642e+01	2.17648e+01
8.05160e+01	2.17225e+01
8.27270e+01	2.16702e+01
8.49986e+01	2.16084e+01
8.73326e+01	2.15374e+01
8.97307e+01	2.14573e+01
9.21947e+01	2.13686e+01
9.47263e+01	2.12715e+01
9.73274e+01	2.11664e+01
1.00000e+02	2.10535e+01
1.02746e+02	2.09332e+01
1.05567e+02	2.08058e+01
1.08466e+02	2.06716e+01
1.11445e+02	2.05308e+01
1.14505e+02	2.03838e+01
1.17649e+02	2.02309e+01
1.20880e+02	2.00723e+01
1.24199e+02	1.99084e+01
1.27609e+02	1.97395e+01
1.31113e+02	1.95658e+01
1.34714e+02	1.93876e+01
1.38413e+02	1.92051e+01
1.42214e+02	1.90187e+01
1.46119e+02	1.88286e+01
1.50131e+02	1.86351e+01
1.54254e+02	1.84384e+01
1.58489e+02	1.82388e+01
1.62841e+02	1.80364e+01
1.67313e+02	1.78316e+01
1.71907e+02	1.76246e+01
1.76628e+02	1.74155e+01
1.81478e+02	1.72047e+01
1.86461e+02	1.69923e+01
1.91581e+02	1.67785e+01
1.96842e+02	1.65635e+01
2.02247e+02	1.63475e+01
2.07801e+02	1.61308e+01
2.13507e+02	1.59134e+01
2.19370e+02	1.56955e+01
2.25393e+02	1.54774e+01
2.31583e+02	1.52591e+01
2.37942e+02	1.50409e+01
2.44476e+02	1.48229e+01
2.51189e+02	1.46051e+01
2.58086e+02	1.43878e+01
2.65173e+02	1.41711e+01
2.72455e+02	1.39552e+01
2.79936e+02	1.37400e+01
2.87623e+02	1.35258e+01
2.95521e+02	1.33126e+01
3.03636e+02	1.31006e+01
3.11974e+02	1.28901e+01
3.20540e+02	1.26811e+01
3.29342e+02	1.24736e+01
3.38385e+02	1.22675e+01
3.47677e+02	1.20631e+01
3.57224e+02	1.18603e+01
3.67034e+02	1.16593e+01
3.77112e+02	1.14600e+01
3.87467e+02	1.12626e+01
3.98107e+02	1.10671e+01
4.09039e+02	1.08736e+01
4.20271e+02	1.06820e+01
4.31811e+02	1.04925e+01
4.43669e+02	1.03051e+01
4.55852e+02	1.01197e+01
4.68369e+02	9.93657e+00
4.81230e+02	9.75557e+00
4.94445e+02	9.57677e+00
5.08022e+02	9.40018e+00
5.21972e+02	9.22584e+00
5.36305e+02	9.05375e+00
5.51032e+02	8.88393e+00
5.66163e+02	8.71640e+00
5.81709e+02	8.55115e+00
5.97683e+02	8.38821e+00
6.14095e+02	8.22757e+00
6.30957e+02	8.06923e+00
6.48283e+02	7.91321e+00
6.66085e+02	7.75949e+00
6.84375e+02	7.60807e+00
7.03168e+02	7.45896e+00
7.22476e+02	7.31213e+00
7.42315e+02	7.16760e+00
7.62699e+02	7.02534e+00
7.83642e+02	6.88534e+00
8.05160e+02	6.74760e+00
8.27270e+02	6.61211e+00
8.49986e+02	6.47884e+00
8.73326e+02	6.34778e+00
8.97307e+02	6.21892e+00
9.21947e+02	6.09223e+00
9.47263e+02	5.96771e+00
9.73274e+02	5.84534e+00
1.00000e+03	5.72508e+00
1.02746e+03	5.60693e+00
1.05567e+03	5.49086e+00
1.08466e+03	5.37685e+00
1.11444e+03	5.26488e+00
1.14505e+03	5.15493e+00
1.17649e+03	5.04698e+00
1.20880e+03	4.94099e+00
1.24199e+03	4.83695e+00
1.27609e+03	4.73483e+00
1.31113e+03	4.63462e+00
1.34714e+03	4.53627e+00
1.38413e+03	4.43978e+00
1.42214e+03	4.34511e+00
1.46119e+03	4.25225e+00
1.50131e+03	4.16116e+00
1.54254e+03	4.07182e+00
1.58489e+03	3.98420e+00
1.62841e+03	3.89829e+00
1.67313e+03	3.81405e+00
1.71907e+03	3.73146e+00
1.76628e+03	3.65049e+00
1.81478e+03	3.57112e+00
1.86461e+03	3.49333e+00
1.91581e+03	3.41709e+00
1.96842e+03	3.34237e+00
2.02247e+03	3.26915e+00
2.07801e+03	3.19741e+00
2.13507e+03	3.12712e+00
2.19370e+03	3.05825e+00
2.25393e+03	2.99079e+00
2.31583e+03	2.92470e+00
2.37942e+03	2.85998e+00
2.44476e+03	2.79658e+00
2.51189e+03	2.73449e+00
2.58086e+03	2.67369e+00
2.65173e+03	2.61415e+00
2.72455e+03	2.55585e+00
2.79936e+03	2.49876e+00
2.87623e+03	2.44287e+00
2.95521e+03	2.38816e+00
3.03636e+03	2.33460e+00
3.11974e+03	2.28217e+00
3.20540e+03	2.23084e+00
3.29342e+03	2.18061e+00
3.38386e+03	2.13145e+00
3.47677e+03	2.08333e+00
3.57224e+03	2.03625e+00
3.67034e+03	1.99017e+00
3.77112e+03	1.94508e+00
3.87468e+03	1.90096e+00
3.98107e+03	1.85779e+00
4.09039e+03	1.81555e+00
4.20271e+03	1.77423e+00
4.31811e+03	1.73381e+00
4.43669e+03	1.69426e+00
4.55852e+03	1.65558e+00
4.68369e+03	1.61774e+00
4.81230e+03	1.58073e+00
4.94445e+03	1.54453e+00
5.08022e+03	1.50912e+00
5.21972e+03	1.47449e+00
5.36305e+03	1.44062e+00
5.51032e+03	1.40750e+00
5.66163e+03	1.37512e+00
5.81709e+03	1.34344e+00
5.97683e+03	1.31247e+00
6.14095e+03	1.28219e+00
6.30957e+03	1.25258e+00
6.48283e+03	1.22363e+00
6.66085e+03	1.19533e+00
6.84375e+03	1.16765e+00
7.03168e+03	1.14060e+00
7.22476e+03	1.11415e+00
7.42315e+03	1.08830e+00
7.62699e+03	1.06302e+00
7.83642e+03	1.03831e+00
8.05160e+03	1.01416e+00
8.27270e+03	9.90555e-01
8.49986e+03	9.67481e-01
8.73326e+03	9.44928e-01
8.97307e+03	9.22885e-01
9.21947e+03	9.01342e-01
9.47263e+03	8.80286e-01
9.73274e+03	8.59709e-01
1.00000e+04	8.39599e-01
