# C2H6 cross section
256
1.00000e+01	0.00000e+00
1.04618e+01	0.00000e+00
1.09450e+01	0.00000e+00
1.14505e+01	0.00000e+00
1.19793e+01	0.00000e+00
1.25325e+01	0.00000e+00
1.31113e+01	3.11650e-01
1.37169e+01	8.12198e-01
1.43504e+01	1.34735e+00
1.50131e+01	1.90851e+00
1.57065e+01	2.62096e+00
1.64318e+01	3.48554e+00
1.71907e+01	4.37480e+00
1.79846e+01	5.27878e+00
1.88152e+01	6.18879e+00
1.96842e+01	7.09732e+00
2.05933e+01	7.99783e+00
2.15444e+01	8.88469e+00
2.25393e+01	9.75305e+00
2.35803e+01	1.06365e+01
2.46693e+01	1.15199e+01
2.58086e+01	1.23782e+01
2.70006e+01	1.32077e+01
2.82475e+01	1.40217e+01
2.95521e+01	1.48305e+01
3.09169e+01	1.56059e+01
3.23448e+01	1.63453e+01
3.38385e+01	1.70467e+01
3.54013e+01	1.77082e+01
3.70363e+01	1.83287e+01
3.87467e+01	1.89072e+01
4.05362e+01	1.94431e+01
4.24083e+01	1.99359e+01
4.43669e+01	2.03856e+01
4.64159e+01	2.07922e+01
4.85595e+01	2.11560e+01
5.08022e+01	2.14775e+01
5.31484e+01	2.17574e+01
5.56030e+01	2.19964e+01
5.81709e+01	2.21953e+01
6.08575e+01	2.23553e+01
6.36681e+01	2.24774e+01
6.66085e+01	2.25628e+01
6.96847e+01	2.26128e+01
7.29030e+01	2.26288e+01
7.62699e+01	2.26120e+01
7.97923e+01	2.25639e+01
8.34773e+01	2.24861e+01
8.73326e+01	2.23800e+01
9.13659e+01	2.22471e+01
9.55855e+01	2.20889e+01
1.00000e+02	2.19069e+01
1.04618e+02	2.17028e+01
1.09450e+02	2.14779e+01
1.14505e+02	2.12337e+01
1.19793e+02	2.09718e+01
1.25325e+02	2.06936e+01
1.31113e+02	2.04004e+01
1.37169e+02	2.00937e+01
1.43504e+02	1.97748e+01
1.50131e+02	1.94450e+01
1.57065e+02	1.91056e+01
1.64318e+02	1.87577e+01
1.71907e+02	1.84026e+01
1.79846e+02	1.80412e+01
1.88152e+02	1.76748e+01
1.96842e+02	1.73042e+01
2.05933e+02	1.69305e+01
2.15444e+02	1.65545e+01
2.25393e+02	1.61772e+01
2.35803e+02	1.57993e+01
2.46693e+02	1.54215e+01
2.58086e+02	1.50445e+01
2.70005e+02	1.46691e+01
2.82475e+02	1.42958e+01
2.95521e+02	1.39252e+01
3.09169e+02	1.35580e+01
3.23448e+02	1.31949e+01
3.38385e+02	1.28360e+01
3.54013e+02	1.24816e+01
3.70363e+02	1.21321e+01
3.87467e+02	1.17877e+01
4.05362e+02	1.14487e+01
4.24083e+02	1.11155e+01
4.43669e+02	1.07881e+01
4.64159e+02	1.04667e+01
4.85595e+02	1.01516e+01
5.08022e+02	9.84286e+00
5.31484e+02	9.54053e+00
5.56030e+02	9.24474e+00
5.81709e+02	8.95554e+00
6.08574e+02	8.67297e+00
6.36681e+02	8.39706e+00
6.66085e+02	8.12782e+00
6.96847e+02	7.86524e+00
7.29029e+02	7.60930e+00
7.62699e+02	7.35996e+00
7.97923e+02	7.11719e+00
8.34773e+02	6.88091e+00
8.73326e+02	6.65107e+00
9.13659e+02	6.42760e+00
9.55855e+02	6.21041e+00
1.00000e+03	5.99941e+00
1.04618e+03	5.79450e+00
1.09450e+03	5.59560e+00
1.14505e+03	5.40259e+00
1.19793e+03	5.21536e+00
1.25325e+03	5.03381e+00
1.31113e+03	4.85782e+00
1.37169e+03	4.68726e+00
1.43504e+03	4.52203e+00
1.50131e+03	4.36201e+00
1.57065e+03	4.20707e+00
1.64318e+03	4.05709e+00
1.71907e+03	3.91195e+00
1.79846e+03	3.77153e+00
1.88152e+03	3.63571e+00
1.96842e+03	3.50437e+00
2.05933e+03	3.37738e+00
2.15443e+03	3.25464e+00
2.25393e+03	3.13602e+00
2.35803e+03	3.02141e+00
2.46693e+03	2.91069e+00
2.58086e+03	2.80375e+00
2.70005e+03	2.70049e+00
2.82475e+03	2.60078e+00
2.95521e+03	2.50454e+00
3.09169e+03	2.41164e+00
3.23448e+03	2.32199e+00
3.38386e+03	2.23548e+00
3.54013e+03	2.15203e+00
3.70363e+03	2.07153e+00
3.87468e+03	1.99389e+00
4.05362e+03	1.91901e+00
4.24083e+03	1.84682e+00
4.43669e+03	1.77722e+00
4.64159e+03	1.71012e+00
4.85595e+03	1.64545e+00
5.08022e+03	1.58311e+00
5.31484e+03	1.52305e+00
5.56030e+03	1.46517e+00
5.81709e+03	1.40941e+00
6.08574e+03	1.35569e+00
6.36681e+03	1.30394e+00
6.66085e+03	1.25410e+00
6.96847e+03	1.20609e+00
7.29030e+03	1.15987e+00
7.62699e+03	1.11536e+00
7.97923e+03	1.07250e+00
8.34773e+03	1.03123e+00
8.73326e+03	9.91509e-01
9.13659e+03	9.53270e-01
9.55855e+03	9.16464e-01
1.00000e+04	8.81039e-01
1.04618e+04	8.46946e-01
1.09450e+04	8.14136e-01
1.14505e+04	7.82565e-01
1.19793e+04	7.52187e-01
1.25325e+04	7.22958e-01
1.31113e+04	6.94838e-01
1.37169e+04	6.67786e-01
1.43504e+04	6.41762e-01
1.50131e+04	6.16730e-01
1.57065e+04	5.92651e-01
1.64318e+04	5.69493e-01
1.71907e+04	5.47220e-01
1.79847e+04	5.25801e-01
1.88152e+04	5.05202e-01
1.96842e+04	4.85394e-01
2.05933e+04	4.66348e-01
2.15443e+04	4.48034e-01
2.25393e+04	4.30427e-01
2.35803e+04	4.13498e-01
2.46693e+04	3.97223e-01
2.58086e+04	3.81577e-01
2.70005e+04	3.66537e-01
2.82475e+04	3.52079e-01
2.95521e+04	3.38182e-01
3.09169e+04	3.24824e-01
3.23448e+04	3.11986e-01
3.38386e+04	2.99646e-01
3.54013e+04	2.87787e-01
3.70363e+04	2.76391e-01
3.87468e+04	2.65438e-01
4.05362e+04	2.54913e-01
4.24083e+04	2.44800e-01
4.43669e+04	2.35081e-01
4.64159e+04	2.25743e-01
4.85595e+04	2.16771e-01
5.08022e+04	2.08150e-01
5.31484e+04	1.99868e-01
5.56030e+04	1.91911e-01
5.81709e+04	1.84266e-01
6.08574e+04	1.76922e-01
6.36681e+04	1.69867e-01
6.66085e+04	1.63089e-01
6.96847e+04	1.56579e-01
7.29029e+04	1.50325e-01
7.62699e+04	1.44318e-01
7.97923e+04	1.38548e-01
8.34773e+04	1.33007e-01
8.73326e+04	1.27684e-01
9.13659e+04	1.22572e-01
9.55855e+04	1.17662e-01
1.00000e+05	1.12946e-01
1.04618e+05	1.08418e-01
1.09450e+05	1.04069e-01
1.14505e+05	9.98925e-02
1.19793e+05	9.58819e-02
1.25325e+05	9.20306e-02
1.31113e+05	8.83325e-02
1.37169e+05	8.47814e-02
1.43504e+05	8.13716e-02
1.50131e+05	7.80975e-02
1.57065e+05	7.49539e-02
1.64318e+05	7.19356e-02
1.71907e+05	6.90376e-02
1.79846e+05	6.62553e-02
1.88152e+05	6.35840e-02
1.96842e+05	6.10194e-02
2.05933e+05	5.85573e-02
2.15444e+05	5.61936e-02
2.25393e+05	5.39244e-02
2.35803e+05	5.17461e-02
2.46693e+05	4.96549e-02
2.58086e+05	4.76476e-02
2.70006e+05	4.57206e-02
2.82475e+05	4.38709e-02
2.95521e+05	4.20954e-02
3.09169e+05	4.03912e-02
3.23448e+05	3.87553e-02
3.38386e+05	3.71852e-02
3.54013e+05	3.56781e-02
3.70363e+05	3.42317e-02
3.87468e+05	3.28434e-02
4.05362e+05	3.15109e-02
4.24083e+05	3.02321e-02
4.43669e+05	2.90047e-02
4.64159e+05	2.78268e-02
4.85595e+05	2.66964e-02
5.08022e+05	2.56115e-02
5.31484e+05	2.45704e-02
5.56030e+05	2.35713e-02
5.81709e+05	2.26125e-02
6.08574e+05	2.16924e-02
6.36680e+05	2.08095e-02
6.66085e+05	1.99623e-02
6.96847e+05	1.91493e-02
7.29030e+05	1.83691e-02
7.62699e+05	1.76206e-02
7.97923e+05	1.69023e-02
8.34773e+05	1.62131e-02
8.73326e+05	1.55518e-02
9.13659e+05	1.49173e-02
9.55855e+05	1.43085e-02
1.00000e+06	1.37244e-02
