# C2N2 cross section
256
1.00000e+01	0.00000e+00	0.00000e+00
1.02746e+01	0.00000e+00	0.00000e+00
1.05567e+01	0.00000e+00	0.00000e+00
1.08466e+01	0.00000e+00	0.00000e+00
1.11445e+01	0.00000e+00	0.00000e+00
1.14505e+01	0.00000e+00	0.00000e+00
1.17649e+01	0.00000e+00	0.00000e+00
1.20880e+01	0.00000e+00	0.00000e+00
1.24199e+01	0.00000e+00	0.00000e+00
1.27609e+01	0.00000e+00	0.00000e+00
1.31113e+01	0.00000e+00	7.60729e-02
1.34714e+01	0.00000e+00	2.33672e-01
1.38413e+01	1.78683e-02	3.99850e-01
1.42214e+01	1.58644e-01	5.73482e-01
1.46119e+01	3.07603e-01	7.53525e-01
1.50131e+01	4.87616e-01	9.52184e-01
1.54254e+01	7.35506e-01	1.19449e+00
1.58489e+01	1.01068e+00	1.47333e+00
1.62841e+01	1.35421e+00	1.77751e+00
1.67313e+01	1.77338e+00	2.08895e+00
1.71907e+01	2.20603e+00	2.40636e+00
1.76628e+01	2.64995e+00	2.74442e+00
1.81478e+01	3.10312e+00	3.17805e+00
1.86461e+01	3.56367e+00	3.62019e+00
1.91581e+01	4.02986e+00	4.06905e+00
1.96842e+01	4.50011e+00	4.52297e+00
2.02247e+01	4.97293e+00	4.98041e+00
2.07801e+01	5.44698e+00	5.43997e+00
2.13507e+01	5.92101e+00	5.90033e+00
2.19370e+01	6.39387e+00	6.36029e+00
2.25393e+01	6.86449e+00	6.81876e+00
2.31583e+01	7.33191e+00	7.27472e+00
2.37942e+01	7.79523e+00	7.72722e+00
2.44475e+01	8.25363e+00	8.17542e+00
2.51189e+01	8.70637e+00	8.61852e+00
2.58086e+01	9.15274e+00	9.05581e+00
2.65173e+01	9.59211e+00	9.48661e+00
2.72455e+01	1.00342e+01	9.91033e+00
2.79936e+01	1.04821e+01	1.03264e+01
2.87623e+01	1.09226e+01	1.07344e+01
2.95521e+01	1.13552e+01	1.11337e+01
3.03636e+01	1.17792e+01	1.15240e+01
3.11974e+01	1.21943e+01	1.19050e+01
3.20540e+01	1.25998e+01	1.22762e+01
3.29342e+01	1.29954e+01	1.26374e+01
3.38385e+01	1.33808e+01	1.29883e+01
3.47677e+01	1.37587e+01	1.33286e+01
3.57225e+01	1.41434e+01	1.36582e+01
3.67034e+01	1.45260e+01	1.39769e+01
3.77112e+01	1.48986e+01	1.42844e+01
3.87467e+01	1.52607e+01	1.45807e+01
3.98107e+01	1.56120e+01	1.48657e+01
4.09039e+01	1.59522e+01	1.51392e+01
4.20271e+01	1.62809e+01	1.54012e+01
4.31811e+01	1.65980e+01	1.56517e+01
4.43669e+01	1.69031e+01	1.58905e+01
4.55852e+01	1.71961e+01	1.61178e+01
4.68369e+01	1.74769e+01	1.63334e+01
4.81230e+01	1.77453e+01	1.65374e+01
4.94445e+01	1.80013e+01	1.67298e+01
5.08022e+01	1.82447e+01	1.69108e+01
5.21972e+01	1.84755e+01	1.70802e+01
5.36305e+01	1.86937e+01	1.72382e+01
5.51032e+01	1.88992e+01	1.73850e+01
5.66163e+01	1.90922e+01	1.75205e+01
5.81709e+01	1.92726e+01	1.76449e+01
5.97683e+01	1.94405e+01	1.77582e+01
6.14095e+01	1.95959e+01	1.78607e+01
6.30957e+01	1.97390e+01	1.79583e+01
6.48283e+01	1.98699e+01	1.80460e+01
6.66085e+01	1.99886e+01	1.81234e+01
6.84375e+01	2.00954e+01	1.81908e+01
7.03168e+01	2.01903e+01	1.82483e+01
7.22476e+01	2.02735e+01	1.82959e+01
7.42315e+01	2.03452e+01	1.83340e+01
7.62699e+01	2.04056e+01	1.83625e+01
7.83642e+01	2.04548e+01	1.83817e+01
8.05160e+01	2.04931e+01	1.83918e+01
8.27270e+01	2.05206e+01	1.83929e+01
8.49986e+01	2.05376e+01	1.83853e+01
8.73326e+01	2.05443e+01	1.83691e+01
8.97307e+01	2.05409e+01	1.83444e+01
9.21947e+01	2.05277e+01	1.83117e+01
9.47263e+01	2.05049e+01	1.82709e+01
9.73274e+01	2.04727e+01	1.82225e+01
1.00000e+02	2.04314e+01	1.81665e+01
1.02746e+02	2.03812e+01	1.81032e+01
1.05567e+02	2.03225e+01	1.80328e+01
1.08466e+02	2.02554e+01	1.79556e+01
1.11445e+02	2.01802e+01	1.78718e+01
1.14505e+02	2.00972e+01	1.77816e+01
1.17649e+02	2.00066e+01	1.76852e+01
1.20880e+02	1.99088e+01	1.75829e+01
1.24199e+02	1.98039e+01	1.74750e+01
1.27609e+02	1.96923e+01	1.73615e+01
1.31113e+02	1.95742e+01	1.72429e+01
1.34714e+02	1.94499e+01	1.71201e+01
1.38413e+02	1.93196e+01	1.69933e+01
1.42214e+02	1.91836e+01	1.68619e+01
1.46119e+02	1.90421e+01	1.67276e+01
1.50131e+02	1.88955e+01	1.65893e+01
1.54254e+02	1.87439e+01	1.64473e+01
1.58489e+02	1.85876e+01	1.63016e+01
1.62841e+02	1.84270e+01	1.61526e+01
1.67313e+02	1.82621e+01	1.60003e+01
1.71907e+02	1.80933e+01	1.58451e+01
1.76628e+02	1.79208e+01	1.56870e+01
1.81478e+02	1.77449e+01	1.55262e+01
1.86461e+02	1.75657e+01	1.53631e+01
1.91581e+02	1.73835e+01	1.51977e+01
1.96842e+02	1.71985e+01	1.50302e+01
2.02247e+02	1.70109e+01	1.48608e+01
2.07801e+02	1.68210e+01	1.46896e+01
2.13507e+02	1.66289e+01	1.45169e+01
2.19370e+02	1.64349e+01	1.43428e+01
2.25393e+02	1.62391e+01	1.41674e+01
2.31583e+02	1.60418e+01	1.39910e+01
2.37942e+02	1.58431e+01	1.38136e+01
2.44476e+02	1.56433e+01	1.36355e+01
2.51189e+02	1.54424e+01	1.34566e+01
2.58086e+02	1.52406e+01	1.32773e+01
2.65173e+02	1.50382e+01	1.30976e+01
2.72455e+02	1.48353e+01	1.29177e+01
2.79936e+02	1.46320e+01	1.27377e+01
2.87623e+02	1.44285e+01	1.25577e+01
2.95521e+02	1.42249e+01	1.23778e+01
3.03636e+02	1.40215e+01	1.21981e+01
3.11974e+02	1.38183e+01	1.20188e+01
3.20540e+02	1.36157e+01	1.18400e+01
3.29342e+02	1.34137e+01	1.16617e+01
3.38385e+02	1.32121e+01	1.14840e+01
3.47677e+02	1.30114e+01	1.13071e+01
3.57224e+02	1.28113e+01	1.11310e+01
3.67034e+02	1.26122e+01	1.09558e+01
3.77112e+02	1.24141e+01	1.07816e+01
3.87467e+02	1.22171e+01	1.06084e+01
3.98107e+02	1.20213e+01	1.04364e+01
4.09039e+02	1.18267e+01	1.02656e+01
4.20271e+02	1.16334e+01	1.00960e+01
4.31811e+02	1.14417e+01	9.92777e+00
4.43669e+02	1.12515e+01	9.76090e+00
4.55852e+02	1.10629e+01	9.59545e+00
4.68369e+02	1.08759e+01	9.43149e+00
4.81230e+02	1.06906e+01	9.26905e+00
4.94445e+02	1.05069e+01	9.10817e+00
5.08022e+02	1.03251e+01	8.94890e+00
5.21972e+02	1.01450e+01	8.79127e+00
5.36305e+02	9.96680e+00	8.63532e+00
5.51032e+02	9.79048e+00	8.48107e+00
5.66163e+02	9.61608e+00	8.32856e+00
5.81709e+02	9.44364e+00	8.17781e+00
5.97683e+02	9.27318e+00	8.02884e+00
6.14095e+02	9.10473e+00	7.88168e+00
6.30957e+02	8.93832e+00	7.73633e+00
6.48283e+02	8.77396e+00	7.59283e+00
6.66085e+02	8.61167e+00	7.45118e+00
6.84375e+02	8.45146e+00	7.31139e+00
7.03168e+02	8.29336e+00	7.17347e+00
7.22476e+02	8.13737e+00	7.03744e+00
7.42315e+02	7.98351e+00	6.90329e+00
7.62699e+02	7.83176e+00	6.77103e+00
7.83642e+02	7.68216e+00	6.64067e+00
8.05160e+02	7.53469e+00	6.51220e+00
8.27270e+02	7.38935e+00	6.38562e+00
8.49986e+02	7.24615e+00	6.26093e+00
8.73326e+02	7.10509e+00	6.13814e+00
8.97307e+02	6.96616e+00	6.01722e+00
9.21947e+02	6.82935e+00	5.89819e+00
9.47263e+02	6.69466e+00	5.78102e+00
9.73274e+02	6.56207e+00	5.66571e+00
1.00000e+03	6.43159e+00	5.55226e+00
1.02746e+03	6.30320e+00	5.44065e+00
1.05567e+03	6.17689e+00	5.33087e+00
1.08466e+03	6.05265e+00	5.22291e+00
1.11444e+03	5.93045e+00	5.11676e+00
1.14505e+03	5.81030e+00	5.01239e+00
1.17649e+03	5.69217e+00	4.90981e+00
1.20880e+03	5.57604e+00	4.80898e+00
1.24199e+03	5.46190e+00	4.70991e+00
1.27609e+03	5.34973e+00	4.61256e+00
1.31113e+03	5.23952e+00	4.51693e+00
1.34714e+03	5.13124e+00	4.42299e+00
1.38413e+03	5.02488e+00	4.33074e+00
1.42214e+03	4.92040e+00	4.24014e+00
1.46119e+03	4.81781e+00	4.15118e+00
1.50131e+03	4.71706e+00	4.06385e+00
1.54254e+03	4.61815e+00	3.97812e+00
1.58489e+03	4.52105e+00	3.89398e+00
1.62841e+03	4.42574e+00	3.81140e+00
1.67313e+03	4.33219e+00	3.73037e+00
1.71907e+03	4.24039e+00	3.65086e+00
1.76628e+03	4.15030e+00	3.57285e+00
1.81478e+03	4.06192e+00	3.49633e+00
1.86461e+03	3.97521e+00	3.42128e+00
1.91581e+03	3.89015e+00	3.34766e+00
1.96842e+03	3.80673e+00	3.27547e+00
2.02247e+03	3.72491e+00	3.20468e+00
2.07801e+03	3.64467e+00	3.13527e+00
2.13507e+03	3.56599e+00	3.06723e+00
2.19370e+03	3.48884e+00	3.00052e+00
2.25393e+03	3.41321e+00	2.93513e+00
2.31583e+03	3.33907e+00	2.87104e+00
2.37942e+03	3.26640e+00	2.80823e+00
2.44476e+03	3.19517e+00	2.74668e+00
2.51189e+03	3.12536e+00	2.68636e+00
2.58086e+03	3.05695e+00	2.62726e+00
2.65173e+03	2.98991e+00	2.56936e+00
2.72455e+03	2.92423e+00	2.51264e+00
2.79936e+03	2.85988e+00	2.45708e+00
2.87623e+03	2.79683e+00	2.40265e+00
2.95521e+03	2.73507e+00	2.34934e+00
3.03636e+03	2.67457e+00	2.29713e+00
3.11974e+03	2.61532e+00	2.24600e+00
3.20540e+03	2.55728e+00	2.19593e+00
3.29342e+03	2.50045e+00	2.14691e+00
3.38386e+03	2.44479e+00	2.09890e+00
3.47677e+03	2.39029e+00	2.05191e+00
3.57224e+03	2.33693e+00	2.00589e+00
3.67034e+03	2.28468e+00	1.96085e+00
3.77112e+03	2.23353e+00	1.91676e+00
3.87468e+03	2.18345e+00	1.87360e+00
3.98107e+03	2.13443e+00	1.83136e+00
4.09039e+03	2.08644e+00	1.79002e+00
4.20271e+03	2.03947e+00	1.74955e+00
4.31811e+03	1.99350e+00	1.70996e+00
4.43669e+03	1.94851e+00	1.67121e+00
4.55852e+03	1.90448e+00	1.63330e+00
4.68369e+03	1.86139e+00	1.59620e+00
4.81230e+03	1.81922e+00	1.55990e+00
4.94445e+03	1.77796e+00	1.52439e+00
5.08022e+03	1.73759e+00	1.48964e+00
5.21972e+03	1.69809e+00	1.45565e+00
5.36305e+03	1.65945e+00	1.42240e+00
5.51032e+03	1.62164e+00	1.38988e+00
5.66163e+03	1.58465e+00	1.35807e+00
5.81709e+03	1.54847e+00	1.32695e+00
5.97683e+03	1.51308e+00	1.29652e+00
6.14095e+03	1.47846e+00	1.26675e+00
6.30957e+03	1.44460e+00	1.23764e+00
6.48283e+03	1.41148e+00	1.20917e+00
6.66085e+03	1.37909e+00	1.18133e+00
6.84375e+03	1.34741e+00	1.15410e+00
7.03168e+03	1.31643e+00	1.12748e+00
7.22476e+03	1.28613e+00	1.10145e+00
7.42315e+03	1.25650e+00	1.07600e+00
7.62699e+03	1.22753e+00	1.05112e+00
7.83642e+03	1.19920e+00	1.02679e+00
8.05160e+03	1.17151e+00	1.00300e+00
8.27270e+03	1.14442e+00	9.79742e-01
8.49986e+03	1.11794e+00	9.57008e-01
8.73326e+03	1.09206e+00	9.34783e-01
8.97307e+03	1.06675e+00	9.13058e-01
9.21947e+03	1.04201e+00	8.91821e-01
9.47263e+03	1.01782e+00	8.71062e-01
9.73274e+03	9.94172e-01	8.50771e-01
1.00000e+04	9.71058e-01	8.30939e-01
