# C3H3 cross section
256
1.00000e+01	3.34765e-01	2.70989e-01
1.04618e+01	4.82503e-01	4.12267e-01
1.09450e+01	6.78137e-01	5.59998e-01
1.14505e+01	1.03767e+00	7.12441e-01
1.19793e+01	1.49274e+00	8.68072e-01
1.25325e+01	2.03468e+00	1.02555e+00
1.31113e+01	2.63428e+00	1.18371e+00
1.37169e+01	3.25120e+00	1.36179e+00
1.43504e+01	3.87902e+00	1.63417e+00
1.50131e+01	4.51217e+00	1.94011e+00
1.57065e+01	5.15874e+00	2.25264e+00
1.64318e+01	5.94435e+00	2.61403e+00
1.71907e+01	6.80150e+00	2.99279e+00
1.79846e+01	7.67194e+00	3.37398e+00
1.88152e+01	8.60918e+00	3.79496e+00
1.96842e+01	9.55527e+00	4.22268e+00
2.05933e+01	1.04936e+01	4.64778e+00
2.15444e+01	1.14181e+01	5.06740e+00
2.25393e+01	1.23237e+01	5.47905e+00
2.35803e+01	1.32058e+01	5.88063e+00
2.46693e+01	1.40609e+01	6.27030e+00
2.58086e+01	1.49097e+01	6.64652e+00
2.70006e+01	1.57342e+01	7.00798e+00
2.82475e+01	1.65401e+01	7.35357e+00
2.95521e+01	1.73252e+01	7.68239e+00
3.09169e+01	1.80972e+01	7.99371e+00
3.23448e+01	1.88331e+01	8.28694e+00
3.38385e+01	1.95306e+01	8.56226e+00
3.54013e+01	2.01880e+01	8.83912e+00
3.70363e+01	2.08040e+01	9.11207e+00
3.87467e+01	2.13773e+01	9.38443e+00
4.05362e+01	2.19074e+01	9.64903e+00
4.24083e+01	2.23938e+01	9.89692e+00
4.43669e+01	2.28362e+01	1.01273e+01
4.64159e+01	2.32348e+01	1.03394e+01
4.85595e+01	2.35897e+01	1.05329e+01
5.08022e+01	2.39014e+01	1.07099e+01
5.31484e+01	2.41704e+01	1.08738e+01
5.56030e+01	2.43975e+01	1.10260e+01
5.81709e+01	2.45835e+01	1.11606e+01
6.08575e+01	2.47295e+01	1.12771e+01
6.36681e+01	2.48366e+01	1.13754e+01
6.66085e+01	2.49058e+01	1.14558e+01
6.96847e+01	2.49385e+01	1.15184e+01
7.29030e+01	2.49360e+01	1.15636e+01
7.62699e+01	2.48998e+01	1.15918e+01
7.97923e+01	2.48311e+01	1.16035e+01
8.34773e+01	2.47316e+01	1.15992e+01
8.73326e+01	2.46027e+01	1.15794e+01
9.13659e+01	2.44460e+01	1.15449e+01
9.55855e+01	2.42630e+01	1.14963e+01
1.00000e+02	2.40553e+01	1.14342e+01
1.04618e+02	2.38244e+01	1.13592e+01
1.09450e+02	2.35718e+01	1.12722e+01
1.14505e+02	2.32992e+01	1.11739e+01
1.19793e+02	2.30080e+01	1.10648e+01
1.25325e+02	2.26996e+01	1.09459e+01
1.31113e+02	2.23756e+01	1.08177e+01
1.37169e+02	2.20375e+01	1.06810e+01
1.43504e+02	2.16865e+01	1.05364e+01
1.50131e+02	2.13240e+01	1.03847e+01
1.57065e+02	2.09514e+01	1.02272e+01
1.64318e+02	2.05698e+01	1.00643e+01
1.71907e+02	2.01806e+01	9.89612e+00
1.79846e+02	1.97849e+01	9.72341e+00
1.88152e+02	1.93838e+01	9.54668e+00
1.96842e+02	1.89783e+01	9.36647e+00
2.05933e+02	1.85695e+01	9.18344e+00
2.15444e+02	1.81584e+01	8.99846e+00
2.25393e+02	1.77458e+01	8.81156e+00
2.35803e+02	1.73326e+01	8.62319e+00
2.46693e+02	1.69195e+01	8.43377e+00
2.58086e+02	1.65074e+01	8.24371e+00
2.70005e+02	1.60970e+01	8.05337e+00
2.82475e+02	1.56888e+01	7.86312e+00
2.95521e+02	1.52835e+01	7.67352e+00
3.09169e+02	1.48820e+01	7.48489e+00
3.23448e+02	1.44852e+01	7.29746e+00
3.38385e+02	1.40928e+01	7.11135e+00
3.54013e+02	1.37054e+01	6.92681e+00
3.70363e+02	1.33232e+01	6.74406e+00
3.87467e+02	1.29467e+01	6.56330e+00
4.05362e+02	1.25760e+01	6.38470e+00
4.24083e+02	1.22114e+01	6.20846e+00
4.43669e+02	1.18532e+01	6.03471e+00
4.64159e+02	1.15016e+01	5.86359e+00
4.85595e+02	1.11568e+01	5.69522e+00
5.08022e+02	1.08187e+01	5.52972e+00
5.31484e+02	1.04877e+01	5.36717e+00
5.56030e+02	1.01638e+01	5.20767e+00
5.81709e+02	9.84703e+00	5.05126e+00
6.08574e+02	9.53746e+00	4.89802e+00
6.36681e+02	9.23512e+00	4.74798e+00
6.66085e+02	8.94003e+00	4.60119e+00
6.96847e+02	8.65218e+00	4.45767e+00
7.29029e+02	8.37155e+00	4.31744e+00
7.62699e+02	8.09811e+00	4.18051e+00
7.97923e+02	7.83181e+00	4.04688e+00
8.34773e+02	7.57260e+00	3.91654e+00
8.73326e+02	7.32040e+00	3.78948e+00
9.13659e+02	7.07514e+00	3.66568e+00
9.55855e+02	6.83672e+00	3.54513e+00
1.00000e+03	6.60507e+00	3.42779e+00
1.04618e+03	6.38007e+00	3.31363e+00
1.09450e+03	6.16161e+00	3.20262e+00
1.14505e+03	5.94960e+00	3.09471e+00
1.19793e+03	5.74390e+00	2.98986e+00
1.25325e+03	5.54441e+00	2.88802e+00
1.31113e+03	5.35099e+00	2.78914e+00
1.37169e+03	5.16353e+00	2.69319e+00
1.43504e+03	4.98189e+00	2.60009e+00
1.50131e+03	4.80594e+00	2.50979e+00
1.57065e+03	4.63556e+00	2.42225e+00
1.64318e+03	4.47062e+00	2.33740e+00
1.71907e+03	4.31097e+00	2.25519e+00
1.79846e+03	4.15650e+00	2.17555e+00
1.88152e+03	4.00706e+00	2.09843e+00
1.96842e+03	3.86254e+00	2.02377e+00
2.05933e+03	3.72279e+00	1.95151e+00
2.15443e+03	3.58770e+00	1.88158e+00
2.25393e+03	3.45712e+00	1.81394e+00
2.35803e+03	3.33095e+00	1.74852e+00
2.46693e+03	3.20905e+00	1.68526e+00
2.58086e+03	3.09130e+00	1.62411e+00
2.70005e+03	2.97758e+00	1.56500e+00
2.82475e+03	2.86777e+00	1.50789e+00
2.95521e+03	2.76176e+00	1.45271e+00
3.09169e+03	2.65943e+00	1.39940e+00
3.23448e+03	2.56067e+00	1.34792e+00
3.38386e+03	2.46536e+00	1.29822e+00
3.54013e+03	2.37341e+00	1.25023e+00
3.70363e+03	2.28471e+00	1.20390e+00
3.87468e+03	2.19915e+00	1.15920e+00
4.05362e+03	2.11663e+00	1.11606e+00
4.24083e+03	2.03706e+00	1.07443e+00
4.43669e+03	1.96034e+00	1.03428e+00
4.64159e+03	1.88638e+00	9.95546e-01
4.85595e+03	1.81509e+00	9.58193e-01
5.08022e+03	1.74637e+00	9.22174e-01
5.31484e+03	1.68015e+00	8.87445e-01
5.56030e+03	1.61633e+00	8.53965e-01
5.81709e+03	1.55485e+00	8.21693e-01
6.08574e+03	1.49561e+00	7.90587e-01
6.36681e+03	1.43855e+00	7.60611e-01
6.66085e+03	1.38358e+00	7.31725e-01
6.96847e+03	1.33064e+00	7.03893e-01
7.29030e+03	1.27966e+00	6.77080e-01
7.62699e+03	1.23057e+00	6.51250e-01
7.97923e+03	1.18329e+00	6.26371e-01
8.34773e+03	1.13778e+00	6.02408e-01
8.73326e+03	1.09396e+00	5.79331e-01
9.13659e+03	1.05178e+00	5.57109e-01
9.55855e+03	1.01118e+00	5.35711e-01
1.00000e+04	9.72101e-01	5.15110e-01
1.04618e+04	9.34490e-01	4.95277e-01
1.09450e+04	8.98294e-01	4.76184e-01
1.14505e+04	8.63464e-01	4.57807e-01
1.19793e+04	8.29949e-01	4.40118e-01
1.25325e+04	7.97701e-01	4.23094e-01
1.31113e+04	7.66676e-01	4.06710e-01
1.37169e+04	7.36828e-01	3.90945e-01
1.43504e+04	7.08115e-01	3.75775e-01
1.50131e+04	6.80495e-01	3.61178e-01
1.57065e+04	6.53928e-01	3.47135e-01
1.64318e+04	6.28375e-01	3.33624e-01
1.71907e+04	6.03799e-01	3.20628e-01
1.79847e+04	5.80164e-01	3.08125e-01
1.88152e+04	5.57435e-01	2.96100e-01
1.96842e+04	5.35578e-01	2.84533e-01
2.05933e+04	5.14561e-01	2.73409e-01
2.15443e+04	4.94353e-01	2.62710e-01
2.25393e+04	4.74923e-01	2.52422e-01
2.35803e+04	4.56243e-01	2.42528e-01
2.46693e+04	4.38283e-01	2.33014e-01
2.58086e+04	4.21019e-01	2.23866e-01
2.70005e+04	4.04422e-01	2.15071e-01
2.82475e+04	3.88468e-01	2.06615e-01
2.95521e+04	3.73132e-01	1.98485e-01
3.09169e+04	3.58392e-01	1.90669e-01
3.23448e+04	3.44225e-01	1.83155e-01
3.38386e+04	3.30609e-01	1.75933e-01
3.54013e+04	3.17522e-01	1.68991e-01
3.70363e+04	3.04946e-01	1.62318e-01
3.87468e+04	2.92860e-01	1.55904e-01
4.05362e+04	2.81246e-01	1.49739e-01
4.24083e+04	2.70085e-01	1.43814e-01
4.43669e+04	2.59361e-01	1.38121e-01
4.64159e+04	2.49057e-01	1.32649e-01
4.85595e+04	2.39156e-01	1.27390e-01
5.08022e+04	2.29644e-01	1.22337e-01
5.31484e+04	2.20504e-01	1.17482e-01
5.56030e+04	2.11724e-01	1.12816e-01
5.81709e+04	2.03288e-01	1.08333e-01
6.08574e+04	1.95184e-01	1.04026e-01
6.36681e+04	1.87399e-01	9.98878e-02
6.66085e+04	1.79921e-01	9.59119e-02
6.96847e+04	1.72737e-01	9.20921e-02
7.29029e+04	1.65836e-01	8.84224e-02
7.62699e+04	1.59208e-01	8.48972e-02
7.97923e+04	1.52842e-01	8.15106e-02
8.34773e+04	1.46727e-01	7.82575e-02
8.73326e+04	1.40854e-01	7.51326e-02
9.13659e+04	1.35213e-01	7.21309e-02
9.55855e+04	1.29796e-01	6.92477e-02
1.00000e+05	1.24593e-01	6.64784e-02
1.04618e+05	1.19596e-01	6.38186e-02
1.09450e+05	1.14798e-01	6.12639e-02
1.14505e+05	1.10190e-01	5.88104e-02
1.19793e+05	1.05765e-01	5.64540e-02
1.25325e+05	1.01516e-01	5.41909e-02
1.31113e+05	9.74357e-02	5.20176e-02
1.37169e+05	9.35178e-02	4.99305e-02
1.43504e+05	8.97558e-02	4.79262e-02
1.50131e+05	8.61436e-02	4.60015e-02
1.57065e+05	8.26754e-02	4.41533e-02
1.64318e+05	7.93454e-02	4.23786e-02
1.71907e+05	7.61482e-02	4.06745e-02
1.79846e+05	7.30786e-02	3.90383e-02
1.88152e+05	7.01316e-02	3.74672e-02
1.96842e+05	6.73023e-02	3.59587e-02
2.05933e+05	6.45861e-02	3.45103e-02
2.15444e+05	6.19784e-02	3.31197e-02
2.25393e+05	5.94751e-02	3.17846e-02
2.35803e+05	5.70720e-02	3.05029e-02
2.46693e+05	5.47652e-02	2.92723e-02
2.58086e+05	5.25507e-02	2.80909e-02
2.70006e+05	5.04250e-02	2.69567e-02
2.82475e+05	4.83846e-02	2.58680e-02
2.95521e+05	4.64260e-02	2.48228e-02
3.09169e+05	4.45460e-02	2.38194e-02
3.23448e+05	4.27415e-02	2.28563e-02
3.38386e+05	4.10095e-02	2.19318e-02
3.54013e+05	3.93471e-02	2.10443e-02
3.70363e+05	3.77516e-02	2.01925e-02
3.87468e+05	3.62202e-02	1.93748e-02
4.05362e+05	3.47504e-02	1.85900e-02
4.24083e+05	3.33398e-02	1.78366e-02
4.43669e+05	3.19861e-02	1.71136e-02
4.64159e+05	3.06868e-02	1.64197e-02
4.85595e+05	2.94399e-02	1.57536e-02
5.08022e+05	2.82433e-02	1.51144e-02
5.31484e+05	2.70950e-02	1.45009e-02
5.56030e+05	2.59930e-02	1.39121e-02
5.81709e+05	2.49355e-02	1.33470e-02
6.08574e+05	2.39207e-02	1.28047e-02
6.36680e+05	2.29469e-02	1.22842e-02
6.66085e+05	2.20124e-02	1.17848e-02
6.96847e+05	2.11158e-02	1.13055e-02
7.29030e+05	2.02554e-02	1.08456e-02
7.62699e+05	1.94298e-02	1.04042e-02
7.97923e+05	1.86376e-02	9.98065e-03
8.34773e+05	1.78775e-02	9.57422e-03
8.73326e+05	1.71482e-02	9.18423e-03
9.13659e+05	1.64484e-02	8.81001e-03
9.55855e+05	1.57770e-02	8.45093e-03
1.00000e+06	1.51328e-02	8.10639e-03
