# C3N cross section
256
1.00000e+01	0.00000e+00	0.00000e+00
1.04618e+01	0.00000e+00	0.00000e+00
1.09450e+01	0.00000e+00	1.13547e-01
1.14505e+01	0.00000e+00	3.04441e-01
1.19793e+01	0.00000e+00	6.65954e-01
1.25325e+01	6.43115e-02	1.06049e+00
1.31113e+01	2.93424e-01	1.49440e+00
1.37169e+01	6.16843e-01	1.97907e+00
1.43504e+01	1.01420e+00	2.50456e+00
1.50131e+01	1.50290e+00	3.06332e+00
1.57065e+01	2.21206e+00	3.69798e+00
1.64318e+01	2.98174e+00	4.49902e+00
1.71907e+01	3.79459e+00	5.31809e+00
1.79846e+01	4.62579e+00	6.15201e+00
1.88152e+01	5.46739e+00	7.02390e+00
1.96842e+01	6.31244e+00	7.89649e+00
2.05933e+01	7.15489e+00	8.76382e+00
2.15444e+01	7.98945e+00	9.62072e+00
2.25393e+01	8.81156e+00	1.04627e+01
2.35803e+01	9.61723e+00	1.12858e+01
2.46693e+01	1.04310e+01	1.20868e+01
2.58086e+01	1.12447e+01	1.28626e+01
2.70006e+01	1.20365e+01	1.36108e+01
2.82475e+01	1.28034e+01	1.43294e+01
2.95521e+01	1.35428e+01	1.50165e+01
3.09169e+01	1.42632e+01	1.56706e+01
3.23448e+01	1.49742e+01	1.62907e+01
3.38385e+01	1.56546e+01	1.68756e+01
3.54013e+01	1.63136e+01	1.74246e+01
3.70363e+01	1.69524e+01	1.79372e+01
3.87467e+01	1.75576e+01	1.84131e+01
4.05362e+01	1.81279e+01	1.88520e+01
4.24083e+01	1.86621e+01	1.92539e+01
4.43669e+01	1.91594e+01	1.96188e+01
4.64159e+01	1.96191e+01	1.99520e+01
4.85595e+01	2.00410e+01	2.02531e+01
5.08022e+01	2.04250e+01	2.05240e+01
5.31484e+01	2.07709e+01	2.07629e+01
5.56030e+01	2.10790e+01	2.09678e+01
5.81709e+01	2.13497e+01	2.11392e+01
6.08575e+01	2.15835e+01	2.12776e+01
6.36681e+01	2.17809e+01	2.13838e+01
6.66085e+01	2.19427e+01	2.14585e+01
6.96847e+01	2.20696e+01	2.15026e+01
7.29030e+01	2.21627e+01	2.15170e+01
7.62699e+01	2.22229e+01	2.15028e+01
7.97923e+01	2.22512e+01	2.14610e+01
8.34773e+01	2.22488e+01	2.13926e+01
8.73326e+01	2.22169e+01	2.12990e+01
9.13659e+01	2.21566e+01	2.11821e+01
9.55855e+01	2.20693e+01	2.10440e+01
1.00000e+02	2.19562e+01	2.08858e+01
1.04618e+02	2.18186e+01	2.07082e+01
1.09450e+02	2.16578e+01	2.05117e+01
1.14505e+02	2.14753e+01	2.02972e+01
1.19793e+02	2.12722e+01	2.00661e+01
1.25325e+02	2.10499e+01	1.98195e+01
1.31113e+02	2.08099e+01	1.95585e+01
1.37169e+02	2.05533e+01	1.92843e+01
1.43504e+02	2.02815e+01	1.89992e+01
1.50131e+02	1.99957e+01	1.87037e+01
1.57065e+02	1.96971e+01	1.83990e+01
1.64318e+02	1.93871e+01	1.80858e+01
1.71907e+02	1.90668e+01	1.77648e+01
1.79846e+02	1.87372e+01	1.74371e+01
1.88152e+02	1.83996e+01	1.71037e+01
1.96842e+02	1.80550e+01	1.67654e+01
2.05933e+02	1.77045e+01	1.64231e+01
2.15444e+02	1.73489e+01	1.60777e+01
2.25393e+02	1.69893e+01	1.57298e+01
2.35803e+02	1.66265e+01	1.53804e+01
2.46693e+02	1.62615e+01	1.50300e+01
2.58086e+02	1.58949e+01	1.46795e+01
2.70005e+02	1.55277e+01	1.43293e+01
2.82475e+02	1.51604e+01	1.39802e+01
2.95521e+02	1.47937e+01	1.36327e+01
3.09169e+02	1.44285e+01	1.32872e+01
3.23448e+02	1.40661e+01	1.29443e+01
3.38385e+02	1.37061e+01	1.26045e+01
3.54013e+02	1.33492e+01	1.22681e+01
3.70363e+02	1.29956e+01	1.19354e+01
3.87467e+02	1.26459e+01	1.16070e+01
4.05362e+02	1.23003e+01	1.12829e+01
4.24083e+02	1.19593e+01	1.09637e+01
4.43669e+02	1.16233e+01	1.06494e+01
4.64159e+02	1.12925e+01	1.03403e+01
4.85595e+02	1.09670e+01	1.00366e+01
5.08022e+02	1.06470e+01	9.73841e+00
5.31484e+02	1.03328e+01	9.44596e+00
5.56030e+02	1.00245e+01	9.15934e+00
5.81709e+02	9.72228e+00	8.87864e+00
6.08574e+02	9.42620e+00	8.60394e+00
6.36681e+02	9.13636e+00	8.33530e+00
6.66085e+02	8.85284e+00	8.07276e+00
6.96847e+02	8.57568e+00	7.81636e+00
7.29029e+02	8.30493e+00	7.56609e+00
7.62699e+02	8.04058e+00	7.32196e+00
7.97923e+02	7.78265e+00	7.08395e+00
8.34773e+02	7.53113e+00	6.85204e+00
8.73326e+02	7.28599e+00	6.62619e+00
9.13659e+02	7.04718e+00	6.40634e+00
9.55855e+02	6.81468e+00	6.19244e+00
1.00000e+03	6.58842e+00	5.98442e+00
1.04618e+03	6.36833e+00	5.78222e+00
1.09450e+03	6.15434e+00	5.58576e+00
1.14505e+03	5.94637e+00	5.39494e+00
1.19793e+03	5.74433e+00	5.20969e+00
1.25325e+03	5.54814e+00	5.02990e+00
1.31113e+03	5.35769e+00	4.85548e+00
1.37169e+03	5.17289e+00	4.68633e+00
1.43504e+03	4.99362e+00	4.52233e+00
1.50131e+03	4.81979e+00	4.36340e+00
1.57065e+03	4.65128e+00	4.20942e+00
1.64318e+03	4.48797e+00	4.06028e+00
1.71907e+03	4.32977e+00	3.91586e+00
1.79846e+03	4.17654e+00	3.77607e+00
1.88152e+03	4.02818e+00	3.64078e+00
1.96842e+03	3.88457e+00	3.50988e+00
2.05933e+03	3.74559e+00	3.38327e+00
2.15443e+03	3.61113e+00	3.26084e+00
2.25393e+03	3.48107e+00	3.14247e+00
2.35803e+03	3.35530e+00	3.02805e+00
2.46693e+03	3.23370e+00	2.91747e+00
2.58086e+03	3.11616e+00	2.81063e+00
2.70005e+03	3.00256e+00	2.70743e+00
2.82475e+03	2.89280e+00	2.60776e+00
2.95521e+03	2.78677e+00	2.51150e+00
3.09169e+03	2.68435e+00	2.41858e+00
3.23448e+03	2.58546e+00	2.32888e+00
3.38386e+03	2.48997e+00	2.24230e+00
3.54013e+03	2.39779e+00	2.15876e+00
3.70363e+03	2.30881e+00	2.07816e+00
3.87468e+03	2.22295e+00	2.00040e+00
4.05362e+03	2.14010e+00	1.92540e+00
4.24083e+03	2.06017e+00	1.85307e+00
4.43669e+03	1.98307e+00	1.78333e+00
4.64159e+03	1.90871e+00	1.71608e+00
4.85595e+03	1.83700e+00	1.65126e+00
5.08022e+03	1.76785e+00	1.58877e+00
5.31484e+03	1.70119e+00	1.52855e+00
5.56030e+03	1.63692e+00	1.47051e+00
5.81709e+03	1.57498e+00	1.41459e+00
6.08574e+03	1.51528e+00	1.36071e+00
6.36681e+03	1.45775e+00	1.30880e+00
6.66085e+03	1.40232e+00	1.25880e+00
6.96847e+03	1.34891e+00	1.21064e+00
7.29030e+03	1.29746e+00	1.16426e+00
7.62699e+03	1.24790e+00	1.11960e+00
7.97923e+03	1.20017e+00	1.07659e+00
8.34773e+03	1.15420e+00	1.03518e+00
8.73326e+03	1.10993e+00	9.95315e-01
9.13659e+03	1.06730e+00	9.56937e-01
9.55855e+03	1.02625e+00	9.19995e-01
1.00000e+04	9.86738e-01	8.84437e-01
1.04618e+04	9.48698e-01	8.50216e-01
1.09450e+04	9.12081e-01	8.17282e-01
1.14505e+04	8.76836e-01	7.85589e-01
1.19793e+04	8.42915e-01	7.55093e-01
1.25325e+04	8.10269e-01	7.25751e-01
1.31113e+04	7.78855e-01	6.97520e-01
1.37169e+04	7.48626e-01	6.70361e-01
1.43504e+04	7.19540e-01	6.44234e-01
1.50131e+04	6.91556e-01	6.19102e-01
1.57065e+04	6.64634e-01	5.94928e-01
1.64318e+04	6.38735e-01	5.71677e-01
1.71907e+04	6.13821e-01	5.49315e-01
1.79847e+04	5.89857e-01	5.27809e-01
1.88152e+04	5.66808e-01	5.07127e-01
1.96842e+04	5.44640e-01	4.87239e-01
2.05933e+04	5.23320e-01	4.68116e-01
2.15443e+04	5.02817e-01	4.49728e-01
2.25393e+04	4.83101e-01	4.32049e-01
2.35803e+04	4.64143e-01	4.15052e-01
2.46693e+04	4.45914e-01	3.98711e-01
2.58086e+04	4.28387e-01	3.83003e-01
2.70005e+04	4.11536e-01	3.67901e-01
2.82475e+04	3.95335e-01	3.53386e-01
2.95521e+04	3.79761e-01	3.39433e-01
3.09169e+04	3.64789e-01	3.26021e-01
3.23448e+04	3.50398e-01	3.13131e-01
3.38386e+04	3.36564e-01	3.00743e-01
3.54013e+04	3.23267e-01	2.88836e-01
3.70363e+04	3.10487e-01	2.77394e-01
3.87468e+04	2.98204e-01	2.66398e-01
4.05362e+04	2.86399e-01	2.55832e-01
4.24083e+04	2.75054e-01	2.45678e-01
4.43669e+04	2.64152e-01	2.35921e-01
4.64159e+04	2.53675e-01	2.26547e-01
4.85595e+04	2.43608e-01	2.17539e-01
5.08022e+04	2.33934e-01	2.08885e-01
5.31484e+04	2.24639e-01	2.00571e-01
5.56030e+04	2.15708e-01	1.92582e-01
5.81709e+04	2.07127e-01	1.84908e-01
6.08574e+04	1.98882e-01	1.77536e-01
6.36681e+04	1.90962e-01	1.70454e-01
6.66085e+04	1.83352e-01	1.63650e-01
6.96847e+04	1.76042e-01	1.57115e-01
7.29029e+04	1.69020e-01	1.50838e-01
7.62699e+04	1.62274e-01	1.44808e-01
7.97923e+04	1.55794e-01	1.39017e-01
8.34773e+04	1.49569e-01	1.33454e-01
8.73326e+04	1.43591e-01	1.28111e-01
9.13659e+04	1.37848e-01	1.22980e-01
9.55855e+04	1.32332e-01	1.18052e-01
1.00000e+05	1.27034e-01	1.13319e-01
1.04618e+05	1.21946e-01	1.08774e-01
1.09450e+05	1.17060e-01	1.04410e-01
1.14505e+05	1.12367e-01	1.00218e-01
1.19793e+05	1.07860e-01	9.61929e-02
1.25325e+05	1.03532e-01	9.23278e-02
1.31113e+05	9.93755e-02	8.86164e-02
1.37169e+05	9.53843e-02	8.50526e-02
1.43504e+05	9.15516e-02	8.16307e-02
1.50131e+05	8.78714e-02	7.83451e-02
1.57065e+05	8.43375e-02	7.51904e-02
1.64318e+05	8.09444e-02	7.21615e-02
1.71907e+05	7.76863e-02	6.92534e-02
1.79846e+05	7.45581e-02	6.64614e-02
1.88152e+05	7.15547e-02	6.37809e-02
1.96842e+05	6.86710e-02	6.12075e-02
2.05933e+05	6.59024e-02	5.87370e-02
2.15444e+05	6.32444e-02	5.63652e-02
2.25393e+05	6.06926e-02	5.40884e-02
2.35803e+05	5.82428e-02	5.19027e-02
2.46693e+05	5.58909e-02	4.98045e-02
2.58086e+05	5.36332e-02	4.77904e-02
2.70006e+05	5.14659e-02	4.58571e-02
2.82475e+05	4.93853e-02	4.40013e-02
2.95521e+05	4.73881e-02	4.22199e-02
3.09169e+05	4.54710e-02	4.05101e-02
3.23448e+05	4.36307e-02	3.88689e-02
3.38386e+05	4.18643e-02	3.72936e-02
3.54013e+05	4.01688e-02	3.57817e-02
3.70363e+05	3.85414e-02	3.43306e-02
3.87468e+05	3.69794e-02	3.29378e-02
4.05362e+05	3.54802e-02	3.16011e-02
4.24083e+05	3.40412e-02	3.03182e-02
4.43669e+05	3.26602e-02	2.90870e-02
4.64159e+05	3.13347e-02	2.79054e-02
4.85595e+05	3.00626e-02	2.67714e-02
5.08022e+05	2.88417e-02	2.56832e-02
5.31484e+05	2.76701e-02	2.46389e-02
5.56030e+05	2.65456e-02	2.36367e-02
5.81709e+05	2.54665e-02	2.26749e-02
6.08574e+05	2.44309e-02	2.17520e-02
6.36680e+05	2.34372e-02	2.08664e-02
6.66085e+05	2.24835e-02	2.00166e-02
6.96847e+05	2.15684e-02	1.92012e-02
7.29030e+05	2.06902e-02	1.84187e-02
7.62699e+05	1.98476e-02	1.76679e-02
7.97923e+05	1.90390e-02	1.69475e-02
8.34773e+05	1.82631e-02	1.62563e-02
8.73326e+05	1.75186e-02	1.55930e-02
9.13659e+05	1.68043e-02	1.49567e-02
9.55855e+05	1.61189e-02	1.43461e-02
1.00000e+06	1.54612e-02	1.37603e-02
