# C4H cross section
256
1.00000e+01	0.00000e+00	0.00000e+00
1.04618e+01	0.00000e+00	0.00000e+00
1.09450e+01	1.28425e-01	1.28425e-01
1.14505e+01	4.64898e-01	4.64898e-01
1.19793e+01	8.83405e-01	8.83405e-01
1.25325e+01	1.32716e+00	1.32716e+00
1.31113e+01	1.78987e+00	1.78987e+00
1.37169e+01	2.49390e+00	2.49390e+00
1.43504e+01	3.29911e+00	3.29911e+00
1.50131e+01	4.13879e+00	4.12975e+00
1.57065e+01	5.03755e+00	4.99607e+00
1.64318e+01	5.94905e+00	5.90175e+00
1.71907e+01	6.86540e+00	6.81278e+00
1.79846e+01	7.79331e+00	7.72225e+00
1.88152e+01	8.78724e+00	8.62411e+00
1.96842e+01	9.77496e+00	9.51314e+00
2.05933e+01	1.07503e+01	1.03848e+01
2.15444e+01	1.17078e+01	1.12352e+01
2.25393e+01	1.26491e+01	1.20641e+01
2.35803e+01	1.36104e+01	1.29082e+01
2.46693e+01	1.45492e+01	1.37401e+01
2.58086e+01	1.54588e+01	1.45439e+01
2.70006e+01	1.63358e+01	1.53166e+01
2.82475e+01	1.71787e+01	1.60559e+01
2.95521e+01	1.80116e+01	1.67599e+01
3.09169e+01	1.88335e+01	1.74270e+01
3.23448e+01	1.96312e+01	1.80559e+01
3.38385e+01	2.03902e+01	1.86455e+01
3.54013e+01	2.11083e+01	1.91953e+01
3.70363e+01	2.17838e+01	1.97046e+01
3.87467e+01	2.24155e+01	2.01735e+01
4.05362e+01	2.30022e+01	2.06148e+01
4.24083e+01	2.35434e+01	2.10257e+01
4.43669e+01	2.40387e+01	2.13976e+01
4.64159e+01	2.44878e+01	2.17306e+01
4.85595e+01	2.48910e+01	2.20247e+01
5.08022e+01	2.52486e+01	2.22804e+01
5.31484e+01	2.55609e+01	2.24981e+01
5.56030e+01	2.58287e+01	2.26785e+01
5.81709e+01	2.60528e+01	2.28223e+01
6.08575e+01	2.62341e+01	2.29304e+01
6.36681e+01	2.63736e+01	2.30038e+01
6.66085e+01	2.64726e+01	2.30436e+01
6.96847e+01	2.65322e+01	2.30509e+01
7.29030e+01	2.65538e+01	2.30268e+01
7.62699e+01	2.65389e+01	2.29762e+01
7.97923e+01	2.64888e+01	2.28994e+01
8.34773e+01	2.64052e+01	2.27969e+01
8.73326e+01	2.62895e+01	2.26688e+01
9.13659e+01	2.61433e+01	2.25188e+01
9.55855e+01	2.59682e+01	2.23487e+01
1.00000e+02	2.57660e+01	2.21571e+01
1.04618e+02	2.55380e+01	2.19452e+01
1.09450e+02	2.52861e+01	2.17143e+01
1.14505e+02	2.50118e+01	2.14657e+01
1.19793e+02	2.47168e+01	2.12005e+01
1.25325e+02	2.44025e+01	2.09200e+01
1.31113e+02	2.40706e+01	2.06256e+01
1.37169e+02	2.37225e+01	2.03183e+01
1.43504e+02	2.33599e+01	1.99994e+01
1.50131e+02	2.29840e+01	1.96702e+01
1.57065e+02	2.25963e+01	1.93316e+01
1.64318e+02	2.21983e+01	1.89849e+01
1.71907e+02	2.17911e+01	1.86310e+01
1.79846e+02	2.13761e+01	1.82711e+01
1.88152e+02	2.09545e+01	1.79062e+01
1.96842e+02	2.05274e+01	1.75371e+01
2.05933e+02	2.00959e+01	1.71648e+01
2.15444e+02	1.96612e+01	1.67902e+01
2.25393e+02	1.92242e+01	1.64140e+01
2.35803e+02	1.87858e+01	1.60371e+01
2.46693e+02	1.83469e+01	1.56601e+01
2.58086e+02	1.79084e+01	1.52838e+01
2.70005e+02	1.74711e+01	1.49088e+01
2.82475e+02	1.70356e+01	1.45357e+01
2.95521e+02	1.66026e+01	1.41649e+01
3.09169e+02	1.61731e+01	1.37972e+01
3.23448e+02	1.57485e+01	1.34328e+01
3.38385e+02	1.53283e+01	1.30723e+01
3.54013e+02	1.49128e+01	1.27160e+01
3.70363e+02	1.45027e+01	1.23643e+01
3.87467e+02	1.40982e+01	1.20175e+01
4.05362e+02	1.36996e+01	1.16759e+01
4.24083e+02	1.33073e+01	1.13397e+01
4.43669e+02	1.29216e+01	1.10092e+01
4.64159e+02	1.25426e+01	1.06846e+01
4.85595e+02	1.21706e+01	1.03661e+01
5.08022e+02	1.18057e+01	1.00537e+01
5.31484e+02	1.14482e+01	9.74765e+00
5.56030e+02	1.10980e+01	9.44799e+00
5.81709e+02	1.07554e+01	9.15483e+00
6.08574e+02	1.04203e+01	8.86820e+00
6.36681e+02	1.00929e+01	8.58815e+00
6.66085e+02	9.77312e+00	8.31471e+00
6.96847e+02	9.46101e+00	8.04787e+00
7.29029e+02	9.15656e+00	7.78763e+00
7.62699e+02	8.85976e+00	7.53397e+00
7.97923e+02	8.57055e+00	7.28685e+00
8.34773e+02	8.28890e+00	7.04622e+00
8.73326e+02	8.01474e+00	6.81204e+00
9.13659e+02	7.74800e+00	6.58424e+00
9.55855e+02	7.48859e+00	6.36273e+00
1.00000e+03	7.23642e+00	6.14745e+00
1.04618e+03	6.99139e+00	5.93831e+00
1.09450e+03	6.75339e+00	5.73521e+00
1.14505e+03	6.52232e+00	5.53805e+00
1.19793e+03	6.29805e+00	5.34673e+00
1.25325e+03	6.08046e+00	5.16114e+00
1.31113e+03	5.86943e+00	4.98118e+00
1.37169e+03	5.66481e+00	4.80673e+00
1.43504e+03	5.46649e+00	4.63768e+00
1.50131e+03	5.27433e+00	4.47391e+00
1.57065e+03	5.08818e+00	4.31529e+00
1.64318e+03	4.90791e+00	4.16172e+00
1.71907e+03	4.73339e+00	4.01308e+00
1.79846e+03	4.56447e+00	3.86923e+00
1.88152e+03	4.40101e+00	3.73007e+00
1.96842e+03	4.24289e+00	3.59547e+00
2.05933e+03	4.08995e+00	3.46532e+00
2.15443e+03	3.94206e+00	3.33949e+00
2.25393e+03	3.79909e+00	3.21787e+00
2.35803e+03	3.66091e+00	3.10034e+00
2.46693e+03	3.52737e+00	2.98680e+00
2.58086e+03	3.39835e+00	2.87711e+00
2.70005e+03	3.27372e+00	2.77118e+00
2.82475e+03	3.15335e+00	2.66890e+00
2.95521e+03	3.03712e+00	2.57015e+00
3.09169e+03	2.92490e+00	2.47483e+00
3.23448e+03	2.81657e+00	2.38284e+00
3.38386e+03	2.71202e+00	2.29407e+00
3.54013e+03	2.61113e+00	2.20842e+00
3.70363e+03	2.51378e+00	2.12580e+00
3.87468e+03	2.41987e+00	2.04611e+00
4.05362e+03	2.32928e+00	1.96926e+00
4.24083e+03	2.24192e+00	1.89516e+00
4.43669e+03	2.15767e+00	1.82371e+00
4.64159e+03	2.07644e+00	1.75484e+00
4.85595e+03	1.99812e+00	1.68845e+00
5.08022e+03	1.92263e+00	1.62447e+00
5.31484e+03	1.84986e+00	1.56280e+00
5.56030e+03	1.77973e+00	1.50339e+00
5.81709e+03	1.71216e+00	1.44615e+00
6.08574e+03	1.64704e+00	1.39100e+00
6.36681e+03	1.58431e+00	1.33788e+00
6.66085e+03	1.52388e+00	1.28671e+00
6.96847e+03	1.46566e+00	1.23744e+00
7.29030e+03	1.40960e+00	1.18998e+00
7.62699e+03	1.35560e+00	1.14429e+00
7.97923e+03	1.30360e+00	1.10029e+00
8.34773e+03	1.25354e+00	1.05794e+00
8.73326e+03	1.20533e+00	1.01716e+00
9.13659e+03	1.15892e+00	9.77911e-01
9.55855e+03	1.11424e+00	9.40132e-01
1.00000e+04	1.07123e+00	9.03771e-01
1.04618e+04	1.02984e+00	8.68777e-01
1.09450e+04	9.90001e-01	8.35103e-01
1.14505e+04	9.51661e-01	8.02699e-01
1.19793e+04	9.14765e-01	7.71521e-01
1.25325e+04	8.79263e-01	7.41524e-01
1.31113e+04	8.45103e-01	7.12665e-01
1.37169e+04	8.12238e-01	6.84902e-01
1.43504e+04	7.80619e-01	6.58196e-01
1.50131e+04	7.50202e-01	6.32507e-01
1.57065e+04	7.20943e-01	6.07799e-01
1.64318e+04	6.92799e-01	5.84035e-01
1.71907e+04	6.65729e-01	5.61180e-01
1.79847e+04	6.39694e-01	5.39201e-01
1.88152e+04	6.14655e-01	5.18066e-01
1.96842e+04	5.90576e-01	4.97742e-01
2.05933e+04	5.67421e-01	4.78200e-01
2.15443e+04	5.45155e-01	4.59411e-01
2.25393e+04	5.23747e-01	4.41346e-01
2.35803e+04	5.03162e-01	4.23979e-01
2.46693e+04	4.83372e-01	4.07282e-01
2.58086e+04	4.64345e-01	3.91232e-01
2.70005e+04	4.46054e-01	3.75802e-01
2.82475e+04	4.28471e-01	3.60971e-01
2.95521e+04	4.11568e-01	3.46716e-01
3.09169e+04	3.95321e-01	3.33014e-01
3.23448e+04	3.79705e-01	3.19845e-01
3.38386e+04	3.64695e-01	3.07188e-01
3.54013e+04	3.50269e-01	2.95025e-01
3.70363e+04	3.36405e-01	2.83336e-01
3.87468e+04	3.23080e-01	2.72103e-01
4.05362e+04	3.10276e-01	2.61308e-01
4.24083e+04	2.97971e-01	2.50936e-01
4.43669e+04	2.86147e-01	2.40969e-01
4.64159e+04	2.74785e-01	2.31393e-01
4.85595e+04	2.63868e-01	2.22191e-01
5.08022e+04	2.53378e-01	2.13351e-01
5.31484e+04	2.43300e-01	2.04858e-01
5.56030e+04	2.33617e-01	1.96698e-01
5.81709e+04	2.24314e-01	1.88859e-01
6.08574e+04	2.15376e-01	1.81329e-01
6.36681e+04	2.06790e-01	1.74095e-01
6.66085e+04	1.98542e-01	1.67146e-01
6.96847e+04	1.90619e-01	1.60470e-01
7.29029e+04	1.83008e-01	1.54058e-01
7.62699e+04	1.75697e-01	1.47900e-01
7.97923e+04	1.68674e-01	1.41984e-01
8.34773e+04	1.61929e-01	1.36303e-01
8.73326e+04	1.55450e-01	1.30846e-01
9.13659e+04	1.49228e-01	1.25605e-01
9.55855e+04	1.43252e-01	1.20571e-01
1.00000e+05	1.37512e-01	1.15737e-01
1.04618e+05	1.32000e-01	1.11095e-01
1.09450e+05	1.26706e-01	1.06637e-01
1.14505e+05	1.21622e-01	1.02356e-01
1.19793e+05	1.16740e-01	9.82449e-02
1.25325e+05	1.12052e-01	9.42973e-02
1.31113e+05	1.07550e-01	9.05066e-02
1.37169e+05	1.03227e-01	8.68667e-02
1.43504e+05	9.90762e-02	8.33718e-02
1.50131e+05	9.50905e-02	8.00160e-02
1.57065e+05	9.12635e-02	7.67940e-02
1.64318e+05	8.75889e-02	7.37005e-02
1.71907e+05	8.40609e-02	7.07303e-02
1.79846e+05	8.06736e-02	6.78788e-02
1.88152e+05	7.74215e-02	6.51411e-02
1.96842e+05	7.42992e-02	6.25128e-02
2.05933e+05	7.13016e-02	5.99895e-02
2.15444e+05	6.84239e-02	5.75672e-02
2.25393e+05	6.56612e-02	5.52418e-02
2.35803e+05	6.30090e-02	5.30095e-02
2.46693e+05	6.04631e-02	5.08666e-02
2.58086e+05	5.80190e-02	4.88096e-02
2.70006e+05	5.56729e-02	4.68350e-02
2.82475e+05	5.34208e-02	4.49396e-02
2.95521e+05	5.12591e-02	4.31203e-02
3.09169e+05	4.91840e-02	4.13740e-02
3.23448e+05	4.71923e-02	3.96978e-02
3.38386e+05	4.52805e-02	3.80890e-02
3.54013e+05	4.34455e-02	3.65448e-02
3.70363e+05	4.16843e-02	3.50627e-02
3.87468e+05	3.99939e-02	3.36403e-02
4.05362e+05	3.83715e-02	3.22751e-02
4.24083e+05	3.68144e-02	3.09649e-02
4.43669e+05	3.53200e-02	2.97074e-02
4.64159e+05	3.38857e-02	2.85006e-02
4.85595e+05	3.25093e-02	2.73425e-02
5.08022e+05	3.11883e-02	2.62310e-02
5.31484e+05	2.99206e-02	2.51644e-02
5.56030e+05	2.87040e-02	2.41409e-02
5.81709e+05	2.75365e-02	2.31586e-02
6.08574e+05	2.64161e-02	2.22161e-02
6.36680e+05	2.53411e-02	2.13116e-02
6.66085e+05	2.43094e-02	2.04437e-02
6.96847e+05	2.33194e-02	1.96108e-02
7.29030e+05	2.23695e-02	1.88117e-02
7.62699e+05	2.14579e-02	1.80449e-02
7.97923e+05	2.05833e-02	1.73091e-02
8.34773e+05	1.97440e-02	1.66032e-02
8.73326e+05	1.89388e-02	1.59258e-02
9.13659e+05	1.81661e-02	1.52758e-02
9.55855e+05	1.74248e-02	1.46522e-02
1.00000e+06	1.67135e-02	1.40539e-02
