# C4H2 cross section
256
1.00000e+01	0.00000e+00
1.02746e+01	0.00000e+00
1.05567e+01	1.64624e-01
1.08466e+01	4.20593e-01
1.11445e+01	6.89947e-01
1.14505e+01	9.70887e-01
1.17649e+01	1.26175e+00
1.20880e+01	1.56101e+00
1.24199e+01	1.86725e+00
1.27609e+01	2.17915e+00
1.31113e+01	2.59762e+00
1.34714e+01	3.11131e+00
1.38413e+01	3.63728e+00
1.42214e+01	4.17316e+00
1.46119e+01	4.71676e+00
1.50131e+01	5.26605e+00
1.54254e+01	5.81917e+00
1.58489e+01	6.37441e+00
1.62841e+01	6.93019e+00
1.67313e+01	7.48505e+00
1.71907e+01	8.03764e+00
1.76628e+01	8.61223e+00
1.81478e+01	9.22082e+00
1.86461e+01	9.86812e+00
1.91581e+01	1.05140e+01
1.96842e+01	1.11569e+01
2.02247e+01	1.17952e+01
2.07801e+01	1.24276e+01
2.13507e+01	1.30528e+01
2.19370e+01	1.36697e+01
2.25393e+01	1.42772e+01
2.31583e+01	1.48743e+01
2.37942e+01	1.54848e+01
2.44475e+01	1.60910e+01
2.51189e+01	1.66860e+01
2.58086e+01	1.72690e+01
2.65173e+01	1.78390e+01
2.72455e+01	1.83955e+01
2.79936e+01	1.89451e+01
2.87623e+01	1.94953e+01
2.95521e+01	2.00313e+01
3.03636e+01	2.05682e+01
3.11974e+01	2.10954e+01
3.20540e+01	2.16078e+01
3.29342e+01	2.21047e+01
3.38385e+01	2.25857e+01
3.47677e+01	2.30503e+01
3.57225e+01	2.34981e+01
3.67034e+01	2.39288e+01
3.77112e+01	2.43420e+01
3.87467e+01	2.47375e+01
3.98107e+01	2.51152e+01
4.09039e+01	2.54748e+01
4.20271e+01	2.58164e+01
4.31811e+01	2.61398e+01
4.43669e+01	2.64449e+01
4.55852e+01	2.67319e+01
4.68369e+01	2.70007e+01
4.81230e+01	2.72514e+01
4.94445e+01	2.74840e+01
5.08022e+01	2.76988e+01
5.21972e+01	2.78958e+01
5.36305e+01	2.80752e+01
5.51032e+01	2.82372e+01
5.66163e+01	2.83820e+01
5.81709e+01	2.85099e+01
5.97683e+01	2.86210e+01
6.14095e+01	2.87157e+01
6.30957e+01	2.87942e+01
6.48283e+01	2.88568e+01
6.66085e+01	2.89038e+01
6.84375e+01	2.89356e+01
7.03168e+01	2.89523e+01
7.22476e+01	2.89545e+01
7.42315e+01	2.89424e+01
7.62699e+01	2.89164e+01
7.83642e+01	2.88768e+01
8.05160e+01	2.88240e+01
8.27270e+01	2.87584e+01
8.49986e+01	2.86804e+01
8.73326e+01	2.85902e+01
8.97307e+01	2.84884e+01
9.21947e+01	2.83753e+01
9.47263e+01	2.82512e+01
9.73274e+01	2.81166e+01
1.00000e+02	2.79719e+01
1.02746e+02	2.78174e+01
1.05567e+02	2.76535e+01
1.08466e+02	2.74806e+01
1.11445e+02	2.72991e+01
1.14505e+02	2.71094e+01
1.17649e+02	2.69118e+01
1.20880e+02	2.67068e+01
1.24199e+02	2.64946e+01
1.27609e+02	2.62757e+01
1.31113e+02	2.60504e+01
1.34714e+02	2.58191e+01
1.38413e+02	2.55821e+01
1.42214e+02	2.53397e+01
1.46119e+02	2.50924e+01
1.50131e+02	2.48404e+01
1.54254e+02	2.45841e+01
1.58489e+02	2.43237e+01
1.62841e+02	2.40596e+01
1.67313e+02	2.37922e+01
1.71907e+02	2.35216e+01
1.76628e+02	2.32482e+01
1.81478e+02	2.29723e+01
1.86461e+02	2.26941e+01
1.91581e+02	2.24139e+01
1.96842e+02	2.21320e+01
2.02247e+02	2.18487e+01
2.07801e+02	2.15641e+01
2.13507e+02	2.12785e+01
2.19370e+02	2.09921e+01
2.25393e+02	2.07052e+01
2.31583e+02	2.04180e+01
2.37942e+02	2.01306e+01
2.44476e+02	1.98433e+01
2.51189e+02	1.95562e+01
2.58086e+02	1.92696e+01
2.65173e+02	1.89836e+01
2.72455e+02	1.86984e+01
2.79936e+02	1.84141e+01
2.87623e+02	1.81310e+01
2.95521e+02	1.78490e+01
3.03636e+02	1.75685e+01
3.11974e+02	1.72900e+01
3.20540e+02	1.70134e+01
3.29342e+02	1.67386e+01
3.38385e+02	1.64658e+01
3.47677e+02	1.61949e+01
3.57224e+02	1.59261e+01
3.67034e+02	1.56595e+01
3.77112e+02	1.53952e+01
3.87467e+02	1.51332e+01
3.98107e+02	1.48737e+01
4.09039e+02	1.46166e+01
4.20271e+02	1.43621e+01
4.31811e+02	1.41102e+01
4.43669e+02	1.38609e+01
4.55852e+02	1.36144e+01
4.68369e+02	1.33706e+01
4.81230e+02	1.31296e+01
4.94445e+02	1.28915e+01
5.08022e+02	1.26562e+01
5.21972e+02	1.24239e+01
5.36305e+02	1.21944e+01
5.51032e+02	1.19679e+01
5.66163e+02	1.17444e+01
5.81709e+02	1.15238e+01
5.97683e+02	1.13063e+01
6.14095e+02	1.10917e+01
6.30957e+02	1.08802e+01
6.48283e+02	1.06716e+01
6.66085e+02	1.04661e+01
6.84375e+02	1.02636e+01
7.03168e+02	1.00641e+01
7.22476e+02	9.86764e+00
7.42315e+02	9.67416e+00
7.62699e+02	9.48366e+00
7.83642e+02	9.29615e+00
8.05160e+02	9.11160e+00
8.27270e+02	8.93000e+00
8.49986e+02	8.75134e+00
8.73326e+02	8.57560e+00
8.97307e+02	8.40275e+00
9.21947e+02	8.23278e+00
9.47263e+02	8.06566e+00
9.73274e+02	7.90138e+00
1.00000e+03	7.73991e+00
1.02746e+03	7.58122e+00
1.05567e+03	7.42528e+00
1.08466e+03	7.27208e+00
1.11444e+03	7.12158e+00
1.14505e+03	6.97376e+00
1.17649e+03	6.82858e+00
1.20880e+03	6.68602e+00
1.24199e+03	6.54605e+00
1.27609e+03	6.40864e+00
1.31113e+03	6.27375e+00
1.34714e+03	6.14135e+00
1.38413e+03	6.01142e+00
1.42214e+03	5.88392e+00
1.46119e+03	5.75882e+00
1.50131e+03	5.63608e+00
1.54254e+03	5.51568e+00
1.58489e+03	5.39758e+00
1.62841e+03	5.28175e+00
1.67313e+03	5.16816e+00
1.71907e+03	5.05677e+00
1.76628e+03	4.94755e+00
1.81478e+03	4.84047e+00
1.86461e+03	4.73549e+00
1.91581e+03	4.63259e+00
1.96842e+03	4.53172e+00
2.02247e+03	4.43287e+00
2.07801e+03	4.33599e+00
2.13507e+03	4.24105e+00
2.19370e+03	4.14802e+00
2.25393e+03	4.05688e+00
2.31583e+03	3.96758e+00
2.37942e+03	3.88010e+00
2.44476e+03	3.79441e+00
2.51189e+03	3.71047e+00
2.58086e+03	3.62826e+00
2.65173e+03	3.54774e+00
2.72455e+03	3.46889e+00
2.79936e+03	3.39168e+00
2.87623e+03	3.31607e+00
2.95521e+03	3.24204e+00
3.03636e+03	3.16956e+00
3.11974e+03	3.09860e+00
3.20540e+03	3.02913e+00
3.29342e+03	2.96113e+00
3.38386e+03	2.89456e+00
3.47677e+03	2.82941e+00
3.57224e+03	2.76564e+00
3.67034e+03	2.70323e+00
3.77112e+03	2.64216e+00
3.87468e+03	2.58239e+00
3.98107e+03	2.52390e+00
4.09039e+03	2.46667e+00
4.20271e+03	2.41067e+00
4.31811e+03	2.35588e+00
4.43669e+03	2.30228e+00
4.55852e+03	2.24984e+00
4.68369e+03	2.19854e+00
4.81230e+03	2.14836e+00
4.94445e+03	2.09927e+00
5.08022e+03	2.05125e+00
5.21972e+03	2.00428e+00
5.36305e+03	1.95835e+00
5.51032e+03	1.91342e+00
5.66163e+03	1.86948e+00
5.81709e+03	1.82651e+00
5.97683e+03	1.78449e+00
6.14095e+03	1.74339e+00
6.30957e+03	1.70321e+00
6.48283e+03	1.66392e+00
6.66085e+03	1.62550e+00
6.84375e+03	1.58794e+00
7.03168e+03	1.55121e+00
7.22476e+03	1.51530e+00
7.42315e+03	1.48020e+00
7.62699e+03	1.44588e+00
7.83642e+03	1.41233e+00
8.05160e+03	1.37953e+00
8.27270e+03	1.34747e+00
8.49986e+03	1.31613e+00
8.73326e+03	1.28550e+00
8.97307e+03	1.25555e+00
9.21947e+03	1.22629e+00
9.47263e+03	1.19768e+00
9.73274e+03	1.16972e+00
1.00000e+04	1.14240e+00
