# C4H4 cross section
256
1.00000e+01	1.64202e-01	0.00000e+00
1.04618e+01	4.15393e-01	1.87100e-01
1.09450e+01	7.57512e-01	4.27379e-01
1.14505e+01	1.24721e+00	6.83831e-01
1.19793e+01	1.76307e+00	9.52569e-01
1.25325e+01	2.35617e+00	1.23019e+00
1.31113e+01	3.08564e+00	1.66773e+00
1.37169e+01	3.85387e+00	2.12800e+00
1.43504e+01	4.75867e+00	2.60011e+00
1.50131e+01	5.68172e+00	3.07927e+00
1.57065e+01	6.64564e+00	3.56133e+00
1.64318e+01	7.68928e+00	4.04264e+00
1.71907e+01	8.80384e+00	4.53768e+00
1.79846e+01	9.97466e+00	5.11709e+00
1.88152e+01	1.12153e+01	5.69578e+00
1.96842e+01	1.24515e+01	6.26953e+00
2.05933e+01	1.36747e+01	6.83470e+00
2.15444e+01	1.48776e+01	7.38816e+00
2.25393e+01	1.60539e+01	7.98695e+00
2.35803e+01	1.72268e+01	8.58236e+00
2.46693e+01	1.83929e+01	9.16333e+00
2.58086e+01	1.95223e+01	9.72696e+00
2.70006e+01	2.06104e+01	1.02708e+01
2.82475e+01	2.16822e+01	1.07927e+01
2.95521e+01	2.27197e+01	1.12910e+01
3.09169e+01	2.37385e+01	1.17889e+01
3.23448e+01	2.47162e+01	1.22762e+01
3.38385e+01	2.56433e+01	1.27389e+01
3.54013e+01	2.65176e+01	1.31756e+01
3.70363e+01	2.73370e+01	1.35901e+01
3.87467e+01	2.81002e+01	1.40008e+01
4.05362e+01	2.88062e+01	1.43850e+01
4.24083e+01	2.94543e+01	1.47416e+01
4.43669e+01	3.00442e+01	1.50710e+01
4.64159e+01	3.05761e+01	1.53913e+01
4.85595e+01	3.10501e+01	1.56840e+01
5.08022e+01	3.14668e+01	1.59486e+01
5.31484e+01	3.18270e+01	1.61850e+01
5.56030e+01	3.21317e+01	1.63930e+01
5.81709e+01	3.23820e+01	1.65727e+01
6.08575e+01	3.25792e+01	1.67244e+01
6.36681e+01	3.27247e+01	1.68485e+01
6.66085e+01	3.28202e+01	1.69455e+01
6.96847e+01	3.28672e+01	1.70160e+01
7.29030e+01	3.28676e+01	1.70608e+01
7.62699e+01	3.28231e+01	1.70807e+01
7.97923e+01	3.27358e+01	1.70765e+01
8.34773e+01	3.26075e+01	1.70492e+01
8.73326e+01	3.24403e+01	1.69997e+01
9.13659e+01	3.22362e+01	1.69290e+01
9.55855e+01	3.19972e+01	1.68382e+01
1.00000e+02	3.17254e+01	1.67284e+01
1.04618e+02	3.14229e+01	1.66049e+01
1.09450e+02	3.10916e+01	1.64651e+01
1.14505e+02	3.07337e+01	1.63096e+01
1.19793e+02	3.03511e+01	1.61394e+01
1.25325e+02	2.99459e+01	1.59556e+01
1.31113e+02	2.95199e+01	1.57592e+01
1.37169e+02	2.90750e+01	1.55511e+01
1.43504e+02	2.86131e+01	1.53323e+01
1.50131e+02	2.81359e+01	1.51037e+01
1.57065e+02	2.76453e+01	1.48663e+01
1.64318e+02	2.71428e+01	1.46210e+01
1.71907e+02	2.66301e+01	1.43687e+01
1.79846e+02	2.61088e+01	1.41102e+01
1.88152e+02	2.55802e+01	1.38463e+01
1.96842e+02	2.50459e+01	1.35792e+01
2.05933e+02	2.45071e+01	1.33084e+01
2.15444e+02	2.39651e+01	1.30346e+01
2.25393e+02	2.34211e+01	1.27585e+01
2.35803e+02	2.28763e+01	1.24806e+01
2.46693e+02	2.23316e+01	1.22016e+01
2.58086e+02	2.17882e+01	1.19221e+01
2.70005e+02	2.12469e+01	1.16426e+01
2.82475e+02	2.07086e+01	1.13642e+01
2.95521e+02	2.01740e+01	1.10868e+01
3.09169e+02	1.96443e+01	1.08108e+01
3.23448e+02	1.91209e+01	1.05366e+01
3.38385e+02	1.86033e+01	1.02646e+01
3.54013e+02	1.80922e+01	9.99512e+00
3.70363e+02	1.75880e+01	9.72845e+00
3.87467e+02	1.70912e+01	9.46487e+00
4.05362e+02	1.66021e+01	9.20466e+00
4.24083e+02	1.61211e+01	8.94805e+00
4.43669e+02	1.56485e+01	8.69524e+00
4.64159e+02	1.51845e+01	8.44643e+00
4.85595e+02	1.47295e+01	8.20177e+00
5.08022e+02	1.42834e+01	7.96143e+00
5.31484e+02	1.38466e+01	7.72551e+00
5.56030e+02	1.34191e+01	7.49412e+00
5.81709e+02	1.30011e+01	7.26737e+00
6.08574e+02	1.25925e+01	7.04531e+00
6.36681e+02	1.21935e+01	6.82801e+00
6.66085e+02	1.18041e+01	6.61551e+00
6.96847e+02	1.14241e+01	6.40784e+00
7.29029e+02	1.10538e+01	6.20502e+00
7.62699e+02	1.06928e+01	6.00706e+00
7.97923e+02	1.03414e+01	5.81394e+00
8.34773e+02	9.99921e+00	5.62566e+00
8.73326e+02	9.66631e+00	5.44219e+00
9.13659e+02	9.34257e+00	5.26349e+00
9.55855e+02	9.02786e+00	5.08954e+00
1.00000e+03	8.72206e+00	4.92028e+00
1.04618e+03	8.42505e+00	4.75567e+00
1.09450e+03	8.13667e+00	4.59564e+00
1.14505e+03	7.85679e+00	4.44013e+00
1.19793e+03	7.58524e+00	4.28907e+00
1.25325e+03	7.32188e+00	4.14239e+00
1.31113e+03	7.06654e+00	4.00003e+00
1.37169e+03	6.81905e+00	3.86190e+00
1.43504e+03	6.57925e+00	3.72792e+00
1.50131e+03	6.34696e+00	3.59801e+00
1.57065e+03	6.12201e+00	3.47209e+00
1.64318e+03	5.90424e+00	3.35007e+00
1.71907e+03	5.69346e+00	3.23186e+00
1.79846e+03	5.48950e+00	3.11739e+00
1.88152e+03	5.29220e+00	3.00656e+00
1.96842e+03	5.10138e+00	2.89928e+00
2.05933e+03	4.91686e+00	2.79547e+00
2.15443e+03	4.73848e+00	2.69504e+00
2.25393e+03	4.56607e+00	2.59790e+00
2.35803e+03	4.39947e+00	2.50397e+00
2.46693e+03	4.23851e+00	2.41316e+00
2.58086e+03	4.08302e+00	2.32539e+00
2.70005e+03	3.93286e+00	2.24057e+00
2.82475e+03	3.78786e+00	2.15862e+00
2.95521e+03	3.64787e+00	2.07945e+00
3.09169e+03	3.51274e+00	2.00299e+00
3.23448e+03	3.38232e+00	1.92916e+00
3.38386e+03	3.25646e+00	1.85788e+00
3.54013e+03	3.13503e+00	1.78907e+00
3.70363e+03	3.01789e+00	1.72266e+00
3.87468e+03	2.90490e+00	1.65858e+00
4.05362e+03	2.79593e+00	1.59674e+00
4.24083e+03	2.69084e+00	1.53709e+00
4.43669e+03	2.58952e+00	1.47955e+00
4.64159e+03	2.49185e+00	1.42406e+00
4.85595e+03	2.39769e+00	1.37054e+00
5.08022e+03	2.30693e+00	1.31895e+00
5.31484e+03	2.21947e+00	1.26920e+00
5.56030e+03	2.13519e+00	1.22125e+00
5.81709e+03	2.05398e+00	1.17504e+00
6.08574e+03	1.97575e+00	1.13050e+00
6.36681e+03	1.90038e+00	1.08757e+00
6.66085e+03	1.82778e+00	1.04622e+00
6.96847e+03	1.75786e+00	1.00638e+00
7.29030e+03	1.69052e+00	9.67995e-01
7.62699e+03	1.62567e+00	9.31024e-01
7.97923e+03	1.56324e+00	8.95416e-01
8.34773e+03	1.50312e+00	8.61122e-01
8.73326e+03	1.44524e+00	8.28099e-01
9.13659e+03	1.38953e+00	7.96301e-01
9.55855e+03	1.33590e+00	7.65685e-01
1.00000e+04	1.28428e+00	7.36210e-01
1.04618e+04	1.23460e+00	7.07836e-01
1.09450e+04	1.18678e+00	6.80524e-01
1.14505e+04	1.14078e+00	6.54235e-01
1.19793e+04	1.09650e+00	6.28934e-01
1.25325e+04	1.05391e+00	6.04585e-01
1.31113e+04	1.01292e+00	5.81154e-01
1.37169e+04	9.73495e-01	5.58607e-01
1.43504e+04	9.35565e-01	5.36913e-01
1.50131e+04	8.99079e-01	5.16041e-01
1.57065e+04	8.63984e-01	4.95960e-01
1.64318e+04	8.30228e-01	4.76643e-01
1.71907e+04	7.97762e-01	4.58060e-01
1.79847e+04	7.66539e-01	4.40186e-01
1.88152e+04	7.36512e-01	4.22994e-01
1.96842e+04	7.07638e-01	4.06459e-01
2.05933e+04	6.79873e-01	3.90557e-01
2.15443e+04	6.53177e-01	3.75264e-01
2.25393e+04	6.27508e-01	3.60557e-01
2.35803e+04	6.02829e-01	3.46416e-01
2.46693e+04	5.79103e-01	3.32818e-01
2.58086e+04	5.56294e-01	3.19744e-01
2.70005e+04	5.34368e-01	3.07174e-01
2.82475e+04	5.13290e-01	2.95089e-01
2.95521e+04	4.93030e-01	2.83471e-01
3.09169e+04	4.73556e-01	2.72303e-01
3.23448e+04	4.54838e-01	2.61566e-01
3.38386e+04	4.36849e-01	2.51246e-01
3.54013e+04	4.19559e-01	2.41326e-01
3.70363e+04	4.02944e-01	2.31792e-01
3.87468e+04	3.86976e-01	2.22628e-01
4.05362e+04	3.71631e-01	2.13820e-01
4.24083e+04	3.56886e-01	2.05356e-01
4.43669e+04	3.42717e-01	1.97222e-01
4.64159e+04	3.29103e-01	1.89404e-01
4.85595e+04	3.16021e-01	1.81893e-01
5.08022e+04	3.03453e-01	1.74674e-01
5.31484e+04	2.91377e-01	1.67738e-01
5.56030e+04	2.79776e-01	1.61074e-01
5.81709e+04	2.68630e-01	1.54670e-01
6.08574e+04	2.57922e-01	1.48518e-01
6.36681e+04	2.47636e-01	1.42607e-01
6.66085e+04	2.37755e-01	1.36929e-01
6.96847e+04	2.28263e-01	1.31473e-01
7.29029e+04	2.19145e-01	1.26232e-01
7.62699e+04	2.10388e-01	1.21197e-01
7.97923e+04	2.01975e-01	1.16361e-01
8.34773e+04	1.93896e-01	1.11715e-01
8.73326e+04	1.86135e-01	1.07252e-01
9.13659e+04	1.78682e-01	1.02966e-01
9.55855e+04	1.71524e-01	9.88483e-02
1.00000e+05	1.64649e-01	9.48937e-02
1.04618e+05	1.58047e-01	9.10956e-02
1.09450e+05	1.51706e-01	8.74477e-02
1.14505e+05	1.45617e-01	8.39442e-02
1.19793e+05	1.39770e-01	8.05795e-02
1.25325e+05	1.34155e-01	7.73482e-02
1.31113e+05	1.28764e-01	7.42451e-02
1.37169e+05	1.23587e-01	7.12651e-02
1.43504e+05	1.18615e-01	6.84034e-02
1.50131e+05	1.13842e-01	6.56555e-02
1.57065e+05	1.09259e-01	6.30168e-02
1.64318e+05	1.04859e-01	6.04831e-02
1.71907e+05	1.00634e-01	5.80502e-02
1.79846e+05	9.65778e-02	5.57141e-02
1.88152e+05	9.26835e-02	5.34712e-02
1.96842e+05	8.89447e-02	5.13177e-02
2.05933e+05	8.53553e-02	4.92500e-02
2.15444e+05	8.19095e-02	4.72649e-02
2.25393e+05	7.86015e-02	4.53590e-02
2.35803e+05	7.54258e-02	4.35293e-02
2.46693e+05	7.23773e-02	4.17727e-02
2.58086e+05	6.94510e-02	4.00863e-02
2.70006e+05	6.66419e-02	3.84674e-02
2.82475e+05	6.39455e-02	3.69132e-02
2.95521e+05	6.13572e-02	3.54213e-02
3.09169e+05	5.88728e-02	3.39892e-02
3.23448e+05	5.64881e-02	3.26145e-02
3.38386e+05	5.41992e-02	3.12948e-02
3.54013e+05	5.20023e-02	3.00282e-02
3.70363e+05	4.98938e-02	2.88123e-02
3.87468e+05	4.78700e-02	2.76453e-02
4.05362e+05	4.59276e-02	2.65252e-02
4.24083e+05	4.40635e-02	2.54500e-02
4.43669e+05	4.22744e-02	2.44181e-02
4.64159e+05	4.05574e-02	2.34277e-02
4.85595e+05	3.89096e-02	2.24771e-02
5.08022e+05	3.73282e-02	2.15648e-02
5.31484e+05	3.58106e-02	2.06893e-02
5.56030e+05	3.43542e-02	1.98490e-02
5.81709e+05	3.29566e-02	1.90425e-02
6.08574e+05	3.16155e-02	1.82686e-02
6.36680e+05	3.03285e-02	1.75259e-02
6.66085e+05	2.90936e-02	1.68132e-02
6.96847e+05	2.79085e-02	1.61292e-02
7.29030e+05	2.67714e-02	1.54729e-02
7.62699e+05	2.56803e-02	1.48431e-02
7.97923e+05	2.46334e-02	1.42387e-02
8.34773e+05	2.36288e-02	1.36587e-02
8.73326e+05	2.26649e-02	1.31022e-02
9.13659e+05	2.17401e-02	1.25683e-02
9.55855e+05	2.08527e-02	1.20559e-02
1.00000e+06	2.00014e-02	1.15643e-02
