# C5H6 cross section
256
1.00000e+01	4.70912e-01
1.02746e+01	6.40595e-01
1.05567e+01	8.27819e-01
1.08466e+01	1.13007e+00
1.11445e+01	1.44344e+00
1.14505e+01	1.76625e+00
1.17649e+01	2.09695e+00
1.20880e+01	2.48406e+00
1.24199e+01	2.93672e+00
1.27609e+01	3.39909e+00
1.31113e+01	3.90141e+00
1.34714e+01	4.46653e+00
1.38413e+01	5.06241e+00
1.42214e+01	5.72131e+00
1.46119e+01	6.38943e+00
1.50131e+01	7.11331e+00
1.54254e+01	7.91599e+00
1.58489e+01	8.75616e+00
1.62841e+01	9.60393e+00
1.67313e+01	1.04831e+01
1.71907e+01	1.13981e+01
1.76628e+01	1.23160e+01
1.81478e+01	1.32836e+01
1.86461e+01	1.42568e+01
1.91581e+01	1.52281e+01
1.96842e+01	1.61951e+01
2.02247e+01	1.71554e+01
2.07801e+01	1.81071e+01
2.13507e+01	1.90481e+01
2.19370e+01	1.99823e+01
2.25393e+01	2.09337e+01
2.31583e+01	2.18717e+01
2.37942e+01	2.27947e+01
2.44475e+01	2.37012e+01
2.51189e+01	2.45898e+01
2.58086e+01	2.54596e+01
2.65173e+01	2.63360e+01
2.72455e+01	2.71929e+01
2.79936e+01	2.80323e+01
2.87623e+01	2.88702e+01
2.95521e+01	2.96868e+01
3.03636e+01	3.04883e+01
3.11974e+01	3.12813e+01
3.20540e+01	3.20514e+01
3.29342e+01	3.27979e+01
3.38385e+01	3.35199e+01
3.47677e+01	3.42169e+01
3.57225e+01	3.48883e+01
3.67034e+01	3.55336e+01
3.77112e+01	3.61524e+01
3.87467e+01	3.67443e+01
3.98107e+01	3.73093e+01
4.09039e+01	3.78469e+01
4.20271e+01	3.83572e+01
4.31811e+01	3.88400e+01
4.43669e+01	3.92952e+01
4.55852e+01	3.97230e+01
4.68369e+01	4.01234e+01
4.81230e+01	4.04966e+01
4.94445e+01	4.08426e+01
5.08022e+01	4.11616e+01
5.21972e+01	4.14540e+01
5.36305e+01	4.17199e+01
5.51032e+01	4.19597e+01
5.66163e+01	4.21736e+01
5.81709e+01	4.23621e+01
5.97683e+01	4.25255e+01
6.14095e+01	4.26643e+01
6.30957e+01	4.27787e+01
6.48283e+01	4.28694e+01
6.66085e+01	4.29367e+01
6.84375e+01	4.29812e+01
7.03168e+01	4.30033e+01
7.22476e+01	4.30035e+01
7.42315e+01	4.29824e+01
7.62699e+01	4.29405e+01
7.83642e+01	4.28783e+01
8.05160e+01	4.27965e+01
8.27270e+01	4.26955e+01
8.49986e+01	4.25759e+01
8.73326e+01	4.24383e+01
8.97307e+01	4.22834e+01
9.21947e+01	4.21116e+01
9.47263e+01	4.19235e+01
9.73274e+01	4.17197e+01
1.00000e+02	4.15009e+01
1.02746e+02	4.12676e+01
1.05567e+02	4.10204e+01
1.08466e+02	4.07598e+01
1.11445e+02	4.04864e+01
1.14505e+02	4.02009e+01
1.17649e+02	3.99037e+01
1.20880e+02	3.95955e+01
1.24199e+02	3.92767e+01
1.27609e+02	3.89481e+01
1.31113e+02	3.86099e+01
1.34714e+02	3.82629e+01
1.38413e+02	3.79076e+01
1.42214e+02	3.75444e+01
1.46119e+02	3.71738e+01
1.50131e+02	3.67965e+01
1.54254e+02	3.64128e+01
1.58489e+02	3.60232e+01
1.62841e+02	3.56282e+01
1.67313e+02	3.52282e+01
1.71907e+02	3.48238e+01
1.76628e+02	3.44152e+01
1.81478e+02	3.40031e+01
1.86461e+02	3.35877e+01
1.91581e+02	3.31694e+01
1.96842e+02	3.27487e+01
2.02247e+02	3.23259e+01
2.07801e+02	3.19014e+01
2.13507e+02	3.14756e+01
2.19370e+02	3.10487e+01
2.25393e+02	3.06211e+01
2.31583e+02	3.01931e+01
2.37942e+02	2.97651e+01
2.44476e+02	2.93372e+01
2.51189e+02	2.89099e+01
2.58086e+02	2.84833e+01
2.65173e+02	2.80577e+01
2.72455e+02	2.76334e+01
2.79936e+02	2.72107e+01
2.87623e+02	2.67896e+01
2.95521e+02	2.63705e+01
3.03636e+02	2.59535e+01
3.11974e+02	2.55396e+01
3.20540e+02	2.51285e+01
3.29342e+02	2.47202e+01
3.38385e+02	2.43148e+01
3.47677e+02	2.39124e+01
3.57224e+02	2.35133e+01
3.67034e+02	2.31174e+01
3.77112e+02	2.27250e+01
3.87467e+02	2.23361e+01
3.98107e+02	2.19509e+01
4.09039e+02	2.15694e+01
4.20271e+02	2.11919e+01
4.31811e+02	2.08182e+01
4.43669e+02	2.04486e+01
4.55852e+02	2.00830e+01
4.68369e+02	1.97216e+01
4.81230e+02	1.93644e+01
4.94445e+02	1.90115e+01
5.08022e+02	1.86629e+01
5.21972e+02	1.83186e+01
5.36305e+02	1.79787e+01
5.51032e+02	1.76433e+01
5.66163e+02	1.73123e+01
5.81709e+02	1.69857e+01
5.97683e+02	1.66637e+01
6.14095e+02	1.63461e+01
6.30957e+02	1.60330e+01
6.48283e+02	1.57244e+01
6.66085e+02	1.54204e+01
6.84375e+02	1.51209e+01
7.03168e+02	1.48258e+01
7.22476e+02	1.45352e+01
7.42315e+02	1.42492e+01
7.62699e+02	1.39675e+01
7.83642e+02	1.36903e+01
8.05160e+02	1.34176e+01
8.27270e+02	1.31492e+01
8.49986e+02	1.28852e+01
8.73326e+02	1.26256e+01
8.97307e+02	1.23702e+01
9.21947e+02	1.21192e+01
9.47263e+02	1.18724e+01
9.73274e+02	1.16298e+01
1.00000e+03	1.13913e+01
1.02746e+03	1.11571e+01
1.05567e+03	1.09269e+01
1.08466e+03	1.07007e+01
1.11444e+03	1.04786e+01
1.14505e+03	1.02605e+01
1.17649e+03	1.00463e+01
1.20880e+03	9.83596e+00
1.24199e+03	9.62947e+00
1.27609e+03	9.42678e+00
1.31113e+03	9.22783e+00
1.34714e+03	9.03258e+00
1.38413e+03	8.84099e+00
1.42214e+03	8.65299e+00
1.46119e+03	8.46855e+00
1.50131e+03	8.28762e+00
1.54254e+03	8.11015e+00
1.58489e+03	7.93608e+00
1.62841e+03	7.76538e+00
1.67313e+03	7.59798e+00
1.71907e+03	7.43385e+00
1.76628e+03	7.27293e+00
1.81478e+03	7.11517e+00
1.86461e+03	6.96053e+00
1.91581e+03	6.80895e+00
1.96842e+03	6.66039e+00
2.02247e+03	6.51480e+00
2.07801e+03	6.37214e+00
2.13507e+03	6.23234e+00
2.19370e+03	6.09537e+00
2.25393e+03	5.96118e+00
2.31583e+03	5.82972e+00
2.37942e+03	5.70094e+00
2.44476e+03	5.57481e+00
2.51189e+03	5.45127e+00
2.58086e+03	5.33027e+00
2.65173e+03	5.21178e+00
2.72455e+03	5.09575e+00
2.79936e+03	4.98213e+00
2.87623e+03	4.87088e+00
2.95521e+03	4.76197e+00
3.03636e+03	4.65534e+00
3.11974e+03	4.55095e+00
3.20540e+03	4.44876e+00
3.29342e+03	4.34874e+00
3.38386e+03	4.25084e+00
3.47677e+03	4.15502e+00
3.57224e+03	4.06124e+00
3.67034e+03	3.96947e+00
3.77112e+03	3.87966e+00
3.87468e+03	3.79177e+00
3.98107e+03	3.70578e+00
4.09039e+03	3.62164e+00
4.20271e+03	3.53932e+00
4.31811e+03	3.45878e+00
4.43669e+03	3.37999e+00
4.55852e+03	3.30290e+00
4.68369e+03	3.22750e+00
4.81230e+03	3.15374e+00
4.94445e+03	3.08160e+00
5.08022e+03	3.01103e+00
5.21972e+03	2.94201e+00
5.36305e+03	2.87451e+00
5.51032e+03	2.80849e+00
5.66163e+03	2.74393e+00
5.81709e+03	2.68079e+00
5.97683e+03	2.61905e+00
6.14095e+03	2.55868e+00
6.30957e+03	2.49965e+00
6.48283e+03	2.44193e+00
6.66085e+03	2.38549e+00
6.84375e+03	2.33031e+00
7.03168e+03	2.27637e+00
7.22476e+03	2.22362e+00
7.42315e+03	2.17206e+00
7.62699e+03	2.12166e+00
7.83642e+03	2.07238e+00
8.05160e+03	2.02422e+00
8.27270e+03	1.97714e+00
8.49986e+03	1.93111e+00
8.73326e+03	1.88613e+00
8.97307e+03	1.84216e+00
9.21947e+03	1.79919e+00
9.47263e+03	1.75719e+00
9.73274e+03	1.71614e+00
1.00000e+04	1.67602e+00
