# C6H13 cross section
256
1.00000e+01	8.25488e-01
1.02746e+01	9.35773e-01
1.05567e+01	1.04724e+00
1.08466e+01	1.22072e+00
1.11445e+01	1.44023e+00
1.14505e+01	1.83321e+00
1.17649e+01	2.32073e+00
1.20880e+01	2.93428e+00
1.24199e+01	3.63978e+00
1.27609e+01	4.36959e+00
1.31113e+01	5.19806e+00
1.34714e+01	6.13622e+00
1.38413e+01	7.18686e+00
1.42214e+01	8.26945e+00
1.46119e+01	9.44697e+00
1.50131e+01	1.07161e+01
1.54254e+01	1.20607e+01
1.58489e+01	1.34449e+01
1.62841e+01	1.48817e+01
1.67313e+01	1.63633e+01
1.71907e+01	1.78523e+01
1.76628e+01	1.93443e+01
1.81478e+01	2.08350e+01
1.86461e+01	2.23206e+01
1.91581e+01	2.38047e+01
1.96842e+01	2.52945e+01
2.02247e+01	2.67708e+01
2.07801e+01	2.82306e+01
2.13507e+01	2.96713e+01
2.19370e+01	3.11266e+01
2.25393e+01	3.25837e+01
2.31583e+01	3.40205e+01
2.37942e+01	3.54470e+01
2.44475e+01	3.68634e+01
2.51189e+01	3.82523e+01
2.58086e+01	3.96137e+01
2.65173e+01	4.09604e+01
2.72455e+01	4.22855e+01
2.79936e+01	4.35777e+01
2.87623e+01	4.48529e+01
2.95521e+01	4.61012e+01
3.03636e+01	4.73344e+01
3.11974e+01	4.85348e+01
3.20540e+01	4.96983e+01
3.29342e+01	5.08239e+01
3.38385e+01	5.19104e+01
3.47677e+01	5.29572e+01
3.57225e+01	5.39635e+01
3.67034e+01	5.49285e+01
3.77112e+01	5.58520e+01
3.87467e+01	5.67334e+01
3.98107e+01	5.75725e+01
4.09039e+01	5.83691e+01
4.20271e+01	5.91230e+01
4.31811e+01	5.98343e+01
4.43669e+01	6.05029e+01
4.55852e+01	6.11291e+01
4.68369e+01	6.17129e+01
4.81230e+01	6.22547e+01
4.94445e+01	6.27547e+01
5.08022e+01	6.32133e+01
5.21972e+01	6.36309e+01
5.36305e+01	6.40080e+01
5.51032e+01	6.43451e+01
5.66163e+01	6.46426e+01
5.81709e+01	6.49013e+01
5.97683e+01	6.51218e+01
6.14095e+01	6.53047e+01
6.30957e+01	6.54507e+01
6.48283e+01	6.55605e+01
6.66085e+01	6.56348e+01
6.84375e+01	6.56746e+01
7.03168e+01	6.56804e+01
7.22476e+01	6.56533e+01
7.42315e+01	6.55939e+01
7.62699e+01	6.55031e+01
7.83642e+01	6.53819e+01
8.05160e+01	6.52310e+01
8.27270e+01	6.50514e+01
8.49986e+01	6.48439e+01
8.73326e+01	6.46094e+01
8.97307e+01	6.43490e+01
9.21947e+01	6.40633e+01
9.47263e+01	6.37535e+01
9.73274e+01	6.34203e+01
1.00000e+02	6.30647e+01
1.02746e+02	6.26875e+01
1.05567e+02	6.22898e+01
1.08466e+02	6.18723e+01
1.11445e+02	6.14360e+01
1.14505e+02	6.09817e+01
1.17649e+02	6.05104e+01
1.20880e+02	6.00228e+01
1.24199e+02	5.95199e+01
1.27609e+02	5.90024e+01
1.31113e+02	5.84712e+01
1.34714e+02	5.79272e+01
1.38413e+02	5.73710e+01
1.42214e+02	5.68036e+01
1.46119e+02	5.62256e+01
1.50131e+02	5.56379e+01
1.54254e+02	5.50411e+01
1.58489e+02	5.44360e+01
1.62841e+02	5.38233e+01
1.67313e+02	5.32037e+01
1.71907e+02	5.25778e+01
1.76628e+02	5.19464e+01
1.81478e+02	5.13100e+01
1.86461e+02	5.06692e+01
1.91581e+02	5.00247e+01
1.96842e+02	4.93770e+01
2.02247e+02	4.87267e+01
2.07801e+02	4.80743e+01
2.13507e+02	4.74204e+01
2.19370e+02	4.67655e+01
2.25393e+02	4.61099e+01
2.31583e+02	4.54543e+01
2.37942e+02	4.47991e+01
2.44476e+02	4.41447e+01
2.51189e+02	4.34915e+01
2.58086e+02	4.28398e+01
2.65173e+02	4.21902e+01
2.72455e+02	4.15429e+01
2.79936e+02	4.08982e+01
2.87623e+02	4.02567e+01
2.95521e+02	3.96184e+01
3.03636e+02	3.89837e+01
3.11974e+02	3.83539e+01
3.20540e+02	3.77286e+01
3.29342e+02	3.71078e+01
3.38385e+02	3.64917e+01
3.47677e+02	3.58805e+01
3.57224e+02	3.52745e+01
3.67034e+02	3.46737e+01
3.77112e+02	3.40785e+01
3.87467e+02	3.34889e+01
3.98107e+02	3.29051e+01
4.09039e+02	3.23272e+01
4.20271e+02	3.17554e+01
4.31811e+02	3.11898e+01
4.43669e+02	3.06305e+01
4.55852e+02	3.00776e+01
4.68369e+02	2.95312e+01
4.81230e+02	2.89913e+01
4.94445e+02	2.84581e+01
5.08022e+02	2.79316e+01
5.21972e+02	2.74118e+01
5.36305e+02	2.68988e+01
5.51032e+02	2.63927e+01
5.66163e+02	2.58935e+01
5.81709e+02	2.54011e+01
5.97683e+02	2.49157e+01
6.14095e+02	2.44372e+01
6.30957e+02	2.39656e+01
6.48283e+02	2.35009e+01
6.66085e+02	2.30432e+01
6.84375e+02	2.25923e+01
7.03168e+02	2.21484e+01
7.22476e+02	2.17113e+01
7.42315e+02	2.12811e+01
7.62699e+02	2.08577e+01
7.83642e+02	2.04411e+01
8.05160e+02	2.00313e+01
8.27270e+02	1.96281e+01
8.49986e+02	1.92316e+01
8.73326e+02	1.88418e+01
8.97307e+02	1.84584e+01
9.21947e+02	1.80817e+01
9.47263e+02	1.77113e+01
9.73274e+02	1.73474e+01
1.00000e+03	1.69898e+01
1.02746e+03	1.66385e+01
1.05567e+03	1.62934e+01
1.08466e+03	1.59545e+01
1.11444e+03	1.56217e+01
1.14505e+03	1.52949e+01
1.17649e+03	1.49740e+01
1.20880e+03	1.46590e+01
1.24199e+03	1.43498e+01
1.27609e+03	1.40464e+01
1.31113e+03	1.37486e+01
1.34714e+03	1.34564e+01
1.38413e+03	1.31697e+01
1.42214e+03	1.28884e+01
1.46119e+03	1.26126e+01
1.50131e+03	1.23420e+01
1.54254e+03	1.20766e+01
1.58489e+03	1.18164e+01
1.62841e+03	1.15612e+01
1.67313e+03	1.13110e+01
1.71907e+03	1.10657e+01
1.76628e+03	1.08253e+01
1.81478e+03	1.05896e+01
1.86461e+03	1.03587e+01
1.91581e+03	1.01323e+01
1.96842e+03	9.91045e+00
2.02247e+03	9.69308e+00
2.07801e+03	9.48009e+00
2.13507e+03	9.27143e+00
2.19370e+03	9.06701e+00
2.25393e+03	8.86676e+00
2.31583e+03	8.67061e+00
2.37942e+03	8.47850e+00
2.44476e+03	8.29034e+00
2.51189e+03	8.10608e+00
2.58086e+03	7.92563e+00
2.65173e+03	7.74894e+00
2.72455e+03	7.57594e+00
2.79936e+03	7.40656e+00
2.87623e+03	7.24073e+00
2.95521e+03	7.07838e+00
3.03636e+03	6.91947e+00
3.11974e+03	6.76391e+00
3.20540e+03	6.61165e+00
3.29342e+03	6.46263e+00
3.38386e+03	6.31678e+00
3.47677e+03	6.17405e+00
3.57224e+03	6.03437e+00
3.67034e+03	5.89769e+00
3.77112e+03	5.76395e+00
3.87468e+03	5.63309e+00
3.98107e+03	5.50506e+00
4.09039e+03	5.37980e+00
4.20271e+03	5.25725e+00
4.31811e+03	5.13736e+00
4.43669e+03	5.02009e+00
4.55852e+03	4.90537e+00
4.68369e+03	4.79316e+00
4.81230e+03	4.68341e+00
4.94445e+03	4.57606e+00
5.08022e+03	4.47107e+00
5.21972e+03	4.36839e+00
5.36305e+03	4.26798e+00
5.51032e+03	4.16978e+00
5.66163e+03	4.07376e+00
5.81709e+03	3.97986e+00
5.97683e+03	3.88804e+00
6.14095e+03	3.79826e+00
6.30957e+03	3.71049e+00
6.48283e+03	3.62467e+00
6.66085e+03	3.54076e+00
6.84375e+03	3.45873e+00
7.03168e+03	3.37853e+00
7.22476e+03	3.30014e+00
7.42315e+03	3.22350e+00
7.62699e+03	3.14858e+00
7.83642e+03	3.07535e+00
8.05160e+03	3.00377e+00
8.27270e+03	2.93380e+00
8.49986e+03	2.86542e+00
8.73326e+03	2.79858e+00
8.97307e+03	2.73325e+00
9.21947e+03	2.66941e+00
9.47263e+03	2.60701e+00
9.73274e+03	2.54603e+00
1.00000e+04	2.48644e+00
