# C6H4 cross section
256
1.00000e+01	4.64225e-01	1.44016e-01
1.04618e+01	7.46636e-01	3.85686e-01
1.09450e+01	1.12292e+00	6.44989e-01
1.14505e+01	1.83234e+00	9.17881e-01
1.19793e+01	2.75428e+00	1.20081e+00
1.25325e+01	3.73677e+00	1.49068e+00
1.31113e+01	4.81833e+00	1.78476e+00
1.37169e+01	6.02933e+00	2.12002e+00
1.43504e+01	7.26916e+00	2.62764e+00
1.50131e+01	8.64299e+00	3.22095e+00
1.57065e+01	1.00310e+01	3.82946e+00
1.64318e+01	1.14590e+01	4.55985e+00
1.71907e+01	1.29666e+01	5.30743e+00
1.79846e+01	1.45405e+01	6.06109e+00
1.88152e+01	1.61947e+01	6.81456e+00
1.96842e+01	1.78368e+01	7.56241e+00
2.05933e+01	1.94864e+01	8.29992e+00
2.15444e+01	2.11482e+01	9.09774e+00
2.25393e+01	2.27759e+01	9.88820e+00
2.35803e+01	2.43615e+01	1.06624e+01
2.46693e+01	2.59260e+01	1.14164e+01
2.58086e+01	2.74609e+01	1.21468e+01
2.70006e+01	2.89397e+01	1.28506e+01
2.82475e+01	3.03896e+01	1.35655e+01
2.95521e+01	3.18108e+01	1.42585e+01
3.09169e+01	3.31840e+01	1.49216e+01
3.23448e+01	3.45193e+01	1.55527e+01
3.38385e+01	3.57865e+01	1.61500e+01
3.54013e+01	3.69821e+01	1.67120e+01
3.70363e+01	3.81034e+01	1.72377e+01
3.87467e+01	3.91482e+01	1.77438e+01
4.05362e+01	4.01151e+01	1.82215e+01
4.24083e+01	4.10031e+01	1.86629e+01
4.43669e+01	4.18117e+01	1.90765e+01
4.64159e+01	4.25409e+01	1.94655e+01
4.85595e+01	4.31909e+01	1.98186e+01
5.08022e+01	4.37626e+01	2.01354e+01
5.31484e+01	4.42568e+01	2.04263e+01
5.56030e+01	4.46748e+01	2.06874e+01
5.81709e+01	4.50182e+01	2.09136e+01
6.08575e+01	4.52886e+01	2.11051e+01
6.36681e+01	4.54881e+01	2.12623e+01
6.66085e+01	4.56186e+01	2.13857e+01
6.96847e+01	4.56826e+01	2.14762e+01
7.29030e+01	4.56823e+01	2.15344e+01
7.62699e+01	4.56203e+01	2.15648e+01
7.97923e+01	4.54992e+01	2.15697e+01
8.34773e+01	4.53216e+01	2.15461e+01
8.73326e+01	4.50903e+01	2.14948e+01
9.13659e+01	4.48080e+01	2.14171e+01
9.55855e+01	4.44775e+01	2.13140e+01
1.00000e+02	4.41018e+01	2.11868e+01
1.04618e+02	4.36834e+01	2.10368e+01
1.09450e+02	4.32254e+01	2.08651e+01
1.14505e+02	4.27304e+01	2.06730e+01
1.19793e+02	4.22012e+01	2.04620e+01
1.25325e+02	4.16406e+01	2.02332e+01
1.31113e+02	4.10511e+01	1.99880e+01
1.37169e+02	4.04354e+01	1.97276e+01
1.43504e+02	3.97960e+01	1.94552e+01
1.50131e+02	3.91354e+01	1.91709e+01
1.57065e+02	3.84560e+01	1.88751e+01
1.64318e+02	3.77601e+01	1.85692e+01
1.71907e+02	3.70499e+01	1.82541e+01
1.79846e+02	3.63275e+01	1.79309e+01
1.88152e+02	3.55949e+01	1.76008e+01
1.96842e+02	3.48543e+01	1.72646e+01
2.05933e+02	3.41072e+01	1.69232e+01
2.15444e+02	3.33557e+01	1.65778e+01
2.25393e+02	3.26012e+01	1.62290e+01
2.35803e+02	3.18454e+01	1.58788e+01
2.46693e+02	3.10897e+01	1.55269e+01
2.58086e+02	3.03355e+01	1.51741e+01
2.70005e+02	2.95842e+01	1.48211e+01
2.82475e+02	2.88368e+01	1.44688e+01
2.95521e+02	2.80946e+01	1.41179e+01
3.09169e+02	2.73589e+01	1.37687e+01
3.23448e+02	2.66320e+01	1.34216e+01
3.38385e+02	2.59131e+01	1.30770e+01
3.54013e+02	2.52031e+01	1.27355e+01
3.70363e+02	2.45026e+01	1.23975e+01
3.87467e+02	2.38123e+01	1.20635e+01
4.05362e+02	2.31325e+01	1.17338e+01
4.24083e+02	2.24640e+01	1.14086e+01
4.43669e+02	2.18070e+01	1.10881e+01
4.64159e+02	2.11619e+01	1.07726e+01
4.85595e+02	2.05291e+01	1.04622e+01
5.08022e+02	1.99088e+01	1.01573e+01
5.31484e+02	1.93012e+01	9.85784e+00
5.56030e+02	1.87065e+01	9.56410e+00
5.81709e+02	1.81249e+01	9.27615e+00
6.08574e+02	1.75564e+01	8.99409e+00
6.36681e+02	1.70012e+01	8.71800e+00
6.66085e+02	1.64591e+01	8.44794e+00
6.96847e+02	1.59303e+01	8.18395e+00
7.29029e+02	1.54147e+01	7.92606e+00
7.62699e+02	1.49122e+01	7.67427e+00
7.97923e+02	1.44228e+01	7.42859e+00
8.34773e+02	1.39464e+01	7.18900e+00
8.73326e+02	1.34828e+01	6.95548e+00
9.13659e+02	1.30318e+01	6.72798e+00
9.55855e+02	1.25935e+01	6.50647e+00
1.00000e+03	1.21675e+01	6.29089e+00
1.04618e+03	1.17537e+01	6.08118e+00
1.09450e+03	1.13519e+01	5.87726e+00
1.14505e+03	1.09619e+01	5.67906e+00
1.19793e+03	1.05835e+01	5.48649e+00
1.25325e+03	1.02164e+01	5.29948e+00
1.31113e+03	9.86055e+00	5.11792e+00
1.37169e+03	9.51559e+00	4.94173e+00
1.43504e+03	9.18131e+00	4.77080e+00
1.50131e+03	8.85748e+00	4.60503e+00
1.57065e+03	8.54387e+00	4.44433e+00
1.64318e+03	8.24023e+00	4.28857e+00
1.71907e+03	7.94633e+00	4.13766e+00
1.79846e+03	7.66193e+00	3.99148e+00
1.88152e+03	7.38678e+00	3.84994e+00
1.96842e+03	7.12065e+00	3.71291e+00
2.05933e+03	6.86331e+00	3.58029e+00
2.15443e+03	6.61451e+00	3.45196e+00
2.25393e+03	6.37402e+00	3.32783e+00
2.35803e+03	6.14162e+00	3.20778e+00
2.46693e+03	5.91708e+00	3.09170e+00
2.58086e+03	5.70017e+00	2.97948e+00
2.70005e+03	5.49067e+00	2.87102e+00
2.82475e+03	5.28836e+00	2.76622e+00
2.95521e+03	5.09304e+00	2.66497e+00
3.09169e+03	4.90448e+00	2.56717e+00
3.23448e+03	4.72250e+00	2.47272e+00
3.38386e+03	4.54687e+00	2.38152e+00
3.54013e+03	4.37742e+00	2.29347e+00
3.70363e+03	4.21394e+00	2.20848e+00
3.87468e+03	4.05625e+00	2.12646e+00
4.05362e+03	3.90416e+00	2.04731e+00
4.24083e+03	3.75749e+00	1.97094e+00
4.43669e+03	3.61607e+00	1.89727e+00
4.64159e+03	3.47973e+00	1.82622e+00
4.85595e+03	3.34829e+00	1.75769e+00
5.08022e+03	3.22161e+00	1.69161e+00
5.31484e+03	3.09952e+00	1.62790e+00
5.56030e+03	2.98186e+00	1.56648e+00
5.81709e+03	2.86849e+00	1.50727e+00
6.08574e+03	2.75927e+00	1.45021e+00
6.36681e+03	2.65405e+00	1.39522e+00
6.66085e+03	2.55269e+00	1.34223e+00
6.96847e+03	2.45507e+00	1.29117e+00
7.29030e+03	2.36105e+00	1.24199e+00
7.62699e+03	2.27051e+00	1.19460e+00
7.97923e+03	2.18333e+00	1.14896e+00
8.34773e+03	2.09939e+00	1.10500e+00
8.73326e+03	2.01857e+00	1.06267e+00
9.13659e+03	1.94078e+00	1.02191e+00
9.55855e+03	1.86589e+00	9.82654e-01
1.00000e+04	1.79381e+00	9.44863e-01
1.04618e+04	1.72443e+00	9.08481e-01
1.09450e+04	1.65766e+00	8.73458e-01
1.14505e+04	1.59341e+00	8.39746e-01
1.19793e+04	1.53159e+00	8.07298e-01
1.25325e+04	1.47210e+00	7.76069e-01
1.31113e+04	1.41486e+00	7.46016e-01
1.37169e+04	1.35980e+00	7.17096e-01
1.43504e+04	1.30683e+00	6.89268e-01
1.50131e+04	1.25587e+00	6.62494e-01
1.57065e+04	1.20685e+00	6.36733e-01
1.64318e+04	1.15971e+00	6.11951e-01
1.71907e+04	1.11437e+00	5.88110e-01
1.79847e+04	1.07076e+00	5.65177e-01
1.88152e+04	1.02882e+00	5.43118e-01
1.96842e+04	9.88491e-01	5.21901e-01
2.05933e+04	9.49712e-01	5.01495e-01
2.15443e+04	9.12423e-01	4.81870e-01
2.25393e+04	8.76571e-01	4.62998e-01
2.35803e+04	8.42101e-01	4.44849e-01
2.46693e+04	8.08961e-01	4.27398e-01
2.58086e+04	7.77102e-01	4.10618e-01
2.70005e+04	7.46475e-01	3.94485e-01
2.82475e+04	7.17034e-01	3.78974e-01
2.95521e+04	6.88734e-01	3.64061e-01
3.09169e+04	6.61533e-01	3.49724e-01
3.23448e+04	6.35388e-01	3.35943e-01
3.38386e+04	6.10259e-01	3.22695e-01
3.54013e+04	5.86108e-01	3.09960e-01
3.70363e+04	5.62898e-01	2.97720e-01
3.87468e+04	5.40593e-01	2.85955e-01
4.05362e+04	5.19159e-01	2.74648e-01
4.24083e+04	4.98561e-01	2.63780e-01
4.43669e+04	4.78769e-01	2.53337e-01
4.64159e+04	4.59751e-01	2.43300e-01
4.85595e+04	4.41478e-01	2.33654e-01
5.08022e+04	4.23921e-01	2.24386e-01
5.31484e+04	4.07052e-01	2.15480e-01
5.56030e+04	3.90846e-01	2.06922e-01
5.81709e+04	3.75276e-01	1.98699e-01
6.08574e+04	3.60319e-01	1.90799e-01
6.36681e+04	3.45949e-01	1.83208e-01
6.66085e+04	3.32146e-01	1.75916e-01
6.96847e+04	3.18886e-01	1.68909e-01
7.29029e+04	3.06149e-01	1.62178e-01
7.62699e+04	2.93915e-01	1.55712e-01
7.97923e+04	2.82163e-01	1.49501e-01
8.34773e+04	2.70876e-01	1.43534e-01
8.73326e+04	2.60035e-01	1.37802e-01
9.13659e+04	2.49623e-01	1.32296e-01
9.55855e+04	2.39623e-01	1.27008e-01
1.00000e+05	2.30019e-01	1.21929e-01
1.04618e+05	2.20796e-01	1.17050e-01
1.09450e+05	2.11938e-01	1.12364e-01
1.14505e+05	2.03432e-01	1.07864e-01
1.19793e+05	1.95264e-01	1.03542e-01
1.25325e+05	1.87420e-01	9.93910e-02
1.31113e+05	1.79888e-01	9.54048e-02
1.37169e+05	1.72656e-01	9.15767e-02
1.43504e+05	1.65711e-01	8.79005e-02
1.50131e+05	1.59043e-01	8.43704e-02
1.57065e+05	1.52640e-01	8.09805e-02
1.64318e+05	1.46493e-01	7.77255e-02
1.71907e+05	1.40591e-01	7.45999e-02
1.79846e+05	1.34924e-01	7.15987e-02
1.88152e+05	1.29484e-01	6.87171e-02
1.96842e+05	1.24260e-01	6.59503e-02
2.05933e+05	1.19246e-01	6.32938e-02
2.15444e+05	1.14432e-01	6.07433e-02
2.25393e+05	1.09811e-01	5.82946e-02
2.35803e+05	1.05374e-01	5.59437e-02
2.46693e+05	1.01115e-01	5.36866e-02
2.58086e+05	9.70270e-02	5.15198e-02
2.70006e+05	9.31026e-02	4.94397e-02
2.82475e+05	8.93356e-02	4.74428e-02
2.95521e+05	8.57197e-02	4.55258e-02
3.09169e+05	8.22489e-02	4.36855e-02
3.23448e+05	7.89174e-02	4.19190e-02
3.38386e+05	7.57198e-02	4.02234e-02
3.54013e+05	7.26506e-02	3.85957e-02
3.70363e+05	6.97048e-02	3.70333e-02
3.87468e+05	6.68775e-02	3.55336e-02
4.05362e+05	6.41640e-02	3.40942e-02
4.24083e+05	6.15596e-02	3.27126e-02
4.43669e+05	5.90602e-02	3.13865e-02
4.64159e+05	5.66614e-02	3.01137e-02
4.85595e+05	5.43594e-02	2.88921e-02
5.08022e+05	5.21501e-02	2.77197e-02
5.31484e+05	5.00299e-02	2.65945e-02
5.56030e+05	4.79953e-02	2.55146e-02
5.81709e+05	4.60428e-02	2.44782e-02
6.08574e+05	4.41691e-02	2.34836e-02
6.36680e+05	4.23712e-02	2.25291e-02
6.66085e+05	4.06459e-02	2.16131e-02
6.96847e+05	3.89903e-02	2.07341e-02
7.29030e+05	3.74017e-02	1.98905e-02
7.62699e+05	3.58773e-02	1.90810e-02
7.97923e+05	3.44147e-02	1.83042e-02
8.34773e+05	3.30112e-02	1.75588e-02
8.73326e+05	3.16646e-02	1.68436e-02
9.13659e+05	3.03726e-02	1.61572e-02
9.55855e+05	2.91329e-02	1.54987e-02
1.00000e+06	2.79435e-02	1.48668e-02
