# C6H7 cross section
256
1.00000e+01	1.01590e+00	7.11497e-01
1.04618e+01	1.34424e+00	8.86476e-01
1.09450e+01	1.89926e+00	1.06469e+00
1.14505e+01	2.55607e+00	1.24474e+00
1.19793e+01	3.25793e+00	1.42538e+00
1.25325e+01	4.09268e+00	1.60554e+00
1.31113e+01	5.11347e+00	1.78426e+00
1.37169e+01	6.25940e+00	1.96072e+00
1.43504e+01	7.60515e+00	2.15958e+00
1.50131e+01	9.10282e+00	2.39946e+00
1.57065e+01	1.06773e+01	2.64036e+00
1.64318e+01	1.23785e+01	2.93239e+00
1.71907e+01	1.41942e+01	3.28955e+00
1.79846e+01	1.60455e+01	3.69683e+00
1.88152e+01	1.79674e+01	4.10937e+00
1.96842e+01	1.99509e+01	4.52333e+00
2.05933e+01	2.19172e+01	4.93539e+00
2.15444e+01	2.38540e+01	5.34266e+00
2.25393e+01	2.57508e+01	5.75476e+00
2.35803e+01	2.75984e+01	6.18128e+00
2.46693e+01	2.94165e+01	6.60919e+00
2.58086e+01	3.11968e+01	7.04647e+00
2.70006e+01	3.29174e+01	7.49547e+00
2.82475e+01	3.46010e+01	7.96001e+00
2.95521e+01	3.62415e+01	8.41285e+00
3.09169e+01	3.78344e+01	8.85245e+00
3.23448e+01	3.93694e+01	9.30265e+00
3.38385e+01	4.08245e+01	9.74524e+00
3.54013e+01	4.21958e+01	1.01972e+01
3.70363e+01	4.34806e+01	1.06366e+01
3.87467e+01	4.46766e+01	1.10601e+01
4.05362e+01	4.57824e+01	1.14738e+01
4.24083e+01	4.67969e+01	1.18780e+01
4.43669e+01	4.77198e+01	1.22609e+01
4.64159e+01	4.85511e+01	1.26203e+01
4.85595e+01	4.92914e+01	1.29552e+01
5.08022e+01	4.99414e+01	1.32656e+01
5.31484e+01	5.05025e+01	1.35617e+01
5.56030e+01	5.09760e+01	1.38390e+01
5.81709e+01	5.13638e+01	1.41002e+01
6.08575e+01	5.16681e+01	1.43377e+01
6.36681e+01	5.18909e+01	1.45499e+01
6.66085e+01	5.20348e+01	1.47366e+01
6.96847e+01	5.21025e+01	1.48978e+01
7.29030e+01	5.20967e+01	1.50349e+01
7.62699e+01	5.20202e+01	1.51508e+01
7.97923e+01	5.18762e+01	1.52458e+01
8.34773e+01	5.16677e+01	1.53173e+01
8.73326e+01	5.13978e+01	1.53658e+01
9.13659e+01	5.10697e+01	1.53956e+01
9.55855e+01	5.06867e+01	1.54061e+01
1.00000e+02	5.02520e+01	1.53957e+01
1.04618e+02	4.97689e+01	1.53654e+01
1.09450e+02	4.92405e+01	1.53159e+01
1.14505e+02	4.86702e+01	1.52479e+01
1.19793e+02	4.80610e+01	1.51622e+01
1.25325e+02	4.74160e+01	1.50599e+01
1.31113e+02	4.67384e+01	1.49418e+01
1.37169e+02	4.60311e+01	1.48088e+01
1.43504e+02	4.52970e+01	1.46619e+01
1.50131e+02	4.45390e+01	1.45019e+01
1.57065e+02	4.37597e+01	1.43299e+01
1.64318e+02	4.29619e+01	1.41468e+01
1.71907e+02	4.21480e+01	1.39534e+01
1.79846e+02	4.13206e+01	1.37506e+01
1.88152e+02	4.04819e+01	1.35395e+01
1.96842e+02	3.96341e+01	1.33206e+01
2.05933e+02	3.87795e+01	1.30951e+01
2.15444e+02	3.79199e+01	1.28635e+01
2.25393e+02	3.70573e+01	1.26268e+01
2.35803e+02	3.61934e+01	1.23861e+01
2.46693e+02	3.53300e+01	1.21416e+01
2.58086e+02	3.44686e+01	1.18941e+01
2.70005e+02	3.36107e+01	1.16445e+01
2.82475e+02	3.27576e+01	1.13931e+01
2.95521e+02	3.19105e+01	1.11405e+01
3.09169e+02	3.10713e+01	1.08872e+01
3.23448e+02	3.02419e+01	1.06337e+01
3.38385e+02	2.94219e+01	1.03804e+01
3.54013e+02	2.86122e+01	1.01278e+01
3.70363e+02	2.78135e+01	9.87639e+00
3.87467e+02	2.70266e+01	9.62656e+00
4.05362e+02	2.62520e+01	9.37867e+00
4.24083e+02	2.54902e+01	9.13307e+00
4.43669e+02	2.47418e+01	8.89001e+00
4.64159e+02	2.40071e+01	8.64972e+00
4.85595e+02	2.32865e+01	8.41243e+00
5.08022e+02	2.25803e+01	8.17837e+00
5.31484e+02	2.18888e+01	7.94782e+00
5.56030e+02	2.12121e+01	7.72092e+00
5.81709e+02	2.05504e+01	7.49784e+00
6.08574e+02	1.99037e+01	7.27865e+00
6.36681e+02	1.92722e+01	7.06349e+00
6.66085e+02	1.86559e+01	6.85243e+00
6.96847e+02	1.80547e+01	6.64560e+00
7.29029e+02	1.74686e+01	6.44307e+00
7.62699e+02	1.68975e+01	6.24490e+00
7.97923e+02	1.63414e+01	6.05110e+00
8.34773e+02	1.58001e+01	5.86169e+00
8.73326e+02	1.52735e+01	5.67668e+00
9.13659e+02	1.47614e+01	5.49609e+00
9.55855e+02	1.42636e+01	5.31990e+00
1.00000e+03	1.37799e+01	5.14810e+00
1.04618e+03	1.33102e+01	4.98068e+00
1.09450e+03	1.28541e+01	4.81760e+00
1.14505e+03	1.24115e+01	4.65882e+00
1.19793e+03	1.19821e+01	4.50432e+00
1.25325e+03	1.15657e+01	4.35403e+00
1.31113e+03	1.11619e+01	4.20792e+00
1.37169e+03	1.07706e+01	4.06591e+00
1.43504e+03	1.03915e+01	3.92796e+00
1.50131e+03	1.00243e+01	3.79399e+00
1.57065e+03	9.66869e+00	3.66395e+00
1.64318e+03	9.32445e+00	3.53776e+00
1.71907e+03	8.99128e+00	3.41534e+00
1.79846e+03	8.66892e+00	3.29663e+00
1.88152e+03	8.35708e+00	3.18155e+00
1.96842e+03	8.05549e+00	3.07002e+00
2.05933e+03	7.76389e+00	2.96197e+00
2.15443e+03	7.48200e+00	2.85731e+00
2.25393e+03	7.20956e+00	2.75598e+00
2.35803e+03	6.94630e+00	2.65788e+00
2.46693e+03	6.69197e+00	2.56294e+00
2.58086e+03	6.44630e+00	2.47108e+00
2.70005e+03	6.20906e+00	2.38223e+00
2.82475e+03	5.97997e+00	2.29630e+00
2.95521e+03	5.75881e+00	2.21321e+00
3.09169e+03	5.54534e+00	2.13289e+00
3.23448e+03	5.33932e+00	2.05527e+00
3.38386e+03	5.14052e+00	1.98026e+00
3.54013e+03	4.94871e+00	1.90779e+00
3.70363e+03	4.76369e+00	1.83780e+00
3.87468e+03	4.58522e+00	1.77020e+00
4.05362e+03	4.41311e+00	1.70493e+00
4.24083e+03	4.24715e+00	1.64192e+00
4.43669e+03	4.08713e+00	1.58109e+00
4.64159e+03	3.93288e+00	1.52239e+00
4.85595e+03	3.78418e+00	1.46575e+00
5.08022e+03	3.64087e+00	1.41109e+00
5.31484e+03	3.50276e+00	1.35837e+00
5.56030e+03	3.36968e+00	1.30752e+00
5.81709e+03	3.24146e+00	1.25848e+00
6.08574e+03	3.11793e+00	1.21119e+00
6.36681e+03	2.99893e+00	1.16559e+00
6.66085e+03	2.88431e+00	1.12163e+00
6.96847e+03	2.77392e+00	1.07926e+00
7.29030e+03	2.66761e+00	1.03842e+00
7.62699e+03	2.56523e+00	9.99063e-01
7.97923e+03	2.46666e+00	9.61137e-01
8.34773e+03	2.37176e+00	9.24595e-01
8.73326e+03	2.28040e+00	8.89389e-01
9.13659e+03	2.19245e+00	8.55474e-01
9.55855e+03	2.10780e+00	8.22807e-01
1.00000e+04	2.02632e+00	7.91343e-01
1.04618e+04	1.94790e+00	7.61042e-01
1.09450e+04	1.87243e+00	7.31862e-01
1.14505e+04	1.79981e+00	7.03766e-01
1.19793e+04	1.72994e+00	6.76714e-01
1.25325e+04	1.66271e+00	6.50670e-01
1.31113e+04	1.59803e+00	6.25599e-01
1.37169e+04	1.53580e+00	6.01465e-01
1.43504e+04	1.47594e+00	5.78237e-01
1.50131e+04	1.41836e+00	5.55880e-01
1.57065e+04	1.36298e+00	5.34365e-01
1.64318e+04	1.30971e+00	5.13660e-01
1.71907e+04	1.25847e+00	4.93737e-01
1.79847e+04	1.20920e+00	4.74567e-01
1.88152e+04	1.16182e+00	4.56124e-01
1.96842e+04	1.11626e+00	4.38379e-01
2.05933e+04	1.07245e+00	4.21309e-01
2.15443e+04	1.03032e+00	4.04888e-01
2.25393e+04	9.89820e-01	3.89093e-01
2.35803e+04	9.50881e-01	3.73901e-01
2.46693e+04	9.13445e-01	3.59289e-01
2.58086e+04	8.77457e-01	3.45236e-01
2.70005e+04	8.42862e-01	3.31721e-01
2.82475e+04	8.09607e-01	3.18725e-01
2.95521e+04	7.77641e-01	3.06227e-01
3.09169e+04	7.46917e-01	2.94211e-01
3.23448e+04	7.17387e-01	2.82656e-01
3.38386e+04	6.89006e-01	2.71547e-01
3.54013e+04	6.61729e-01	2.60867e-01
3.70363e+04	6.35516e-01	2.50599e-01
3.87468e+04	6.10325e-01	2.40728e-01
4.05362e+04	5.86118e-01	2.31239e-01
4.24083e+04	5.62856e-01	2.22118e-01
4.43669e+04	5.40505e-01	2.13350e-01
4.64159e+04	5.19028e-01	2.04924e-01
4.85595e+04	4.98393e-01	1.96824e-01
5.08022e+04	4.78566e-01	1.89039e-01
5.31484e+04	4.59518e-01	1.81558e-01
5.56030e+04	4.41217e-01	1.74368e-01
5.81709e+04	4.23636e-01	1.67458e-01
6.08574e+04	4.06747e-01	1.60819e-01
6.36681e+04	3.90521e-01	1.54438e-01
6.66085e+04	3.74935e-01	1.48307e-01
6.96847e+04	3.59963e-01	1.42416e-01
7.29029e+04	3.45582e-01	1.36756e-01
7.62699e+04	3.31768e-01	1.31318e-01
7.97923e+04	3.18500e-01	1.26092e-01
8.34773e+04	3.05756e-01	1.21073e-01
8.73326e+04	2.93516e-01	1.16250e-01
9.13659e+04	2.81761e-01	1.11617e-01
9.55855e+04	2.70471e-01	1.07166e-01
1.00000e+05	2.59628e-01	1.02890e-01
1.04618e+05	2.49215e-01	9.87832e-02
1.09450e+05	2.39215e-01	9.48380e-02
1.14505e+05	2.29612e-01	9.10485e-02
1.19793e+05	2.20391e-01	8.74086e-02
1.25325e+05	2.11536e-01	8.39124e-02
1.31113e+05	2.03033e-01	8.05545e-02
1.37169e+05	1.94868e-01	7.73294e-02
1.43504e+05	1.87028e-01	7.42320e-02
1.50131e+05	1.79501e-01	7.12572e-02
1.57065e+05	1.72273e-01	6.84004e-02
1.64318e+05	1.65333e-01	6.56568e-02
1.71907e+05	1.58671e-01	6.30221e-02
1.79846e+05	1.52274e-01	6.04920e-02
1.88152e+05	1.46133e-01	5.80623e-02
1.96842e+05	1.40237e-01	5.57293e-02
2.05933e+05	1.34577e-01	5.34890e-02
2.15444e+05	1.29143e-01	5.13379e-02
2.25393e+05	1.23926e-01	4.92724e-02
2.35803e+05	1.18919e-01	4.72892e-02
2.46693e+05	1.14112e-01	4.53850e-02
2.58086e+05	1.09497e-01	4.35567e-02
2.70006e+05	1.05068e-01	4.18014e-02
2.82475e+05	1.00816e-01	4.01162e-02
2.95521e+05	9.67345e-02	3.84982e-02
3.09169e+05	9.28170e-02	3.69449e-02
3.23448e+05	8.90569e-02	3.54537e-02
3.38386e+05	8.54478e-02	3.40221e-02
3.54013e+05	8.19837e-02	3.26479e-02
3.70363e+05	7.86590e-02	3.13286e-02
3.87468e+05	7.54680e-02	3.00621e-02
4.05362e+05	7.24054e-02	2.88465e-02
4.24083e+05	6.94661e-02	2.76795e-02
4.43669e+05	6.66452e-02	2.65594e-02
4.64159e+05	6.39379e-02	2.54842e-02
4.85595e+05	6.13398e-02	2.44521e-02
5.08022e+05	5.88464e-02	2.34615e-02
5.31484e+05	5.64537e-02	2.25107e-02
5.56030e+05	5.41575e-02	2.15981e-02
5.81709e+05	5.19539e-02	2.07223e-02
6.08574e+05	4.98394e-02	1.98816e-02
6.36680e+05	4.78104e-02	1.90748e-02
6.66085e+05	4.58633e-02	1.83004e-02
6.96847e+05	4.39949e-02	1.75573e-02
7.29030e+05	4.22022e-02	1.68441e-02
7.62699e+05	4.04819e-02	1.61596e-02
7.97923e+05	3.88313e-02	1.55028e-02
8.34773e+05	3.72475e-02	1.48724e-02
8.73326e+05	3.57279e-02	1.42675e-02
9.13659e+05	3.42699e-02	1.36870e-02
9.55855e+05	3.28709e-02	1.31300e-02
1.00000e+06	3.15287e-02	1.25954e-02
