# C8H6 cross section
256
1.00000e+01	9.32645e-01
1.04618e+01	1.48485e+00
1.09450e+01	2.06445e+00
1.14505e+01	2.76999e+00
1.19793e+01	3.77072e+00
1.25325e+01	4.81071e+00
1.31113e+01	6.04875e+00
1.37169e+01	7.60690e+00
1.43504e+01	9.40837e+00
1.50131e+01	1.13411e+01
1.57065e+01	1.33065e+01
1.64318e+01	1.53549e+01
1.71907e+01	1.75635e+01
1.79846e+01	1.98503e+01
1.88152e+01	2.21443e+01
1.96842e+01	2.44168e+01
2.05933e+01	2.66541e+01
2.15444e+01	2.88523e+01
2.25393e+01	3.10446e+01
2.35803e+01	3.31830e+01
2.46693e+01	3.53007e+01
2.58086e+01	3.73925e+01
2.70006e+01	3.94082e+01
2.82475e+01	4.13781e+01
2.95521e+01	4.32954e+01
3.09169e+01	4.51784e+01
3.23448e+01	4.69959e+01
3.38385e+01	4.87205e+01
3.54013e+01	5.03474e+01
3.70363e+01	5.18729e+01
3.87467e+01	5.32941e+01
4.05362e+01	5.46090e+01
4.24083e+01	5.58162e+01
4.43669e+01	5.69152e+01
4.64159e+01	5.79058e+01
4.85595e+01	5.87885e+01
5.08022e+01	5.95643e+01
5.31484e+01	6.02344e+01
5.56030e+01	6.08007e+01
5.81709e+01	6.12652e+01
6.08575e+01	6.16303e+01
6.36681e+01	6.18986e+01
6.66085e+01	6.20731e+01
6.96847e+01	6.21569e+01
7.29030e+01	6.21533e+01
7.62699e+01	6.20656e+01
7.97923e+01	6.18974e+01
8.34773e+01	6.16524e+01
8.73326e+01	6.13343e+01
9.13659e+01	6.09469e+01
9.55855e+01	6.04941e+01
1.00000e+02	5.99796e+01
1.04618e+02	5.94073e+01
1.09450e+02	5.87811e+01
1.14505e+02	5.81048e+01
1.19793e+02	5.73820e+01
1.25325e+02	5.66166e+01
1.31113e+02	5.58121e+01
1.37169e+02	5.49721e+01
1.43504e+02	5.41000e+01
1.50131e+02	5.31992e+01
1.57065e+02	5.22730e+01
1.64318e+02	5.13244e+01
1.71907e+02	5.03566e+01
1.79846e+02	4.93723e+01
1.88152e+02	4.83745e+01
1.96842e+02	4.73657e+01
2.05933e+02	4.63484e+01
2.15444e+02	4.53251e+01
2.25393e+02	4.42980e+01
2.35803e+02	4.32692e+01
2.46693e+02	4.22407e+01
2.58086e+02	4.12144e+01
2.70005e+02	4.01920e+01
2.82475e+02	3.91752e+01
2.95521e+02	3.81655e+01
3.09169e+02	3.71647e+01
3.23448e+02	3.61760e+01
3.38385e+02	3.51983e+01
3.54013e+02	3.42327e+01
3.70363e+02	3.32802e+01
3.87467e+02	3.23415e+01
4.05362e+02	3.14173e+01
4.24083e+02	3.05083e+01
4.43669e+02	2.96152e+01
4.64159e+02	2.87383e+01
4.85595e+02	2.78781e+01
5.08022e+02	2.70350e+01
5.31484e+02	2.62093e+01
5.56030e+02	2.54011e+01
5.81709e+02	2.46107e+01
6.08574e+02	2.38382e+01
6.36681e+02	2.30837e+01
6.66085e+02	2.23473e+01
6.96847e+02	2.16288e+01
7.29029e+02	2.09283e+01
7.62699e+02	2.02457e+01
7.97923e+02	1.95808e+01
8.34773e+02	1.89336e+01
8.73326e+02	1.83038e+01
9.13659e+02	1.76914e+01
9.55855e+02	1.70959e+01
1.00000e+03	1.65174e+01
1.04618e+03	1.59553e+01
1.09450e+03	1.54097e+01
1.14505e+03	1.48800e+01
1.19793e+03	1.43661e+01
1.25325e+03	1.38677e+01
1.31113e+03	1.33844e+01
1.37169e+03	1.29160e+01
1.43504e+03	1.24621e+01
1.50131e+03	1.20224e+01
1.57065e+03	1.15966e+01
1.64318e+03	1.11843e+01
1.71907e+03	1.07853e+01
1.79846e+03	1.03991e+01
1.88152e+03	1.00256e+01
1.96842e+03	9.66426e+00
2.05933e+03	9.31489e+00
2.15443e+03	8.97712e+00
2.25393e+03	8.65065e+00
2.35803e+03	8.33516e+00
2.46693e+03	8.03034e+00
2.58086e+03	7.73589e+00
2.70005e+03	7.45150e+00
2.82475e+03	7.17688e+00
2.95521e+03	6.91175e+00
3.09169e+03	6.65581e+00
3.23448e+03	6.40878e+00
3.38386e+03	6.17040e+00
3.54013e+03	5.94039e+00
3.70363e+03	5.71850e+00
3.87468e+03	5.50447e+00
4.05362e+03	5.29804e+00
4.24083e+03	5.09897e+00
4.43669e+03	4.90703e+00
4.64159e+03	4.72198e+00
4.85595e+03	4.54360e+00
5.08022e+03	4.37167e+00
5.31484e+03	4.20596e+00
5.56030e+03	4.04629e+00
5.81709e+03	3.89243e+00
6.08574e+03	3.74420e+00
6.36681e+03	3.60140e+00
6.66085e+03	3.46385e+00
6.96847e+03	3.33136e+00
7.29030e+03	3.20377e+00
7.62699e+03	3.08090e+00
7.97923e+03	2.96259e+00
8.34773e+03	2.84868e+00
8.73326e+03	2.73901e+00
9.13659e+03	2.63343e+00
9.55855e+03	2.53180e+00
1.00000e+04	2.43399e+00
1.04618e+04	2.33984e+00
1.09450e+04	2.24924e+00
1.14505e+04	2.16205e+00
1.19793e+04	2.07816e+00
1.25325e+04	1.99743e+00
1.31113e+04	1.91977e+00
1.37169e+04	1.84505e+00
1.43504e+04	1.77317e+00
1.50131e+04	1.70402e+00
1.57065e+04	1.63751e+00
1.64318e+04	1.57354e+00
1.71907e+04	1.51201e+00
1.79847e+04	1.45284e+00
1.88152e+04	1.39593e+00
1.96842e+04	1.34121e+00
2.05933e+04	1.28859e+00
2.15443e+04	1.23799e+00
2.25393e+04	1.18934e+00
2.35803e+04	1.14257e+00
2.46693e+04	1.09760e+00
2.58086e+04	1.05438e+00
2.70005e+04	1.01282e+00
2.82475e+04	9.72871e-01
2.95521e+04	9.34472e-01
3.09169e+04	8.97563e-01
3.23448e+04	8.62088e-01
3.38386e+04	8.27992e-01
3.54013e+04	7.95223e-01
3.70363e+04	7.63731e-01
3.87468e+04	7.33467e-01
4.05362e+04	7.04384e-01
4.24083e+04	6.76436e-01
4.43669e+04	6.49582e-01
4.64159e+04	6.23778e-01
4.85595e+04	5.98984e-01
5.08022e+04	5.75162e-01
5.31484e+04	5.52275e-01
5.56030e+04	5.30286e-01
5.81709e+04	5.09161e-01
6.08574e+04	4.88866e-01
6.36681e+04	4.69370e-01
6.66085e+04	4.50641e-01
6.96847e+04	4.32650e-01
7.29029e+04	4.15369e-01
7.62699e+04	3.98769e-01
7.97923e+04	3.82825e-01
8.34773e+04	3.67511e-01
8.73326e+04	3.52802e-01
9.13659e+04	3.38675e-01
9.55855e+04	3.25107e-01
1.00000e+05	3.12077e-01
1.04618e+05	2.99563e-01
1.09450e+05	2.87545e-01
1.14505e+05	2.76004e-01
1.19793e+05	2.64921e-01
1.25325e+05	2.54279e-01
1.31113e+05	2.44060e-01
1.37169e+05	2.34247e-01
1.43504e+05	2.24825e-01
1.50131e+05	2.15778e-01
1.57065e+05	2.07091e-01
1.64318e+05	1.98751e-01
1.71907e+05	1.90743e-01
1.79846e+05	1.83054e-01
1.88152e+05	1.75673e-01
1.96842e+05	1.68587e-01
2.05933e+05	1.61783e-01
2.15444e+05	1.55252e-01
2.25393e+05	1.48982e-01
2.35803e+05	1.42963e-01
2.46693e+05	1.37184e-01
2.58086e+05	1.31638e-01
2.70006e+05	1.26313e-01
2.82475e+05	1.21203e-01
2.95521e+05	1.16297e-01
3.09169e+05	1.11588e-01
3.23448e+05	1.07068e-01
3.38386e+05	1.02730e-01
3.54013e+05	9.85654e-02
3.70363e+05	9.45688e-02
3.87468e+05	9.07329e-02
4.05362e+05	8.70514e-02
4.24083e+05	8.35180e-02
4.43669e+05	8.01270e-02
4.64159e+05	7.68725e-02
4.85595e+05	7.37492e-02
5.08022e+05	7.07519e-02
5.31484e+05	6.78754e-02
5.56030e+05	6.51150e-02
5.81709e+05	6.24660e-02
6.08574e+05	5.99240e-02
6.36680e+05	5.74846e-02
6.66085e+05	5.51439e-02
6.96847e+05	5.28978e-02
7.29030e+05	5.07425e-02
7.62699e+05	4.86744e-02
7.97923e+05	4.66900e-02
8.34773e+05	4.47859e-02
8.73326e+05	4.29590e-02
9.13659e+05	4.12060e-02
9.55855e+05	3.95241e-02
1.00000e+06	3.79104e-02
