# CCN cross section
256
1.00000e+01	0.00000e+00
1.02746e+01	0.00000e+00
1.05567e+01	0.00000e+00
1.08466e+01	0.00000e+00
1.11445e+01	0.00000e+00
1.14505e+01	4.25275e-02
1.17649e+01	9.26036e-02
1.20880e+01	1.45246e-01
1.24199e+01	2.00120e-01
1.27609e+01	2.73334e-01
1.31113e+01	3.72489e-01
1.34714e+01	4.76054e-01
1.38413e+01	6.17260e-01
1.42214e+01	7.63169e-01
1.46119e+01	9.20878e-01
1.50131e+01	1.12914e+00
1.54254e+01	1.43310e+00
1.58489e+01	1.78589e+00
1.62841e+01	2.14949e+00
1.67313e+01	2.52211e+00
1.71907e+01	2.90208e+00
1.76628e+01	3.28788e+00
1.81478e+01	3.67810e+00
1.86461e+01	4.07144e+00
1.91581e+01	4.46670e+00
1.96842e+01	4.86276e+00
2.02247e+01	5.25862e+00
2.07801e+01	5.65332e+00
2.13507e+01	6.04600e+00
2.19370e+01	6.43587e+00
2.25393e+01	6.82220e+00
2.31583e+01	7.20431e+00
2.37942e+01	7.58159e+00
2.44475e+01	7.95347e+00
2.51189e+01	8.31943e+00
2.58086e+01	8.67900e+00
2.65173e+01	9.03705e+00
2.72455e+01	9.39553e+00
2.79936e+01	9.74980e+00
2.87623e+01	1.01058e+01
2.95521e+01	1.04547e+01
3.03636e+01	1.07960e+01
3.11974e+01	1.11294e+01
3.20540e+01	1.14546e+01
3.29342e+01	1.17711e+01
3.38385e+01	1.20787e+01
3.47677e+01	1.23777e+01
3.57225e+01	1.26739e+01
3.67034e+01	1.29675e+01
3.77112e+01	1.32522e+01
3.87467e+01	1.35276e+01
3.98107e+01	1.37934e+01
4.09039e+01	1.40496e+01
4.20271e+01	1.42958e+01
4.31811e+01	1.45320e+01
4.43669e+01	1.47580e+01
4.55852e+01	1.49738e+01
4.68369e+01	1.51792e+01
4.81230e+01	1.53743e+01
4.94445e+01	1.55590e+01
5.08022e+01	1.57332e+01
5.21972e+01	1.58971e+01
5.36305e+01	1.60506e+01
5.51032e+01	1.61937e+01
5.66163e+01	1.63265e+01
5.81709e+01	1.64490e+01
5.97683e+01	1.65614e+01
6.14095e+01	1.66638e+01
6.30957e+01	1.67561e+01
6.48283e+01	1.68386e+01
6.66085e+01	1.69114e+01
6.84375e+01	1.69746e+01
7.03168e+01	1.70283e+01
7.22476e+01	1.70727e+01
7.42315e+01	1.71080e+01
7.62699e+01	1.71343e+01
7.83642e+01	1.71518e+01
8.05160e+01	1.71607e+01
8.27270e+01	1.71611e+01
8.49986e+01	1.71533e+01
8.73326e+01	1.71374e+01
8.97307e+01	1.71136e+01
9.21947e+01	1.70822e+01
9.47263e+01	1.70434e+01
9.73274e+01	1.69973e+01
1.00000e+02	1.69442e+01
1.02746e+02	1.68842e+01
1.05567e+02	1.68177e+01
1.08466e+02	1.67448e+01
1.11445e+02	1.66657e+01
1.14505e+02	1.65807e+01
1.17649e+02	1.64900e+01
1.20880e+02	1.63938e+01
1.24199e+02	1.62923e+01
1.27609e+02	1.61857e+01
1.31113e+02	1.60743e+01
1.34714e+02	1.59583e+01
1.38413e+02	1.58378e+01
1.42214e+02	1.57132e+01
1.46119e+02	1.55845e+01
1.50131e+02	1.54521e+01
1.54254e+02	1.53161e+01
1.58489e+02	1.51767e+01
1.62841e+02	1.50341e+01
1.67313e+02	1.48886e+01
1.71907e+02	1.47403e+01
1.76628e+02	1.45893e+01
1.81478e+02	1.44360e+01
1.86461e+02	1.42805e+01
1.91581e+02	1.41228e+01
1.96842e+02	1.39634e+01
2.02247e+02	1.38022e+01
2.07801e+02	1.36395e+01
2.13507e+02	1.34754e+01
2.19370e+02	1.33100e+01
2.25393e+02	1.31437e+01
2.31583e+02	1.29764e+01
2.37942e+02	1.28083e+01
2.44476e+02	1.26396e+01
2.51189e+02	1.24704e+01
2.58086e+02	1.23009e+01
2.65173e+02	1.21311e+01
2.72455e+02	1.19611e+01
2.79936e+02	1.17912e+01
2.87623e+02	1.16214e+01
2.95521e+02	1.14519e+01
3.03636e+02	1.12826e+01
3.11974e+02	1.11140e+01
3.20540e+02	1.09461e+01
3.29342e+02	1.07788e+01
3.38385e+02	1.06123e+01
3.47677e+02	1.04466e+01
3.57224e+02	1.02817e+01
3.67034e+02	1.01178e+01
3.77112e+02	9.95491e+00
3.87467e+02	9.79310e+00
3.98107e+02	9.63244e+00
4.09039e+02	9.47298e+00
4.20271e+02	9.31478e+00
4.31811e+02	9.15795e+00
4.43669e+02	9.00253e+00
4.55852e+02	8.84851e+00
4.68369e+02	8.69595e+00
4.81230e+02	8.54489e+00
4.94445e+02	8.39535e+00
5.08022e+02	8.24736e+00
5.21972e+02	8.10097e+00
5.36305e+02	7.95620e+00
5.51032e+02	7.81307e+00
5.66163e+02	7.67161e+00
5.81709e+02	7.53183e+00
5.97683e+02	7.39376e+00
6.14095e+02	7.25741e+00
6.30957e+02	7.12280e+00
6.48283e+02	6.98994e+00
6.66085e+02	6.85883e+00
6.84375e+02	6.72949e+00
7.03168e+02	6.60193e+00
7.22476e+02	6.47614e+00
7.42315e+02	6.35213e+00
7.62699e+02	6.22991e+00
7.83642e+02	6.10947e+00
8.05160e+02	5.99081e+00
8.27270e+02	5.87394e+00
8.49986e+02	5.75884e+00
8.73326e+02	5.64550e+00
8.97307e+02	5.53394e+00
9.21947e+02	5.42413e+00
9.47263e+02	5.31607e+00
9.73274e+02	5.20975e+00
1.00000e+03	5.10516e+00
1.02746e+03	5.00229e+00
1.05567e+03	4.90112e+00
1.08466e+03	4.80165e+00
1.11444e+03	4.70387e+00
1.14505e+03	4.60775e+00
1.17649e+03	4.51328e+00
1.20880e+03	4.42045e+00
1.24199e+03	4.32924e+00
1.27609e+03	4.23964e+00
1.31113e+03	4.15163e+00
1.34714e+03	4.06519e+00
1.38413e+03	3.98031e+00
1.42214e+03	3.89696e+00
1.46119e+03	3.81514e+00
1.50131e+03	3.73481e+00
1.54254e+03	3.65598e+00
1.58489e+03	3.57860e+00
1.62841e+03	3.50267e+00
1.67313e+03	3.42817e+00
1.71907e+03	3.35508e+00
1.76628e+03	3.28338e+00
1.81478e+03	3.21304e+00
1.86461e+03	3.14406e+00
1.91581e+03	3.07641e+00
1.96842e+03	3.01007e+00
2.02247e+03	2.94502e+00
2.07801e+03	2.88124e+00
2.13507e+03	2.81872e+00
2.19370e+03	2.75743e+00
2.25393e+03	2.69736e+00
2.31583e+03	2.63848e+00
2.37942e+03	2.58078e+00
2.44476e+03	2.52424e+00
2.51189e+03	2.46883e+00
2.58086e+03	2.41455e+00
2.65173e+03	2.36137e+00
2.72455e+03	2.30926e+00
2.79936e+03	2.25823e+00
2.87623e+03	2.20824e+00
2.95521e+03	2.15928e+00
3.03636e+03	2.11132e+00
3.11974e+03	2.06436e+00
3.20540e+03	2.01837e+00
3.29342e+03	1.97335e+00
3.38386e+03	1.92926e+00
3.47677e+03	1.88609e+00
3.57224e+03	1.84383e+00
3.67034e+03	1.80246e+00
3.77112e+03	1.76197e+00
3.87468e+03	1.72233e+00
3.98107e+03	1.68353e+00
4.09039e+03	1.64555e+00
4.20271e+03	1.60839e+00
4.31811e+03	1.57202e+00
4.43669e+03	1.53643e+00
4.55852e+03	1.50160e+00
4.68369e+03	1.46752e+00
4.81230e+03	1.43418e+00
4.94445e+03	1.40156e+00
5.08022e+03	1.36964e+00
5.21972e+03	1.33842e+00
5.36305e+03	1.30788e+00
5.51032e+03	1.27800e+00
5.66163e+03	1.24877e+00
5.81709e+03	1.22018e+00
5.97683e+03	1.19222e+00
6.14095e+03	1.16487e+00
6.30957e+03	1.13813e+00
6.48283e+03	1.11197e+00
6.66085e+03	1.08639e+00
6.84375e+03	1.06137e+00
7.03168e+03	1.03691e+00
7.22476e+03	1.01299e+00
7.42315e+03	9.89601e-01
7.62699e+03	9.66733e-01
7.83642e+03	9.44374e-01
8.05160e+03	9.22513e-01
8.27270e+03	9.01141e-01
8.49986e+03	8.80246e-01
8.73326e+03	8.59820e-01
8.97307e+03	8.39852e-01
9.21947e+03	8.20332e-01
9.47263e+03	8.01252e-01
9.73274e+03	7.82600e-01
1.00000e+04	7.64370e-01
