# CH cross section
256
1.00000e+01	0.00000e+00	0.00000e+00
1.04618e+01	0.00000e+00	0.00000e+00
1.09450e+01	7.69298e-02	9.78177e-02
1.14505e+01	1.85163e-01	2.04757e-01
1.19793e+01	3.85575e-01	3.18646e-01
1.25325e+01	6.25253e-01	4.71825e-01
1.31113e+01	9.30751e-01	6.78035e-01
1.37169e+01	1.24992e+00	8.93096e-01
1.43504e+01	1.57883e+00	1.11441e+00
1.50131e+01	1.91402e+00	1.39076e+00
1.57065e+01	2.25247e+00	1.68532e+00
1.64318e+01	2.59156e+00	1.98448e+00
1.71907e+01	2.92896e+00	2.28559e+00
1.79846e+01	3.26270e+00	2.58635e+00
1.88152e+01	3.59103e+00	2.88477e+00
1.96842e+01	3.91242e+00	3.17909e+00
2.05933e+01	4.22559e+00	3.46782e+00
2.15444e+01	4.52985e+00	3.74964e+00
2.25393e+01	4.85664e+00	4.02343e+00
2.35803e+01	5.17501e+00	4.28822e+00
2.46693e+01	5.49792e+00	4.54320e+00
2.58086e+01	5.82350e+00	4.78768e+00
2.70006e+01	6.13897e+00	5.02106e+00
2.82475e+01	6.44300e+00	5.24288e+00
2.95521e+01	6.73444e+00	5.45274e+00
3.09169e+01	7.01235e+00	5.65034e+00
3.23448e+01	7.27595e+00	5.83545e+00
3.38385e+01	7.52461e+00	6.00790e+00
3.54013e+01	7.75782e+00	6.16761e+00
3.70363e+01	7.97522e+00	6.31451e+00
3.87467e+01	8.17654e+00	6.44863e+00
4.05362e+01	8.36160e+00	6.57002e+00
4.24083e+01	8.53034e+00	6.67877e+00
4.43669e+01	8.68274e+00	6.77504e+00
4.64159e+01	8.81889e+00	6.85899e+00
4.85595e+01	8.93893e+00	6.93085e+00
5.08022e+01	9.04306e+00	6.99086e+00
5.31484e+01	9.13154e+00	7.03928e+00
5.56030e+01	9.20466e+00	7.07643e+00
5.81709e+01	9.26279e+00	7.10263e+00
6.08575e+01	9.30631e+00	7.12046e+00
6.36681e+01	9.33563e+00	7.13197e+00
6.66085e+01	9.35123e+00	7.13399e+00
6.96847e+01	9.35358e+00	7.12680e+00
7.29030e+01	9.34318e+00	7.11071e+00
7.62699e+01	9.32055e+00	7.08604e+00
7.97923e+01	9.28625e+00	7.05314e+00
8.34773e+01	9.24082e+00	7.01238e+00
8.73326e+01	9.18483e+00	6.96613e+00
9.13659e+01	9.11885e+00	6.91407e+00
9.55855e+01	9.04344e+00	6.85550e+00
1.00000e+02	8.95920e+00	6.79076e+00
1.04618e+02	8.86669e+00	6.72020e+00
1.09450e+02	8.76648e+00	6.64418e+00
1.14505e+02	8.65914e+00	6.56308e+00
1.19793e+02	8.54523e+00	6.47726e+00
1.25325e+02	8.42529e+00	6.38709e+00
1.31113e+02	8.29987e+00	6.29294e+00
1.37169e+02	8.16949e+00	6.19518e+00
1.43504e+02	8.03465e+00	6.09415e+00
1.50131e+02	7.89586e+00	5.99021e+00
1.57065e+02	7.75359e+00	5.88369e+00
1.64318e+02	7.60829e+00	5.77493e+00
1.71907e+02	7.46043e+00	5.66424e+00
1.79846e+02	7.31041e+00	5.55192e+00
1.88152e+02	7.15865e+00	5.43828e+00
1.96842e+02	7.00553e+00	5.32360e+00
2.05933e+02	6.85141e+00	5.20813e+00
2.15444e+02	6.69665e+00	5.09214e+00
2.25393e+02	6.54157e+00	4.97586e+00
2.35803e+02	6.38647e+00	4.85953e+00
2.46693e+02	6.23165e+00	4.74334e+00
2.58086e+02	6.07737e+00	4.62751e+00
2.70005e+02	5.92388e+00	4.51222e+00
2.82475e+02	5.77142e+00	4.39764e+00
2.95521e+02	5.62020e+00	4.28393e+00
3.09169e+02	5.47044e+00	4.17124e+00
3.23448e+02	5.32261e+00	4.05971e+00
3.38385e+02	5.17658e+00	3.94945e+00
3.54013e+02	5.03250e+00	3.84058e+00
3.70363e+02	4.89049e+00	3.73320e+00
3.87467e+02	4.75067e+00	3.62741e+00
4.05362e+02	4.61314e+00	3.52328e+00
4.24083e+02	4.47798e+00	3.42089e+00
4.43669e+02	4.34528e+00	3.32029e+00
4.64159e+02	4.21510e+00	3.22155e+00
4.85595e+02	4.08749e+00	3.12470e+00
5.08022e+02	3.96251e+00	3.02980e+00
5.31484e+02	3.84019e+00	2.93687e+00
5.56030e+02	3.72055e+00	2.84593e+00
5.81709e+02	3.60363e+00	2.75700e+00
6.08574e+02	3.48942e+00	2.67011e+00
6.36681e+02	3.37794e+00	2.58525e+00
6.66085e+02	3.26919e+00	2.50243e+00
6.96847e+02	3.16316e+00	2.42164e+00
7.29029e+02	3.05984e+00	2.34289e+00
7.62699e+02	2.95921e+00	2.26616e+00
7.97923e+02	2.86126e+00	2.19144e+00
8.34773e+02	2.76595e+00	2.11871e+00
8.73326e+02	2.67326e+00	2.04795e+00
9.13659e+02	2.58316e+00	1.97914e+00
9.55855e+02	2.49560e+00	1.91226e+00
1.00000e+03	2.41056e+00	1.84728e+00
1.04618e+03	2.32799e+00	1.78417e+00
1.09450e+03	2.24786e+00	1.72290e+00
1.14505e+03	2.17011e+00	1.66344e+00
1.19793e+03	2.09471e+00	1.60576e+00
1.25325e+03	2.02160e+00	1.54982e+00
1.31113e+03	1.95075e+00	1.49559e+00
1.37169e+03	1.88209e+00	1.44304e+00
1.43504e+03	1.81559e+00	1.39212e+00
1.50131e+03	1.75119e+00	1.34280e+00
1.57065e+03	1.68884e+00	1.29505e+00
1.64318e+03	1.62851e+00	1.24883e+00
1.71907e+03	1.57012e+00	1.20409e+00
1.79846e+03	1.51364e+00	1.16081e+00
1.88152e+03	1.45902e+00	1.11895e+00
1.96842e+03	1.40620e+00	1.07847e+00
2.05933e+03	1.35515e+00	1.03933e+00
2.15443e+03	1.30580e+00	1.00150e+00
2.25393e+03	1.25812e+00	9.64942e-01
2.35803e+03	1.21205e+00	9.29619e-01
2.46693e+03	1.16755e+00	8.95497e-01
2.58086e+03	1.12458e+00	8.62541e-01
2.70005e+03	1.08308e+00	8.30718e-01
2.82475e+03	1.04302e+00	7.99993e-01
2.95521e+03	1.00435e+00	7.70335e-01
3.09169e+03	9.67036e-01	7.41711e-01
3.23448e+03	9.31026e-01	7.14089e-01
3.38386e+03	8.96283e-01	6.87438e-01
3.54013e+03	8.62768e-01	6.61729e-01
3.70363e+03	8.30441e-01	6.36931e-01
3.87468e+03	7.99266e-01	6.13015e-01
4.05362e+03	7.69204e-01	5.89953e-01
4.24083e+03	7.40219e-01	5.67718e-01
4.43669e+03	7.12278e-01	5.46282e-01
4.64159e+03	6.85344e-01	5.25620e-01
4.85595e+03	6.59385e-01	5.05706e-01
5.08022e+03	6.34369e-01	4.86515e-01
5.31484e+03	6.10263e-01	4.68022e-01
5.56030e+03	5.87038e-01	4.50205e-01
5.81709e+03	5.64662e-01	4.33040e-01
6.08574e+03	5.43108e-01	4.16505e-01
6.36681e+03	5.22347e-01	4.00579e-01
6.66085e+03	5.02352e-01	3.85240e-01
6.96847e+03	4.83096e-01	3.70469e-01
7.29030e+03	4.64554e-01	3.56245e-01
7.62699e+03	4.46700e-01	3.42550e-01
7.97923e+03	4.29511e-01	3.29365e-01
8.34773e+03	4.12963e-01	3.16672e-01
8.73326e+03	3.97033e-01	3.04453e-01
9.13659e+03	3.81700e-01	2.92693e-01
9.55855e+03	3.66942e-01	2.81373e-01
1.00000e+04	3.52739e-01	2.70480e-01
1.04618e+04	3.39071e-01	2.59997e-01
1.09450e+04	3.25919e-01	2.49909e-01
1.14505e+04	3.13263e-01	2.40203e-01
1.19793e+04	3.01087e-01	2.30864e-01
1.25325e+04	2.89372e-01	2.21880e-01
1.31113e+04	2.78102e-01	2.13237e-01
1.37169e+04	2.67261e-01	2.04922e-01
1.43504e+04	2.56833e-01	1.96925e-01
1.50131e+04	2.46802e-01	1.89232e-01
1.57065e+04	2.37154e-01	1.81834e-01
1.64318e+04	2.27876e-01	1.74719e-01
1.71907e+04	2.18953e-01	1.67876e-01
1.79847e+04	2.10372e-01	1.61296e-01
1.88152e+04	2.02120e-01	1.54969e-01
1.96842e+04	1.94186e-01	1.48885e-01
2.05933e+04	1.86557e-01	1.43035e-01
2.15443e+04	1.79223e-01	1.37410e-01
2.25393e+04	1.72171e-01	1.32003e-01
2.35803e+04	1.65391e-01	1.26805e-01
2.46693e+04	1.58874e-01	1.21808e-01
2.58086e+04	1.52609e-01	1.17004e-01
2.70005e+04	1.46587e-01	1.12387e-01
2.82475e+04	1.40798e-01	1.07948e-01
2.95521e+04	1.35235e-01	1.03682e-01
3.09169e+04	1.29887e-01	9.95821e-02
3.23448e+04	1.24748e-01	9.56415e-02
3.38386e+04	1.19808e-01	9.18545e-02
3.54013e+04	1.15062e-01	8.82151e-02
3.70363e+04	1.10500e-01	8.47177e-02
3.87468e+04	1.06117e-01	8.13568e-02
4.05362e+04	1.01904e-01	7.81274e-02
4.24083e+04	9.78570e-02	7.50243e-02
4.43669e+04	9.39681e-02	7.20428e-02
4.64159e+04	9.02316e-02	6.91780e-02
4.85595e+04	8.66416e-02	6.64256e-02
5.08022e+04	8.31925e-02	6.37813e-02
5.31484e+04	7.98788e-02	6.12408e-02
5.56030e+04	7.66954e-02	5.88001e-02
5.81709e+04	7.36372e-02	5.64555e-02
6.08574e+04	7.06993e-02	5.42032e-02
6.36681e+04	6.78772e-02	5.20396e-02
6.66085e+04	6.51664e-02	4.99613e-02
6.96847e+04	6.25625e-02	4.79649e-02
7.29029e+04	6.00613e-02	4.60474e-02
7.62699e+04	5.76590e-02	4.42057e-02
7.97923e+04	5.53516e-02	4.24367e-02
8.34773e+04	5.31355e-02	4.07377e-02
8.73326e+04	5.10070e-02	3.91059e-02
9.13659e+04	4.89629e-02	3.75388e-02
9.55855e+04	4.69998e-02	3.60338e-02
1.00000e+05	4.51145e-02	3.45884e-02
1.04618e+05	4.33040e-02	3.32004e-02
1.09450e+05	4.15654e-02	3.18675e-02
1.14505e+05	3.98958e-02	3.05875e-02
1.19793e+05	3.82926e-02	2.93584e-02
1.25325e+05	3.67532e-02	2.81782e-02
1.31113e+05	3.52750e-02	2.70450e-02
1.37169e+05	3.38557e-02	2.59568e-02
1.43504e+05	3.24929e-02	2.49120e-02
1.50131e+05	3.11844e-02	2.39089e-02
1.57065e+05	2.99281e-02	2.29457e-02
1.64318e+05	2.87219e-02	2.20210e-02
1.71907e+05	2.75638e-02	2.11332e-02
1.79846e+05	2.64520e-02	2.02808e-02
1.88152e+05	2.53847e-02	1.94625e-02
1.96842e+05	2.43599e-02	1.86769e-02
2.05933e+05	2.33762e-02	1.79227e-02
2.15444e+05	2.24319e-02	1.71987e-02
2.25393e+05	2.15253e-02	1.65037e-02
2.35803e+05	2.06551e-02	1.58365e-02
2.46693e+05	1.98197e-02	1.51961e-02
2.58086e+05	1.90179e-02	1.45813e-02
2.70006e+05	1.82482e-02	1.39912e-02
2.82475e+05	1.75093e-02	1.34248e-02
2.95521e+05	1.68002e-02	1.28811e-02
3.09169e+05	1.61195e-02	1.23592e-02
3.23448e+05	1.54662e-02	1.18583e-02
3.38386e+05	1.48391e-02	1.13776e-02
3.54013e+05	1.42372e-02	1.09161e-02
3.70363e+05	1.36596e-02	1.04733e-02
3.87468e+05	1.31052e-02	1.00482e-02
4.05362e+05	1.25731e-02	9.64031e-03
4.24083e+05	1.20625e-02	9.24882e-03
4.43669e+05	1.15725e-02	8.87309e-03
4.64159e+05	1.11022e-02	8.51252e-03
4.85595e+05	1.06508e-02	8.16649e-03
5.08022e+05	1.02177e-02	7.83441e-03
5.31484e+05	9.80207e-03	7.51574e-03
5.56030e+05	9.40321e-03	7.20994e-03
5.81709e+05	9.02046e-03	6.91648e-03
6.08574e+05	8.65318e-03	6.63489e-03
6.36680e+05	8.30074e-03	6.36467e-03
6.66085e+05	7.96256e-03	6.10538e-03
6.96847e+05	7.63805e-03	5.85658e-03
7.29030e+05	7.32668e-03	5.61785e-03
7.62699e+05	7.02791e-03	5.38878e-03
7.97923e+05	6.74124e-03	5.16899e-03
8.34773e+05	6.46619e-03	4.95810e-03
8.73326e+05	6.20228e-03	4.75575e-03
9.13659e+05	5.94906e-03	4.56161e-03
9.55855e+05	5.70612e-03	4.37534e-03
1.00000e+06	5.47303e-03	4.19662e-03
