# CH2 cross section
256
1.00000e+01	0.00000e+00	0.00000e+00
1.04618e+01	3.52279e-02	3.52279e-02
1.09450e+01	1.42286e-01	1.42286e-01
1.14505e+01	2.59272e-01	2.57891e-01
1.19793e+01	4.70299e-01	3.80132e-01
1.25325e+01	6.94098e-01	5.35827e-01
1.31113e+01	9.27472e-01	7.48957e-01
1.37169e+01	1.16762e+00	9.70661e-01
1.43504e+01	1.41208e+00	1.19832e+00
1.50131e+01	1.65871e+00	1.42965e+00
1.57065e+01	1.93014e+00	1.66263e+00
1.64318e+01	2.24692e+00	1.89553e+00
1.71907e+01	2.61594e+00	2.12681e+00
1.79846e+01	2.98889e+00	2.35516e+00
1.88152e+01	3.36250e+00	2.57941e+00
1.96842e+01	3.73396e+00	2.79856e+00
2.05933e+01	4.10080e+00	3.01177e+00
2.15444e+01	4.47082e+00	3.21827e+00
2.25393e+01	4.85795e+00	3.41745e+00
2.35803e+01	5.23755e+00	3.60875e+00
2.46693e+01	5.60761e+00	3.80587e+00
2.58086e+01	5.96641e+00	4.01196e+00
2.70006e+01	6.33427e+00	4.21109e+00
2.82475e+01	6.69190e+00	4.40859e+00
2.95521e+01	7.03600e+00	4.61558e+00
3.09169e+01	7.36530e+00	4.81512e+00
3.23448e+01	7.67874e+00	5.00626e+00
3.38385e+01	7.97546e+00	5.18820e+00
3.54013e+01	8.25477e+00	5.36028e+00
3.70363e+01	8.51616e+00	5.52198e+00
3.87467e+01	8.75924e+00	5.67288e+00
4.05362e+01	8.98376e+00	5.81269e+00
4.24083e+01	9.18956e+00	5.94118e+00
4.43669e+01	9.37660e+00	6.05822e+00
4.64159e+01	9.54495e+00	6.16376e+00
4.85595e+01	9.69474e+00	6.25780e+00
5.08022e+01	9.82617e+00	6.34042e+00
5.31484e+01	9.93953e+00	6.41172e+00
5.56030e+01	1.00351e+01	6.47188e+00
5.81709e+01	1.01134e+01	6.52256e+00
6.08575e+01	1.01748e+01	6.56769e+00
6.36681e+01	1.02197e+01	6.60284e+00
6.66085e+01	1.02487e+01	6.62819e+00
6.96847e+01	1.02624e+01	6.64393e+00
7.29030e+01	1.02613e+01	6.65035e+00
7.62699e+01	1.02460e+01	6.64771e+00
7.97923e+01	1.02172e+01	6.63633e+00
8.34773e+01	1.01754e+01	6.61655e+00
8.73326e+01	1.01214e+01	6.58873e+00
9.13659e+01	1.00558e+01	6.55323e+00
9.55855e+01	9.97917e+00	6.51045e+00
1.00000e+02	9.89230e+00	6.46077e+00
1.04618e+02	9.79580e+00	6.40459e+00
1.09450e+02	9.69032e+00	6.34270e+00
1.14505e+02	9.57652e+00	6.27675e+00
1.19793e+02	9.45505e+00	6.20563e+00
1.25325e+02	9.32652e+00	6.12970e+00
1.31113e+02	9.19155e+00	6.04931e+00
1.37169e+02	9.05076e+00	5.96482e+00
1.43504e+02	8.90471e+00	5.87658e+00
1.50131e+02	8.75398e+00	5.78494e+00
1.57065e+02	8.59912e+00	5.69024e+00
1.64318e+02	8.44066e+00	5.59280e+00
1.71907e+02	8.27910e+00	5.49296e+00
1.79846e+02	8.11493e+00	5.39102e+00
1.88152e+02	7.94861e+00	5.28729e+00
1.96842e+02	7.78059e+00	5.18206e+00
2.05933e+02	7.61129e+00	5.07560e+00
2.15444e+02	7.44110e+00	4.96818e+00
2.25393e+02	7.27039e+00	4.86004e+00
2.35803e+02	7.09952e+00	4.75144e+00
2.46693e+02	6.92882e+00	4.64259e+00
2.58086e+02	6.75860e+00	4.53370e+00
2.70005e+02	6.58913e+00	4.42498e+00
2.82475e+02	6.42070e+00	4.31661e+00
2.95521e+02	6.25354e+00	4.20877e+00
3.09169e+02	6.08795e+00	4.10161e+00
3.23448e+02	5.92435e+00	3.99529e+00
3.38385e+02	5.76266e+00	3.88995e+00
3.54013e+02	5.60306e+00	3.78570e+00
3.70363e+02	5.44569e+00	3.68266e+00
3.87467e+02	5.29068e+00	3.58094e+00
4.05362e+02	5.13815e+00	3.48063e+00
4.24083e+02	4.98821e+00	3.38182e+00
4.43669e+02	4.84095e+00	3.28457e+00
4.64159e+02	4.69644e+00	3.18897e+00
4.85595e+02	4.55475e+00	3.09505e+00
5.08022e+02	4.41593e+00	3.00288e+00
5.31484e+02	4.28004e+00	2.91250e+00
5.56030e+02	4.14710e+00	2.82393e+00
5.81709e+02	4.01714e+00	2.73722e+00
6.08574e+02	3.89018e+00	2.65238e+00
6.36681e+02	3.76623e+00	2.56943e+00
6.66085e+02	3.64529e+00	2.48838e+00
6.96847e+02	3.52735e+00	2.40923e+00
7.29029e+02	3.41240e+00	2.33200e+00
7.62699e+02	3.30043e+00	2.25667e+00
7.97923e+02	3.19142e+00	2.18324e+00
8.34773e+02	3.08534e+00	2.11171e+00
8.73326e+02	2.98216e+00	2.04205e+00
9.13659e+02	2.88184e+00	1.97426e+00
9.55855e+02	2.78435e+00	1.90830e+00
1.00000e+03	2.68964e+00	1.84417e+00
1.04618e+03	2.59768e+00	1.78184e+00
1.09450e+03	2.50842e+00	1.72129e+00
1.14505e+03	2.42180e+00	1.66248e+00
1.19793e+03	2.33779e+00	1.60539e+00
1.25325e+03	2.25633e+00	1.54998e+00
1.31113e+03	2.17737e+00	1.49624e+00
1.37169e+03	2.10086e+00	1.44412e+00
1.43504e+03	2.02673e+00	1.39360e+00
1.50131e+03	1.95495e+00	1.34464e+00
1.57065e+03	1.88545e+00	1.29720e+00
1.64318e+03	1.81818e+00	1.25126e+00
1.71907e+03	1.75308e+00	1.20678e+00
1.79846e+03	1.69010e+00	1.16372e+00
1.88152e+03	1.62919e+00	1.12205e+00
1.96842e+03	1.57028e+00	1.08173e+00
2.05933e+03	1.51334e+00	1.04274e+00
2.15443e+03	1.45830e+00	1.00503e+00
2.25393e+03	1.40511e+00	9.68574e-01
2.35803e+03	1.35372e+00	9.33335e-01
2.46693e+03	1.30408e+00	8.99281e-01
2.58086e+03	1.25613e+00	8.66378e-01
2.70005e+03	1.20983e+00	8.34593e-01
2.82475e+03	1.16513e+00	8.03895e-01
2.95521e+03	1.12198e+00	7.74252e-01
3.09169e+03	1.08034e+00	7.45632e-01
3.23448e+03	1.04015e+00	7.18005e-01
3.38386e+03	1.00137e+00	6.91341e-01
3.54013e+03	9.63967e-01	6.65610e-01
3.70363e+03	9.27884e-01	6.40784e-01
3.87468e+03	8.93084e-01	6.16834e-01
4.05362e+03	8.59526e-01	5.93733e-01
4.24083e+03	8.27169e-01	5.71453e-01
4.43669e+03	7.95974e-01	5.49969e-01
4.64159e+03	7.65903e-01	5.29254e-01
4.85595e+03	7.36920e-01	5.09284e-01
5.08022e+03	7.08987e-01	4.90034e-01
5.31484e+03	6.82070e-01	4.71480e-01
5.56030e+03	6.56134e-01	4.53599e-01
5.81709e+03	6.31147e-01	4.36369e-01
6.08574e+03	6.07076e-01	4.19768e-01
6.36681e+03	5.83890e-01	4.03775e-01
6.66085e+03	5.61558e-01	3.88368e-01
6.96847e+03	5.40050e-01	3.73528e-01
7.29030e+03	5.19339e-01	3.59235e-01
7.62699e+03	4.99396e-01	3.45470e-01
7.97923e+03	4.80195e-01	3.32215e-01
8.34773e+03	4.61709e-01	3.19452e-01
8.73326e+03	4.43914e-01	3.07165e-01
9.13659e+03	4.26784e-01	2.95335e-01
9.55855e+03	4.10296e-01	2.83947e-01
1.00000e+04	3.94427e-01	2.72986e-01
1.04618e+04	3.79156e-01	2.62436e-01
1.09450e+04	3.64460e-01	2.52283e-01
1.14505e+04	3.50318e-01	2.42511e-01
1.19793e+04	3.36712e-01	2.33108e-01
1.25325e+04	3.23621e-01	2.24061e-01
1.31113e+04	3.11026e-01	2.15356e-01
1.37169e+04	2.98910e-01	2.06980e-01
1.43504e+04	2.87255e-01	1.98923e-01
1.50131e+04	2.76045e-01	1.91172e-01
1.57065e+04	2.65262e-01	1.83716e-01
1.64318e+04	2.54891e-01	1.76544e-01
1.71907e+04	2.44917e-01	1.69646e-01
1.79847e+04	2.35325e-01	1.63012e-01
1.88152e+04	2.26101e-01	1.56632e-01
1.96842e+04	2.17232e-01	1.50497e-01
2.05933e+04	2.08703e-01	1.44597e-01
2.15443e+04	2.00504e-01	1.38923e-01
2.25393e+04	1.92620e-01	1.33468e-01
2.35803e+04	1.85040e-01	1.28223e-01
2.46693e+04	1.77754e-01	1.23181e-01
2.58086e+04	1.70749e-01	1.18333e-01
2.70005e+04	1.64015e-01	1.13673e-01
2.82475e+04	1.57542e-01	1.09192e-01
2.95521e+04	1.51321e-01	1.04886e-01
3.09169e+04	1.45341e-01	1.00746e-01
3.23448e+04	1.39594e-01	9.67673e-02
3.38386e+04	1.34070e-01	9.29429e-02
3.54013e+04	1.28762e-01	8.92673e-02
3.70363e+04	1.23660e-01	8.57347e-02
3.87468e+04	1.18758e-01	8.23397e-02
4.05362e+04	1.14046e-01	7.90771e-02
4.24083e+04	1.09520e-01	7.59419e-02
4.43669e+04	1.05170e-01	7.29292e-02
4.64159e+04	1.00990e-01	7.00342e-02
4.85595e+04	9.69745e-02	6.72525e-02
5.08022e+04	9.31163e-02	6.45797e-02
5.31484e+04	8.94095e-02	6.20117e-02
5.56030e+04	8.58483e-02	5.95444e-02
5.81709e+04	8.24270e-02	5.71740e-02
6.08574e+04	7.91404e-02	5.48967e-02
6.36681e+04	7.59831e-02	5.27089e-02
6.66085e+04	7.29502e-02	5.06071e-02
6.96847e+04	7.00368e-02	4.85882e-02
7.29029e+04	6.72384e-02	4.66487e-02
7.62699e+04	6.45504e-02	4.47857e-02
7.97923e+04	6.19687e-02	4.29962e-02
8.34773e+04	5.94889e-02	4.12774e-02
8.73326e+04	5.71073e-02	3.96265e-02
9.13659e+04	5.48199e-02	3.80408e-02
9.55855e+04	5.26230e-02	3.65178e-02
1.00000e+05	5.05133e-02	3.50551e-02
1.04618e+05	4.84872e-02	3.36504e-02
1.09450e+05	4.65414e-02	3.23013e-02
1.14505e+05	4.46730e-02	3.10057e-02
1.19793e+05	4.28787e-02	2.97615e-02
1.25325e+05	4.11557e-02	2.85667e-02
1.31113e+05	3.95013e-02	2.74194e-02
1.37169e+05	3.79127e-02	2.63176e-02
1.43504e+05	3.63873e-02	2.52597e-02
1.50131e+05	3.49227e-02	2.42439e-02
1.57065e+05	3.35164e-02	2.32685e-02
1.64318e+05	3.21663e-02	2.23319e-02
1.71907e+05	3.08700e-02	2.14327e-02
1.79846e+05	2.96254e-02	2.05693e-02
1.88152e+05	2.84305e-02	1.97404e-02
1.96842e+05	2.72834e-02	1.89446e-02
2.05933e+05	2.61821e-02	1.81805e-02
2.15444e+05	2.51249e-02	1.74470e-02
2.25393e+05	2.41100e-02	1.67428e-02
2.35803e+05	2.31357e-02	1.60668e-02
2.46693e+05	2.22004e-02	1.54178e-02
2.58086e+05	2.13026e-02	1.47948e-02
2.70006e+05	2.04408e-02	1.41967e-02
2.82475e+05	1.96136e-02	1.36226e-02
2.95521e+05	1.88195e-02	1.30715e-02
3.09169e+05	1.80573e-02	1.25425e-02
3.23448e+05	1.73258e-02	1.20348e-02
3.38386e+05	1.66236e-02	1.15474e-02
3.54013e+05	1.59496e-02	1.10796e-02
3.70363e+05	1.53028e-02	1.06306e-02
3.87468e+05	1.46820e-02	1.01996e-02
4.05362e+05	1.40861e-02	9.78601e-03
4.24083e+05	1.35143e-02	9.38901e-03
4.43669e+05	1.29655e-02	9.00800e-03
4.64159e+05	1.24388e-02	8.64232e-03
4.85595e+05	1.19333e-02	8.29138e-03
5.08022e+05	1.14482e-02	7.95457e-03
5.31484e+05	1.09827e-02	7.63134e-03
5.56030e+05	1.05360e-02	7.32115e-03
5.81709e+05	1.01073e-02	7.02346e-03
6.08574e+05	9.69590e-03	6.73779e-03
6.36680e+05	9.30115e-03	6.46366e-03
6.66085e+05	8.92235e-03	6.20059e-03
6.96847e+05	8.55886e-03	5.94816e-03
7.29030e+05	8.21008e-03	5.70592e-03
7.62699e+05	7.87541e-03	5.47349e-03
7.97923e+05	7.55429e-03	5.25045e-03
8.34773e+05	7.24617e-03	5.03643e-03
8.73326e+05	6.95053e-03	4.83108e-03
9.13659e+05	6.66688e-03	4.63405e-03
9.55855e+05	6.39472e-03	4.44499e-03
1.00000e+06	6.13359e-03	4.26360e-03
