# CH2CCCCH2 cross section
256
1.00000e+01	1.08159e+00
1.02746e+01	1.43080e+00
1.05567e+01	1.79092e+00
1.08466e+01	2.16023e+00
1.11445e+01	2.53712e+00
1.14505e+01	2.92010e+00
1.17649e+01	3.30781e+00
1.20880e+01	3.74207e+00
1.24199e+01	4.34747e+00
1.27609e+01	4.96588e+00
1.31113e+01	5.59468e+00
1.34714e+01	6.23146e+00
1.38413e+01	6.87398e+00
1.42214e+01	7.52020e+00
1.46119e+01	8.16821e+00
1.50131e+01	8.81628e+00
1.54254e+01	9.56969e+00
1.58489e+01	1.03709e+01
1.62841e+01	1.12059e+01
1.67313e+01	1.21021e+01
1.71907e+01	1.30265e+01
1.76628e+01	1.39532e+01
1.81478e+01	1.48793e+01
1.86461e+01	1.58026e+01
1.91581e+01	1.67206e+01
1.96842e+01	1.76314e+01
2.02247e+01	1.85329e+01
2.07801e+01	1.94235e+01
2.13507e+01	2.03016e+01
2.19370e+01	2.11656e+01
2.25393e+01	2.20143e+01
2.31583e+01	2.28466e+01
2.37942e+01	2.36918e+01
2.44475e+01	2.45200e+01
2.51189e+01	2.53302e+01
2.58086e+01	2.61213e+01
2.65173e+01	2.68980e+01
2.72455e+01	2.76741e+01
2.79936e+01	2.84301e+01
2.87623e+01	2.91677e+01
2.95521e+01	2.99033e+01
3.03636e+01	3.06226e+01
3.11974e+01	3.13355e+01
3.20540e+01	3.20267e+01
3.29342e+01	3.26955e+01
3.38385e+01	3.33412e+01
3.47677e+01	3.39633e+01
3.57225e+01	3.45613e+01
3.67034e+01	3.51347e+01
3.77112e+01	3.56833e+01
3.87467e+01	3.62067e+01
3.98107e+01	3.67047e+01
4.09039e+01	3.71772e+01
4.20271e+01	3.76240e+01
4.31811e+01	3.80452e+01
4.43669e+01	3.84407e+01
4.55852e+01	3.88105e+01
4.68369e+01	3.91549e+01
4.81230e+01	3.94738e+01
4.94445e+01	3.97674e+01
5.08022e+01	4.00360e+01
5.21972e+01	4.02798e+01
5.36305e+01	4.04991e+01
5.51032e+01	4.06941e+01
5.66163e+01	4.08652e+01
5.81709e+01	4.10128e+01
5.97683e+01	4.11371e+01
6.14095e+01	4.12386e+01
6.30957e+01	4.13177e+01
6.48283e+01	4.13749e+01
6.66085e+01	4.14105e+01
6.84375e+01	4.14251e+01
7.03168e+01	4.14190e+01
7.22476e+01	4.13929e+01
7.42315e+01	4.13472e+01
7.62699e+01	4.12824e+01
7.83642e+01	4.11990e+01
8.05160e+01	4.10976e+01
8.27270e+01	4.09787e+01
8.49986e+01	4.08428e+01
8.73326e+01	4.06905e+01
8.97307e+01	4.05222e+01
9.21947e+01	4.03387e+01
9.47263e+01	4.01403e+01
9.73274e+01	3.99277e+01
1.00000e+02	3.97014e+01
1.02746e+02	3.94620e+01
1.05567e+02	3.92099e+01
1.08466e+02	3.89458e+01
1.11445e+02	3.86702e+01
1.14505e+02	3.83835e+01
1.17649e+02	3.80864e+01
1.20880e+02	3.77794e+01
1.24199e+02	3.74629e+01
1.27609e+02	3.71375e+01
1.31113e+02	3.68037e+01
1.34714e+02	3.64620e+01
1.38413e+02	3.61129e+01
1.42214e+02	3.57568e+01
1.46119e+02	3.53942e+01
1.50131e+02	3.50256e+01
1.54254e+02	3.46514e+01
1.58489e+02	3.42721e+01
1.62841e+02	3.38881e+01
1.67313e+02	3.34998e+01
1.71907e+02	3.31077e+01
1.76628e+02	3.27121e+01
1.81478e+02	3.23134e+01
1.86461e+02	3.19120e+01
1.91581e+02	3.15082e+01
1.96842e+02	3.11025e+01
2.02247e+02	3.06951e+01
2.07801e+02	3.02864e+01
2.13507e+02	2.98768e+01
2.19370e+02	2.94665e+01
2.25393e+02	2.90558e+01
2.31583e+02	2.86450e+01
2.37942e+02	2.82344e+01
2.44476e+02	2.78243e+01
2.51189e+02	2.74148e+01
2.58086e+02	2.70064e+01
2.65173e+02	2.65991e+01
2.72455e+02	2.61933e+01
2.79936e+02	2.57891e+01
2.87623e+02	2.53867e+01
2.95521e+02	2.49864e+01
3.03636e+02	2.45883e+01
3.11974e+02	2.41932e+01
3.20540e+02	2.38011e+01
3.29342e+02	2.34118e+01
3.38385e+02	2.30254e+01
3.47677e+02	2.26420e+01
3.57224e+02	2.22618e+01
3.67034e+02	2.18849e+01
3.77112e+02	2.15113e+01
3.87467e+02	2.11413e+01
3.98107e+02	2.07748e+01
4.09039e+02	2.04120e+01
4.20271e+02	2.00530e+01
4.31811e+02	1.96978e+01
4.43669e+02	1.93465e+01
4.55852e+02	1.89992e+01
4.68369e+02	1.86559e+01
4.81230e+02	1.83167e+01
4.94445e+02	1.79816e+01
5.08022e+02	1.76506e+01
5.21972e+02	1.73239e+01
5.36305e+02	1.70014e+01
5.51032e+02	1.66831e+01
5.66163e+02	1.63691e+01
5.81709e+02	1.60594e+01
5.97683e+02	1.57539e+01
6.14095e+02	1.54528e+01
6.30957e+02	1.51561e+01
6.48283e+02	1.48636e+01
6.66085e+02	1.45754e+01
6.84375e+02	1.42916e+01
7.03168e+02	1.40120e+01
7.22476e+02	1.37367e+01
7.42315e+02	1.34657e+01
7.62699e+02	1.31990e+01
7.83642e+02	1.29365e+01
8.05160e+02	1.26782e+01
8.27270e+02	1.24241e+01
8.49986e+02	1.21741e+01
8.73326e+02	1.19284e+01
8.97307e+02	1.16867e+01
9.21947e+02	1.14490e+01
9.47263e+02	1.12155e+01
9.73274e+02	1.09859e+01
1.00000e+03	1.07603e+01
1.02746e+03	1.05386e+01
1.05567e+03	1.03209e+01
1.08466e+03	1.01069e+01
1.11444e+03	9.89683e+00
1.14505e+03	9.69050e+00
1.17649e+03	9.48790e+00
1.20880e+03	9.28898e+00
1.24199e+03	9.09371e+00
1.27609e+03	8.90204e+00
1.31113e+03	8.71393e+00
1.34714e+03	8.52932e+00
1.38413e+03	8.34817e+00
1.42214e+03	8.17045e+00
1.46119e+03	7.99609e+00
1.50131e+03	7.82506e+00
1.54254e+03	7.65730e+00
1.58489e+03	7.49277e+00
1.62841e+03	7.33143e+00
1.67313e+03	7.17323e+00
1.71907e+03	7.01811e+00
1.76628e+03	6.86604e+00
1.81478e+03	6.71696e+00
1.86461e+03	6.57083e+00
1.91581e+03	6.42761e+00
1.96842e+03	6.28724e+00
2.02247e+03	6.14968e+00
2.07801e+03	6.01489e+00
2.13507e+03	5.88282e+00
2.19370e+03	5.75342e+00
2.25393e+03	5.62665e+00
2.31583e+03	5.50247e+00
2.37942e+03	5.38082e+00
2.44476e+03	5.26168e+00
2.51189e+03	5.14499e+00
2.58086e+03	5.03070e+00
2.65173e+03	4.91879e+00
2.72455e+03	4.80920e+00
2.79936e+03	4.70189e+00
2.87623e+03	4.59683e+00
2.95521e+03	4.49397e+00
3.03636e+03	4.39327e+00
3.11974e+03	4.29469e+00
3.20540e+03	4.19820e+00
3.29342e+03	4.10374e+00
3.38386e+03	4.01130e+00
3.47677e+03	3.92082e+00
3.57224e+03	3.83227e+00
3.67034e+03	3.74562e+00
3.77112e+03	3.66082e+00
3.87468e+03	3.57785e+00
3.98107e+03	3.49666e+00
4.09039e+03	3.41722e+00
4.20271e+03	3.33950e+00
4.31811e+03	3.26346e+00
4.43669e+03	3.18908e+00
4.55852e+03	3.11631e+00
4.68369e+03	3.04513e+00
4.81230e+03	2.97550e+00
4.94445e+03	2.90739e+00
5.08022e+03	2.84078e+00
5.21972e+03	2.77563e+00
5.36305e+03	2.71191e+00
5.51032e+03	2.64959e+00
5.66163e+03	2.58865e+00
5.81709e+03	2.52906e+00
5.97683e+03	2.47078e+00
6.14095e+03	2.41380e+00
6.30957e+03	2.35808e+00
6.48283e+03	2.30361e+00
6.66085e+03	2.25034e+00
6.84375e+03	2.19826e+00
7.03168e+03	2.14735e+00
7.22476e+03	2.09757e+00
7.42315e+03	2.04891e+00
7.62699e+03	2.00134e+00
7.83642e+03	1.95484e+00
8.05160e+03	1.90939e+00
8.27270e+03	1.86496e+00
8.49986e+03	1.82153e+00
8.73326e+03	1.77908e+00
8.97307e+03	1.73759e+00
9.21947e+03	1.69703e+00
9.47263e+03	1.65740e+00
9.73274e+03	1.61867e+00
1.00000e+04	1.58081e+00
