# CH2CHCN cross section
256
1.00000e+01	0.00000e+00
1.04618e+01	0.00000e+00
1.09450e+01	0.00000e+00
1.14505e+01	1.19611e-01
1.19793e+01	3.12745e-01
1.25325e+01	5.19693e-01
1.31113e+01	8.40640e-01
1.37169e+01	1.29225e+00
1.43504e+01	1.90834e+00
1.50131e+01	2.65141e+00
1.57065e+01	3.46836e+00
1.64318e+01	4.30939e+00
1.71907e+01	5.23646e+00
1.79846e+01	6.20336e+00
1.88152e+01	7.24866e+00
1.96842e+01	8.31873e+00
2.05933e+01	9.38831e+00
2.15444e+01	1.04500e+01
2.25393e+01	1.14975e+01
2.35803e+01	1.25252e+01
2.46693e+01	1.35475e+01
2.58086e+01	1.45750e+01
2.70006e+01	1.55742e+01
2.82475e+01	1.65409e+01
2.95521e+01	1.74719e+01
3.09169e+01	1.83862e+01
3.23448e+01	1.92749e+01
3.38385e+01	2.01334e+01
3.54013e+01	2.09662e+01
3.70363e+01	2.17563e+01
3.87467e+01	2.25017e+01
4.05362e+01	2.32010e+01
4.24083e+01	2.38529e+01
4.43669e+01	2.44567e+01
4.64159e+01	2.50119e+01
4.85595e+01	2.55181e+01
5.08022e+01	2.59754e+01
5.31484e+01	2.63840e+01
5.56030e+01	2.67444e+01
5.81709e+01	2.70570e+01
6.08575e+01	2.73228e+01
6.36681e+01	2.75425e+01
6.66085e+01	2.77174e+01
6.96847e+01	2.78484e+01
7.29030e+01	2.79370e+01
7.62699e+01	2.79844e+01
7.97923e+01	2.79922e+01
8.34773e+01	2.79618e+01
8.73326e+01	2.78949e+01
9.13659e+01	2.77929e+01
9.55855e+01	2.76577e+01
1.00000e+02	2.74909e+01
1.04618e+02	2.72941e+01
1.09450e+02	2.70692e+01
1.14505e+02	2.68178e+01
1.19793e+02	2.65418e+01
1.25325e+02	2.62426e+01
1.31113e+02	2.59222e+01
1.37169e+02	2.55820e+01
1.43504e+02	2.52239e+01
1.50131e+02	2.48493e+01
1.57065e+02	2.44599e+01
1.64318e+02	2.40571e+01
1.71907e+02	2.36425e+01
1.79846e+02	2.32175e+01
1.88152e+02	2.27834e+01
1.96842e+02	2.23416e+01
2.05933e+02	2.18934e+01
2.15444e+02	2.14398e+01
2.25393e+02	2.09822e+01
2.35803e+02	2.05216e+01
2.46693e+02	2.00590e+01
2.58086e+02	1.95955e+01
2.70005e+02	1.91318e+01
2.82475e+02	1.86689e+01
2.95521e+02	1.82077e+01
3.09169e+02	1.77489e+01
3.23448e+02	1.72940e+01
3.38385e+02	1.68428e+01
3.54013e+02	1.63960e+01
3.70363e+02	1.59540e+01
3.87467e+02	1.55173e+01
4.05362e+02	1.50864e+01
4.24083e+02	1.46615e+01
4.43669e+02	1.42433e+01
4.64159e+02	1.38320e+01
4.85595e+02	1.34276e+01
5.08022e+02	1.30306e+01
5.31484e+02	1.26411e+01
5.56030e+02	1.22592e+01
5.81709e+02	1.18851e+01
6.08574e+02	1.15190e+01
6.36681e+02	1.11609e+01
6.66085e+02	1.08108e+01
6.96847e+02	1.04689e+01
7.29029e+02	1.01350e+01
7.62699e+02	9.80934e+00
7.97923e+02	9.49177e+00
8.34773e+02	9.18227e+00
8.73326e+02	8.88082e+00
9.13659e+02	8.58733e+00
9.55855e+02	8.30175e+00
1.00000e+03	8.02399e+00
1.04618e+03	7.75395e+00
1.09450e+03	7.49153e+00
1.14505e+03	7.23662e+00
1.19793e+03	6.98911e+00
1.25325e+03	6.74886e+00
1.31113e+03	6.51575e+00
1.37169e+03	6.28965e+00
1.43504e+03	6.07042e+00
1.50131e+03	5.85791e+00
1.57065e+03	5.65200e+00
1.64318e+03	5.45252e+00
1.71907e+03	5.25934e+00
1.79846e+03	5.07231e+00
1.88152e+03	4.89128e+00
1.96842e+03	4.71610e+00
2.05933e+03	4.54662e+00
2.15443e+03	4.38271e+00
2.25393e+03	4.22421e+00
2.35803e+03	4.07098e+00
2.46693e+03	3.92287e+00
2.58086e+03	3.77974e+00
2.70005e+03	3.64146e+00
2.82475e+03	3.50788e+00
2.95521e+03	3.37886e+00
3.09169e+03	3.25429e+00
3.23448e+03	3.13401e+00
3.38386e+03	3.01791e+00
3.54013e+03	2.90585e+00
3.70363e+03	2.79772e+00
3.87468e+03	2.69339e+00
4.05362e+03	2.59273e+00
4.24083e+03	2.49565e+00
4.43669e+03	2.40202e+00
4.64159e+03	2.31173e+00
4.85595e+03	2.22467e+00
5.08022e+03	2.14074e+00
5.31484e+03	2.05983e+00
5.56030e+03	1.98185e+00
5.81709e+03	1.90670e+00
6.08574e+03	1.83428e+00
6.36681e+03	1.76451e+00
6.66085e+03	1.69728e+00
6.96847e+03	1.63253e+00
7.29030e+03	1.57015e+00
7.62699e+03	1.51007e+00
7.97923e+03	1.45221e+00
8.34773e+03	1.39650e+00
8.73326e+03	1.34285e+00
9.13659e+03	1.29119e+00
9.55855e+03	1.24147e+00
1.00000e+04	1.19360e+00
1.04618e+04	1.14752e+00
1.09450e+04	1.10317e+00
1.14505e+04	1.06048e+00
1.19793e+04	1.01940e+00
1.25325e+04	9.79875e-01
1.31113e+04	9.41839e-01
1.37169e+04	9.05241e-01
1.43504e+04	8.70031e-01
1.50131e+04	8.36157e-01
1.57065e+04	8.03570e-01
1.64318e+04	7.72224e-01
1.71907e+04	7.42074e-01
1.79847e+04	7.13074e-01
1.88152e+04	6.85183e-01
1.96842e+04	6.58360e-01
2.05933e+04	6.32565e-01
2.15443e+04	6.07760e-01
2.25393e+04	5.83909e-01
2.35803e+04	5.60975e-01
2.46693e+04	5.38925e-01
2.58086e+04	5.17725e-01
2.70005e+04	4.97344e-01
2.82475e+04	4.77751e-01
2.95521e+04	4.58916e-01
3.09169e+04	4.40810e-01
3.23448e+04	4.23407e-01
3.38386e+04	4.06679e-01
3.54013e+04	3.90602e-01
3.70363e+04	3.75149e-01
3.87468e+04	3.60299e-01
4.05362e+04	3.46027e-01
4.24083e+04	3.32311e-01
4.43669e+04	3.19131e-01
4.64159e+04	3.06466e-01
4.85595e+04	2.94297e-01
5.08022e+04	2.82603e-01
5.31484e+04	2.71368e-01
5.56030e+04	2.60573e-01
5.81709e+04	2.50202e-01
6.08574e+04	2.40238e-01
6.36681e+04	2.30665e-01
6.66085e+04	2.21469e-01
6.96847e+04	2.12635e-01
7.29029e+04	2.04149e-01
7.62699e+04	1.95997e-01
7.97923e+04	1.88166e-01
8.34773e+04	1.80645e-01
8.73326e+04	1.73421e-01
9.13659e+04	1.66482e-01
9.55855e+04	1.59817e-01
1.00000e+05	1.53417e-01
1.04618e+05	1.47269e-01
1.09450e+05	1.41366e-01
1.14505e+05	1.35696e-01
1.19793e+05	1.30251e-01
1.25325e+05	1.25023e-01
1.31113e+05	1.20001e-01
1.37169e+05	1.15180e-01
1.43504e+05	1.10550e-01
1.50131e+05	1.06105e-01
1.57065e+05	1.01836e-01
1.64318e+05	9.77371e-02
1.71907e+05	9.38018e-02
1.79846e+05	9.00233e-02
1.88152e+05	8.63956e-02
1.96842e+05	8.29126e-02
2.05933e+05	7.95687e-02
2.15444e+05	7.63585e-02
2.25393e+05	7.32765e-02
2.35803e+05	7.03178e-02
2.46693e+05	6.74774e-02
2.58086e+05	6.47508e-02
2.70006e+05	6.21333e-02
2.82475e+05	5.96208e-02
2.95521e+05	5.72089e-02
3.09169e+05	5.48938e-02
3.23448e+05	5.26715e-02
3.38386e+05	5.05385e-02
3.54013e+05	4.84911e-02
3.70363e+05	4.65259e-02
3.87468e+05	4.46398e-02
4.05362e+05	4.28295e-02
4.24083e+05	4.10920e-02
4.43669e+05	3.94244e-02
4.64159e+05	3.78240e-02
4.85595e+05	3.62880e-02
5.08022e+05	3.48139e-02
5.31484e+05	3.33992e-02
5.56030e+05	3.20416e-02
5.81709e+05	3.07387e-02
6.08574e+05	2.94885e-02
6.36680e+05	2.82887e-02
6.66085e+05	2.71373e-02
6.96847e+05	2.60325e-02
7.29030e+05	2.49723e-02
7.62699e+05	2.39550e-02
7.97923e+05	2.29789e-02
8.34773e+05	2.20422e-02
8.73326e+05	2.11435e-02
9.13659e+05	2.02811e-02
9.55855e+05	1.94537e-02
1.00000e+06	1.86598e-02
