# CH2CCO cross section
256
1.00000e+01	8.17537e-01
1.02746e+01	9.17840e-01
1.05567e+01	1.02081e+00
1.08466e+01	1.20084e+00
1.11445e+01	1.41277e+00
1.14505e+01	1.63072e+00
1.17649e+01	1.85372e+00
1.20880e+01	2.10431e+00
1.24199e+01	2.38263e+00
1.27609e+01	2.66612e+00
1.31113e+01	2.95374e+00
1.34714e+01	3.24453e+00
1.38413e+01	3.53760e+00
1.42214e+01	3.83211e+00
1.46119e+01	4.15190e+00
1.50131e+01	4.50126e+00
1.54254e+01	4.86099e+00
1.58489e+01	5.25901e+00
1.62841e+01	5.70409e+00
1.67313e+01	6.17893e+00
1.71907e+01	6.68208e+00
1.76628e+01	7.22417e+00
1.81478e+01	7.78477e+00
1.86461e+01	8.36034e+00
1.91581e+01	8.95101e+00
1.96842e+01	9.54342e+00
2.02247e+01	1.01359e+01
2.07801e+01	1.07271e+01
2.13507e+01	1.13154e+01
2.19370e+01	1.18997e+01
2.25393e+01	1.24787e+01
2.31583e+01	1.30515e+01
2.37942e+01	1.36169e+01
2.44475e+01	1.41742e+01
2.51189e+01	1.47256e+01
2.58086e+01	1.52778e+01
2.65173e+01	1.58203e+01
2.72455e+01	1.63583e+01
2.79936e+01	1.68918e+01
2.87623e+01	1.74172e+01
2.95521e+01	1.79390e+01
3.03636e+01	1.84490e+01
3.11974e+01	1.89538e+01
3.20540e+01	1.94489e+01
3.29342e+01	1.99309e+01
3.38385e+01	2.03995e+01
3.47677e+01	2.08541e+01
3.57225e+01	2.12944e+01
3.67034e+01	2.17200e+01
3.77112e+01	2.21305e+01
3.87467e+01	2.25257e+01
3.98107e+01	2.29097e+01
4.09039e+01	2.32811e+01
4.20271e+01	2.36403e+01
4.31811e+01	2.39839e+01
4.43669e+01	2.43119e+01
4.55852e+01	2.46241e+01
4.68369e+01	2.49203e+01
4.81230e+01	2.52005e+01
4.94445e+01	2.54647e+01
5.08022e+01	2.57128e+01
5.21972e+01	2.59449e+01
5.36305e+01	2.61610e+01
5.51032e+01	2.63612e+01
5.66163e+01	2.65456e+01
5.81709e+01	2.67142e+01
5.97683e+01	2.68672e+01
6.14095e+01	2.70049e+01
6.30957e+01	2.71272e+01
6.48283e+01	2.72344e+01
6.66085e+01	2.73267e+01
6.84375e+01	2.74044e+01
7.03168e+01	2.74676e+01
7.22476e+01	2.75166e+01
7.42315e+01	2.75516e+01
7.62699e+01	2.75730e+01
7.83642e+01	2.75809e+01
8.05160e+01	2.75756e+01
8.27270e+01	2.75576e+01
8.49986e+01	2.75269e+01
8.73326e+01	2.74841e+01
8.97307e+01	2.74293e+01
9.21947e+01	2.73629e+01
9.47263e+01	2.72852e+01
9.73274e+01	2.71965e+01
1.00000e+02	2.70972e+01
1.02746e+02	2.69877e+01
1.05567e+02	2.68681e+01
1.08466e+02	2.67389e+01
1.11445e+02	2.66005e+01
1.14505e+02	2.64531e+01
1.17649e+02	2.62971e+01
1.20880e+02	2.61328e+01
1.24199e+02	2.59607e+01
1.27609e+02	2.57809e+01
1.31113e+02	2.55939e+01
1.34714e+02	2.53999e+01
1.38413e+02	2.51994e+01
1.42214e+02	2.49926e+01
1.46119e+02	2.47799e+01
1.50131e+02	2.45615e+01
1.54254e+02	2.43379e+01
1.58489e+02	2.41093e+01
1.62841e+02	2.38759e+01
1.67313e+02	2.36383e+01
1.71907e+02	2.33965e+01
1.76628e+02	2.31509e+01
1.81478e+02	2.29019e+01
1.86461e+02	2.26496e+01
1.91581e+02	2.23943e+01
1.96842e+02	2.21364e+01
2.02247e+02	2.18760e+01
2.07801e+02	2.16135e+01
2.13507e+02	2.13490e+01
2.19370e+02	2.10829e+01
2.25393e+02	2.08153e+01
2.31583e+02	2.05465e+01
2.37942e+02	2.02767e+01
2.44476e+02	2.00061e+01
2.51189e+02	1.97349e+01
2.58086e+02	1.94634e+01
2.65173e+02	1.91916e+01
2.72455e+02	1.89199e+01
2.79936e+02	1.86483e+01
2.87623e+02	1.83771e+01
2.95521e+02	1.81063e+01
3.03636e+02	1.78363e+01
3.11974e+02	1.75674e+01
3.20540e+02	1.72997e+01
3.29342e+02	1.70332e+01
3.38385e+02	1.67680e+01
3.47677e+02	1.65041e+01
3.57224e+02	1.62418e+01
3.67034e+02	1.59810e+01
3.77112e+02	1.57220e+01
3.87467e+02	1.54648e+01
3.98107e+02	1.52095e+01
4.09039e+02	1.49561e+01
4.20271e+02	1.47049e+01
4.31811e+02	1.44558e+01
4.43669e+02	1.42090e+01
4.55852e+02	1.39644e+01
4.68369e+02	1.37222e+01
4.81230e+02	1.34825e+01
4.94445e+02	1.32452e+01
5.08022e+02	1.30104e+01
5.21972e+02	1.27782e+01
5.36305e+02	1.25486e+01
5.51032e+02	1.23217e+01
5.66163e+02	1.20975e+01
5.81709e+02	1.18760e+01
5.97683e+02	1.16573e+01
6.14095e+02	1.14413e+01
6.30957e+02	1.12281e+01
6.48283e+02	1.10178e+01
6.66085e+02	1.08102e+01
6.84375e+02	1.06055e+01
7.03168e+02	1.04037e+01
7.22476e+02	1.02046e+01
7.42315e+02	1.00085e+01
7.62699e+02	9.81515e+00
7.83642e+02	9.62467e+00
8.05160e+02	9.43705e+00
8.27270e+02	9.25226e+00
8.49986e+02	9.07031e+00
8.73326e+02	8.89117e+00
8.97307e+02	8.71486e+00
9.21947e+02	8.54134e+00
9.47263e+02	8.37060e+00
9.73274e+02	8.20264e+00
1.00000e+03	8.03743e+00
1.02746e+03	7.87495e+00
1.05567e+03	7.71519e+00
1.08466e+03	7.55812e+00
1.11444e+03	7.40372e+00
1.14505e+03	7.25197e+00
1.17649e+03	7.10285e+00
1.20880e+03	6.95633e+00
1.24199e+03	6.81238e+00
1.27609e+03	6.67099e+00
1.31113e+03	6.53211e+00
1.34714e+03	6.39573e+00
1.38413e+03	6.26182e+00
1.42214e+03	6.13035e+00
1.46119e+03	6.00129e+00
1.50131e+03	5.87461e+00
1.54254e+03	5.75028e+00
1.58489e+03	5.62827e+00
1.62841e+03	5.50855e+00
1.67313e+03	5.39109e+00
1.71907e+03	5.27586e+00
1.76628e+03	5.16284e+00
1.81478e+03	5.05197e+00
1.86461e+03	4.94325e+00
1.91581e+03	4.83664e+00
1.96842e+03	4.73210e+00
2.02247e+03	4.62960e+00
2.07801e+03	4.52912e+00
2.13507e+03	4.43062e+00
2.19370e+03	4.33407e+00
2.25393e+03	4.23944e+00
2.31583e+03	4.14670e+00
2.37942e+03	4.05583e+00
2.44476e+03	3.96678e+00
2.51189e+03	3.87953e+00
2.58086e+03	3.79405e+00
2.65173e+03	3.71032e+00
2.72455e+03	3.62829e+00
2.79936e+03	3.54794e+00
2.87623e+03	3.46925e+00
2.95521e+03	3.39217e+00
3.03636e+03	3.31670e+00
3.11974e+03	3.24279e+00
3.20540e+03	3.17042e+00
3.29342e+03	3.09956e+00
3.38386e+03	3.03018e+00
3.47677e+03	2.96226e+00
3.57224e+03	2.89577e+00
3.67034e+03	2.83068e+00
3.77112e+03	2.76697e+00
3.87468e+03	2.70462e+00
3.98107e+03	2.64359e+00
4.09039e+03	2.58386e+00
4.20271e+03	2.52541e+00
4.31811e+03	2.46821e+00
4.43669e+03	2.41224e+00
4.55852e+03	2.35747e+00
4.68369e+03	2.30389e+00
4.81230e+03	2.25146e+00
4.94445e+03	2.20017e+00
5.08022e+03	2.14999e+00
5.21972e+03	2.10091e+00
5.36305e+03	2.05289e+00
5.51032e+03	2.00592e+00
5.66163e+03	1.95998e+00
5.81709e+03	1.91505e+00
5.97683e+03	1.87110e+00
6.14095e+03	1.82812e+00
6.30957e+03	1.78609e+00
6.48283e+03	1.74498e+00
6.66085e+03	1.70478e+00
6.84375e+03	1.66548e+00
7.03168e+03	1.62704e+00
7.22476e+03	1.58946e+00
7.42315e+03	1.55271e+00
7.62699e+03	1.51679e+00
7.83642e+03	1.48166e+00
8.05160e+03	1.44732e+00
8.27270e+03	1.41375e+00
8.49986e+03	1.38093e+00
8.73326e+03	1.34884e+00
8.97307e+03	1.31748e+00
9.21947e+03	1.28683e+00
9.47263e+03	1.25686e+00
9.73274e+03	1.22757e+00
1.00000e+04	1.19894e+00
