# CH2CHCHO cross section
256
1.00000e+01	0.00000e+00
1.04618e+01	1.03716e-01
1.09450e+01	2.56595e-01
1.14505e+01	5.41252e-01
1.19793e+01	9.10181e-01
1.25325e+01	1.30033e+00
1.31113e+01	1.70660e+00
1.37169e+01	2.12451e+00
1.43504e+01	2.65083e+00
1.50131e+01	3.34023e+00
1.57065e+01	4.13435e+00
1.64318e+01	4.96374e+00
1.71907e+01	5.97587e+00
1.79846e+01	7.01003e+00
1.88152e+01	8.05657e+00
1.96842e+01	9.10706e+00
2.05933e+01	1.01541e+01
2.15444e+01	1.11922e+01
2.25393e+01	1.22802e+01
2.35803e+01	1.33533e+01
2.46693e+01	1.44249e+01
2.58086e+01	1.55031e+01
2.70006e+01	1.65557e+01
2.82475e+01	1.75779e+01
2.95521e+01	1.85660e+01
3.09169e+01	1.95470e+01
3.23448e+01	2.04964e+01
3.38385e+01	2.14055e+01
3.54013e+01	2.22719e+01
3.70363e+01	2.30933e+01
3.87467e+01	2.38780e+01
4.05362e+01	2.46253e+01
4.24083e+01	2.53250e+01
4.43669e+01	2.59759e+01
4.64159e+01	2.65774e+01
4.85595e+01	2.71289e+01
5.08022e+01	2.76303e+01
5.31484e+01	2.80815e+01
5.56030e+01	2.84828e+01
5.81709e+01	2.88347e+01
6.08575e+01	2.91377e+01
6.36681e+01	2.93926e+01
6.66085e+01	2.96005e+01
6.96847e+01	2.97623e+01
7.29030e+01	2.98791e+01
7.62699e+01	2.99525e+01
7.97923e+01	2.99836e+01
8.34773e+01	2.99739e+01
8.73326e+01	2.99251e+01
9.13659e+01	2.98387e+01
9.55855e+01	2.97163e+01
1.00000e+02	2.95597e+01
1.04618e+02	2.93706e+01
1.09450e+02	2.91506e+01
1.14505e+02	2.89017e+01
1.19793e+02	2.86255e+01
1.25325e+02	2.83237e+01
1.31113e+02	2.79982e+01
1.37169e+02	2.76508e+01
1.43504e+02	2.72830e+01
1.50131e+02	2.68966e+01
1.57065e+02	2.64933e+01
1.64318e+02	2.60746e+01
1.71907e+02	2.56422e+01
1.79846e+02	2.51976e+01
1.88152e+02	2.47422e+01
1.96842e+02	2.42776e+01
2.05933e+02	2.38050e+01
2.15444e+02	2.33257e+01
2.25393e+02	2.28411e+01
2.35803e+02	2.23523e+01
2.46693e+02	2.18605e+01
2.58086e+02	2.13668e+01
2.70005e+02	2.08722e+01
2.82475e+02	2.03776e+01
2.95521e+02	1.98839e+01
3.09169e+02	1.93921e+01
3.23448e+02	1.89038e+01
3.38385e+02	1.84189e+01
3.54013e+02	1.79380e+01
3.70363e+02	1.74617e+01
3.87467e+02	1.69906e+01
4.05362e+02	1.65252e+01
4.24083e+02	1.60659e+01
4.43669e+02	1.56131e+01
4.64159e+02	1.51672e+01
4.85595e+02	1.47286e+01
5.08022e+02	1.42975e+01
5.31484e+02	1.38741e+01
5.56030e+02	1.34588e+01
5.81709e+02	1.30517e+01
6.08574e+02	1.26530e+01
6.36681e+02	1.22627e+01
6.66085e+02	1.18809e+01
6.96847e+02	1.15078e+01
7.29029e+02	1.11433e+01
7.62699e+02	1.07875e+01
7.97923e+02	1.04403e+01
8.34773e+02	1.01019e+01
8.73326e+02	9.77199e+00
9.13659e+02	9.45072e+00
9.55855e+02	9.13795e+00
1.00000e+03	8.83361e+00
1.04618e+03	8.53761e+00
1.09450e+03	8.24986e+00
1.14505e+03	7.97023e+00
1.19793e+03	7.69862e+00
1.25325e+03	7.43490e+00
1.31113e+03	7.17894e+00
1.37169e+03	6.93059e+00
1.43504e+03	6.68971e+00
1.50131e+03	6.45617e+00
1.57065e+03	6.22981e+00
1.64318e+03	6.01047e+00
1.71907e+03	5.79801e+00
1.79846e+03	5.59227e+00
1.88152e+03	5.39308e+00
1.96842e+03	5.20030e+00
2.05933e+03	5.01376e+00
2.15443e+03	4.83330e+00
2.25393e+03	4.65878e+00
2.35803e+03	4.49003e+00
2.46693e+03	4.32690e+00
2.58086e+03	4.16924e+00
2.70005e+03	4.01689e+00
2.82475e+03	3.86970e+00
2.95521e+03	3.72753e+00
3.09169e+03	3.59023e+00
3.23448e+03	3.45766e+00
3.38386e+03	3.32968e+00
3.54013e+03	3.20615e+00
3.70363e+03	3.08693e+00
3.87468e+03	2.97189e+00
4.05362e+03	2.86090e+00
4.24083e+03	2.75384e+00
4.43669e+03	2.65057e+00
4.64159e+03	2.55099e+00
4.85595e+03	2.45496e+00
5.08022e+03	2.36238e+00
5.31484e+03	2.27314e+00
5.56030e+03	2.18711e+00
5.81709e+03	2.10420e+00
6.08574e+03	2.02431e+00
6.36681e+03	1.94732e+00
6.66085e+03	1.87315e+00
6.96847e+03	1.80170e+00
7.29030e+03	1.73287e+00
7.62699e+03	1.66658e+00
7.97923e+03	1.60273e+00
8.34773e+03	1.54125e+00
8.73326e+03	1.48204e+00
9.13659e+03	1.42504e+00
9.55855e+03	1.37016e+00
1.00000e+04	1.31733e+00
1.04618e+04	1.26648e+00
1.09450e+04	1.21753e+00
1.14505e+04	1.17042e+00
1.19793e+04	1.12508e+00
1.25325e+04	1.08146e+00
1.31113e+04	1.03948e+00
1.37169e+04	9.99084e-01
1.43504e+04	9.60222e-01
1.50131e+04	9.22834e-01
1.57065e+04	8.86868e-01
1.64318e+04	8.52270e-01
1.71907e+04	8.18991e-01
1.79847e+04	7.86983e-01
1.88152e+04	7.56198e-01
1.96842e+04	7.26592e-01
2.05933e+04	6.98121e-01
2.15443e+04	6.70743e-01
2.25393e+04	6.44416e-01
2.35803e+04	6.19103e-01
2.46693e+04	5.94765e-01
2.58086e+04	5.71366e-01
2.70005e+04	5.48870e-01
2.82475e+04	5.27244e-01
2.95521e+04	5.06455e-01
3.09169e+04	4.86471e-01
3.23448e+04	4.67262e-01
3.38386e+04	4.48799e-01
3.54013e+04	4.31053e-01
3.70363e+04	4.13998e-01
3.87468e+04	3.97607e-01
4.05362e+04	3.81855e-01
4.24083e+04	3.66717e-01
4.43669e+04	3.52170e-01
4.64159e+04	3.38191e-01
4.85595e+04	3.24760e-01
5.08022e+04	3.11854e-01
5.31484e+04	2.99454e-01
5.56030e+04	2.87540e-01
5.81709e+04	2.76093e-01
6.08574e+04	2.65096e-01
6.36681e+04	2.54531e-01
6.66085e+04	2.44382e-01
6.96847e+04	2.34632e-01
7.29029e+04	2.25266e-01
7.62699e+04	2.16270e-01
7.97923e+04	2.07628e-01
8.34773e+04	1.99327e-01
8.73326e+04	1.91354e-01
9.13659e+04	1.83697e-01
9.55855e+04	1.76342e-01
1.00000e+05	1.69278e-01
1.04618e+05	1.62494e-01
1.09450e+05	1.55979e-01
1.14505e+05	1.49722e-01
1.19793e+05	1.43713e-01
1.25325e+05	1.37943e-01
1.31113e+05	1.32403e-01
1.37169e+05	1.27082e-01
1.43504e+05	1.21973e-01
1.50131e+05	1.17067e-01
1.57065e+05	1.12356e-01
1.64318e+05	1.07834e-01
1.71907e+05	1.03491e-01
1.79846e+05	9.93215e-02
1.88152e+05	9.53184e-02
1.96842e+05	9.14752e-02
2.05933e+05	8.77853e-02
2.15444e+05	8.42430e-02
2.25393e+05	8.08422e-02
2.35803e+05	7.75775e-02
2.46693e+05	7.44434e-02
2.58086e+05	7.14348e-02
2.70006e+05	6.85467e-02
2.82475e+05	6.57743e-02
2.95521e+05	6.31131e-02
3.09169e+05	6.05587e-02
3.23448e+05	5.81067e-02
3.38386e+05	5.57532e-02
3.54013e+05	5.34942e-02
3.70363e+05	5.13260e-02
3.87468e+05	4.92449e-02
4.05362e+05	4.72475e-02
4.24083e+05	4.53305e-02
4.43669e+05	4.34907e-02
4.64159e+05	4.17249e-02
4.85595e+05	4.00303e-02
5.08022e+05	3.84039e-02
5.31484e+05	3.68431e-02
5.56030e+05	3.53453e-02
5.81709e+05	3.39079e-02
6.08574e+05	3.25285e-02
6.36680e+05	3.12049e-02
6.66085e+05	2.99346e-02
6.96847e+05	2.87158e-02
7.29030e+05	2.75461e-02
7.62699e+05	2.64238e-02
7.97923e+05	2.53469e-02
8.34773e+05	2.43136e-02
8.73326e+05	2.33221e-02
9.13659e+05	2.23707e-02
9.55855e+05	2.14579e-02
1.00000e+06	2.05821e-02
