# CH2NH cross section
256
1.00000e+01	5.99400e-01	5.99400e-01
1.04618e+01	7.57045e-01	7.57045e-01
1.09450e+01	9.18226e-01	9.18226e-01
1.14505e+01	1.11112e+00	1.08164e+00
1.19793e+01	1.38312e+00	1.24613e+00
1.25325e+01	1.70626e+00	1.41070e+00
1.31113e+01	2.03950e+00	1.60194e+00
1.37169e+01	2.39155e+00	1.82831e+00
1.43504e+01	2.79602e+00	2.07671e+00
1.50131e+01	3.20704e+00	2.36503e+00
1.57065e+01	3.66703e+00	2.65752e+00
1.64318e+01	4.21079e+00	2.95183e+00
1.71907e+01	4.84535e+00	3.24588e+00
1.79846e+01	5.49556e+00	3.53786e+00
1.88152e+01	6.15045e+00	3.82619e+00
1.96842e+01	6.80492e+00	4.10992e+00
2.05933e+01	7.45455e+00	4.42165e+00
2.15444e+01	8.09546e+00	4.72902e+00
2.25393e+01	8.74129e+00	5.03043e+00
2.35803e+01	9.38742e+00	5.32448e+00
2.46693e+01	1.00245e+01	5.60996e+00
2.58086e+01	1.06632e+01	5.88584e+00
2.70006e+01	1.12835e+01	6.17370e+00
2.82475e+01	1.18829e+01	6.46039e+00
2.95521e+01	1.24592e+01	6.75429e+00
3.09169e+01	1.30175e+01	7.03843e+00
3.23448e+01	1.35598e+01	7.33252e+00
3.38385e+01	1.40781e+01	7.63072e+00
3.54013e+01	1.45803e+01	7.91819e+00
3.70363e+01	1.50548e+01	8.19349e+00
3.87467e+01	1.55006e+01	8.45540e+00
4.05362e+01	1.59168e+01	8.70296e+00
4.24083e+01	1.63028e+01	8.93536e+00
4.43669e+01	1.66581e+01	9.15198e+00
4.64159e+01	1.69825e+01	9.35233e+00
4.85595e+01	1.72758e+01	9.53608e+00
5.08022e+01	1.75383e+01	9.70300e+00
5.31484e+01	1.77699e+01	9.85299e+00
5.56030e+01	1.79712e+01	9.98604e+00
5.81709e+01	1.81424e+01	1.01022e+01
6.08575e+01	1.82841e+01	1.02017e+01
6.36681e+01	1.83969e+01	1.02846e+01
6.66085e+01	1.84815e+01	1.03514e+01
6.96847e+01	1.85388e+01	1.04023e+01
7.29030e+01	1.85694e+01	1.04377e+01
7.62699e+01	1.85743e+01	1.04606e+01
7.97923e+01	1.85545e+01	1.04706e+01
8.34773e+01	1.85109e+01	1.04668e+01
8.73326e+01	1.84445e+01	1.04496e+01
9.13659e+01	1.83563e+01	1.04196e+01
9.55855e+01	1.82475e+01	1.03771e+01
1.00000e+02	1.81191e+01	1.03229e+01
1.04618e+02	1.79722e+01	1.02574e+01
1.09450e+02	1.78079e+01	1.01831e+01
1.14505e+02	1.76273e+01	1.00991e+01
1.19793e+02	1.74315e+01	1.00056e+01
1.25325e+02	1.72216e+01	9.90332e+00
1.31113e+02	1.69986e+01	9.79278e+00
1.37169e+02	1.67636e+01	9.67453e+00
1.43504e+02	1.65177e+01	9.54916e+00
1.50131e+02	1.62618e+01	9.41723e+00
1.57065e+02	1.59970e+01	9.27929e+00
1.64318e+02	1.57242e+01	9.13588e+00
1.71907e+02	1.54444e+01	8.98756e+00
1.79846e+02	1.51585e+01	8.83484e+00
1.88152e+02	1.48673e+01	8.67822e+00
1.96842e+02	1.45717e+01	8.51822e+00
2.05933e+02	1.42724e+01	8.35529e+00
2.15444e+02	1.39702e+01	8.18990e+00
2.25393e+02	1.36659e+01	8.02249e+00
2.35803e+02	1.33602e+01	7.85348e+00
2.46693e+02	1.30536e+01	7.68363e+00
2.58086e+02	1.27468e+01	7.51305e+00
2.70005e+02	1.24404e+01	7.34204e+00
2.82475e+02	1.21349e+01	7.17090e+00
2.95521e+02	1.18308e+01	6.99997e+00
3.09169e+02	1.15287e+01	6.82952e+00
3.23448e+02	1.12291e+01	6.65984e+00
3.38385e+02	1.09323e+01	6.49117e+00
3.54013e+02	1.06386e+01	6.32375e+00
3.70363e+02	1.03482e+01	6.15787e+00
3.87467e+02	1.00616e+01	5.99379e+00
4.05362e+02	9.77894e+00	5.83157e+00
4.24083e+02	9.50050e+00	5.67138e+00
4.43669e+02	9.22666e+00	5.51337e+00
4.64159e+02	8.95746e+00	5.35766e+00
4.85595e+02	8.69305e+00	5.20437e+00
5.08022e+02	8.43357e+00	5.05363e+00
5.31484e+02	8.17915e+00	4.90550e+00
5.56030e+02	7.92987e+00	4.76009e+00
5.81709e+02	7.68583e+00	4.61744e+00
6.08574e+02	7.44708e+00	4.47763e+00
6.36681e+02	7.21367e+00	4.34070e+00
6.66085e+02	6.98563e+00	4.20669e+00
6.96847e+02	6.76298e+00	4.07563e+00
7.29029e+02	6.54573e+00	3.94754e+00
7.62699e+02	6.33387e+00	3.82243e+00
7.97923e+02	6.12737e+00	3.70031e+00
8.34773e+02	5.92621e+00	3.58117e+00
8.73326e+02	5.73036e+00	3.46501e+00
9.13659e+02	5.53976e+00	3.35182e+00
9.55855e+02	5.35437e+00	3.24157e+00
1.00000e+03	5.17412e+00	3.13425e+00
1.04618e+03	4.99894e+00	3.02982e+00
1.09450e+03	4.82877e+00	2.92826e+00
1.14505e+03	4.66353e+00	2.82953e+00
1.19793e+03	4.50313e+00	2.73359e+00
1.25325e+03	4.34750e+00	2.64040e+00
1.31113e+03	4.19654e+00	2.54992e+00
1.37169e+03	4.05016e+00	2.46210e+00
1.43504e+03	3.90827e+00	2.37690e+00
1.50131e+03	3.77078e+00	2.29426e+00
1.57065e+03	3.63759e+00	2.21414e+00
1.64318e+03	3.50860e+00	2.13647e+00
1.71907e+03	3.38372e+00	2.06123e+00
1.79846e+03	3.26285e+00	1.98834e+00
1.88152e+03	3.14588e+00	1.91775e+00
1.96842e+03	3.03273e+00	1.84942e+00
2.05933e+03	2.92329e+00	1.78329e+00
2.15443e+03	2.81747e+00	1.71929e+00
2.25393e+03	2.71516e+00	1.65739e+00
2.35803e+03	2.61628e+00	1.59752e+00
2.46693e+03	2.52073e+00	1.53963e+00
2.58086e+03	2.42842e+00	1.48367e+00
2.70005e+03	2.33925e+00	1.42959e+00
2.82475e+03	2.25313e+00	1.37733e+00
2.95521e+03	2.16997e+00	1.32684e+00
3.09169e+03	2.08969e+00	1.27807e+00
3.23448e+03	2.01220e+00	1.23098e+00
3.38386e+03	1.93741e+00	1.18551e+00
3.54013e+03	1.86524e+00	1.14161e+00
3.70363e+03	1.79561e+00	1.09924e+00
3.87468e+03	1.72844e+00	1.05835e+00
4.05362e+03	1.66366e+00	1.01889e+00
4.24083e+03	1.60118e+00	9.80827e-01
4.43669e+03	1.54093e+00	9.44109e-01
4.64159e+03	1.48285e+00	9.08694e-01
4.85595e+03	1.42685e+00	8.74543e-01
5.08022e+03	1.37287e+00	8.41613e-01
5.31484e+03	1.32085e+00	8.09865e-01
5.56030e+03	1.27072e+00	7.79260e-01
5.81709e+03	1.22241e+00	7.49762e-01
6.08574e+03	1.17587e+00	7.21333e-01
6.36681e+03	1.13103e+00	6.93937e-01
6.66085e+03	1.08784e+00	6.67540e-01
6.96847e+03	1.04623e+00	6.42108e-01
7.29030e+03	1.00617e+00	6.17609e-01
7.62699e+03	9.67581e-01	5.94010e-01
7.97923e+03	9.30426e-01	5.71281e-01
8.34773e+03	8.94652e-01	5.49391e-01
8.73326e+03	8.60210e-01	5.28312e-01
9.13659e+03	8.27053e-01	5.08015e-01
9.55855e+03	7.95136e-01	4.88473e-01
1.00000e+04	7.64415e-01	4.69659e-01
1.04618e+04	7.34847e-01	4.51548e-01
1.09450e+04	7.06391e-01	4.34115e-01
1.14505e+04	6.79008e-01	4.17336e-01
1.19793e+04	6.52658e-01	4.01187e-01
1.25325e+04	6.27304e-01	3.85645e-01
1.31113e+04	6.02910e-01	3.70690e-01
1.37169e+04	5.79441e-01	3.56300e-01
1.43504e+04	5.56864e-01	3.42454e-01
1.50131e+04	5.35147e-01	3.29133e-01
1.57065e+04	5.14257e-01	3.16318e-01
1.64318e+04	4.94164e-01	3.03989e-01
1.71907e+04	4.74838e-01	2.92130e-01
1.79847e+04	4.56253e-01	2.80724e-01
1.88152e+04	4.38379e-01	2.69753e-01
1.96842e+04	4.21192e-01	2.59201e-01
2.05933e+04	4.04664e-01	2.49053e-01
2.15443e+04	3.88773e-01	2.39295e-01
2.25393e+04	3.73493e-01	2.29911e-01
2.35803e+04	3.58803e-01	2.20887e-01
2.46693e+04	3.44680e-01	2.12211e-01
2.58086e+04	3.31102e-01	2.03870e-01
2.70005e+04	3.18050e-01	1.95850e-01
2.82475e+04	3.05503e-01	1.88139e-01
2.95521e+04	2.93443e-01	1.80727e-01
3.09169e+04	2.81851e-01	1.73602e-01
3.23448e+04	2.70709e-01	1.66752e-01
3.38386e+04	2.60000e-01	1.60169e-01
3.54013e+04	2.49709e-01	1.53841e-01
3.70363e+04	2.39818e-01	1.47759e-01
3.87468e+04	2.30313e-01	1.41913e-01
4.05362e+04	2.21179e-01	1.36295e-01
4.24083e+04	2.12402e-01	1.30896e-01
4.43669e+04	2.03968e-01	1.25708e-01
4.64159e+04	1.95864e-01	1.20722e-01
4.85595e+04	1.88077e-01	1.15931e-01
5.08022e+04	1.80596e-01	1.11327e-01
5.31484e+04	1.73408e-01	1.06904e-01
5.56030e+04	1.66502e-01	1.02654e-01
5.81709e+04	1.59868e-01	9.85704e-02
6.08574e+04	1.53495e-01	9.46470e-02
6.36681e+04	1.47372e-01	9.08778e-02
6.66085e+04	1.41491e-01	8.72567e-02
6.96847e+04	1.35841e-01	8.37780e-02
7.29029e+04	1.30414e-01	8.04361e-02
7.62699e+04	1.25201e-01	7.72259e-02
7.97923e+04	1.20194e-01	7.41423e-02
8.34773e+04	1.15385e-01	7.11802e-02
8.73326e+04	1.10766e-01	6.83350e-02
9.13659e+04	1.06330e-01	6.56022e-02
9.55855e+04	1.02070e-01	6.29774e-02
1.00000e+05	9.79778e-02	6.04564e-02
1.04618e+05	9.40483e-02	5.80351e-02
1.09450e+05	9.02746e-02	5.57098e-02
1.14505e+05	8.66507e-02	5.34765e-02
1.19793e+05	8.31708e-02	5.13318e-02
1.25325e+05	7.98291e-02	4.92721e-02
1.31113e+05	7.66202e-02	4.72942e-02
1.37169e+05	7.35390e-02	4.53949e-02
1.43504e+05	7.05805e-02	4.35710e-02
1.50131e+05	6.77398e-02	4.18196e-02
1.57065e+05	6.50122e-02	4.01380e-02
1.64318e+05	6.23935e-02	3.85232e-02
1.71907e+05	5.98791e-02	3.69728e-02
1.79846e+05	5.74651e-02	3.54841e-02
1.88152e+05	5.51476e-02	3.40548e-02
1.96842e+05	5.29226e-02	3.26825e-02
2.05933e+05	5.07865e-02	3.13650e-02
2.15444e+05	4.87358e-02	3.01001e-02
2.25393e+05	4.67673e-02	2.88857e-02
2.35803e+05	4.48774e-02	2.77198e-02
2.46693e+05	4.30633e-02	2.66006e-02
2.58086e+05	4.13219e-02	2.55262e-02
2.70006e+05	3.96503e-02	2.44947e-02
2.82475e+05	3.80457e-02	2.35046e-02
2.95521e+05	3.65055e-02	2.25541e-02
3.09169e+05	3.50271e-02	2.16418e-02
3.23448e+05	3.36081e-02	2.07660e-02
3.38386e+05	3.22461e-02	1.99254e-02
3.54013e+05	3.09388e-02	1.91185e-02
3.70363e+05	2.96841e-02	1.83440e-02
3.87468e+05	2.84799e-02	1.76006e-02
4.05362e+05	2.73241e-02	1.68871e-02
4.24083e+05	2.62149e-02	1.62023e-02
4.43669e+05	2.51503e-02	1.55450e-02
4.64159e+05	2.41286e-02	1.49142e-02
4.85595e+05	2.31481e-02	1.43088e-02
5.08022e+05	2.22072e-02	1.37277e-02
5.31484e+05	2.13042e-02	1.31701e-02
5.56030e+05	2.04377e-02	1.26350e-02
5.81709e+05	1.96061e-02	1.21214e-02
6.08574e+05	1.88081e-02	1.16285e-02
6.36680e+05	1.80424e-02	1.11556e-02
6.66085e+05	1.73076e-02	1.07017e-02
6.96847e+05	1.66025e-02	1.02661e-02
7.29030e+05	1.59260e-02	9.84820e-03
7.62699e+05	1.52768e-02	9.44714e-03
7.97923e+05	1.46539e-02	9.06230e-03
8.34773e+05	1.40562e-02	8.69303e-03
8.73326e+05	1.34827e-02	8.33870e-03
9.13659e+05	1.29325e-02	7.99871e-03
9.55855e+05	1.24046e-02	7.67248e-03
1.00000e+06	1.18980e-02	7.35947e-03
