# CH2SH cross section
256
1.00000e+01	8.70579e-01
1.02746e+01	9.69984e-01
1.05567e+01	1.07024e+00
1.08466e+01	1.21938e+00
1.11445e+01	1.37264e+00
1.14505e+01	1.52873e+00
1.17649e+01	1.70479e+00
1.20880e+01	1.91300e+00
1.24199e+01	2.13899e+00
1.27609e+01	2.42084e+00
1.31113e+01	2.71741e+00
1.34714e+01	3.01977e+00
1.38413e+01	3.32681e+00
1.42214e+01	3.63748e+00
1.46119e+01	3.98737e+00
1.50131e+01	4.37265e+00
1.54254e+01	4.76261e+00
1.58489e+01	5.15598e+00
1.62841e+01	5.57375e+00
1.67313e+01	6.03645e+00
1.71907e+01	6.50276e+00
1.76628e+01	6.97128e+00
1.81478e+01	7.44067e+00
1.86461e+01	7.90973e+00
1.91581e+01	8.37734e+00
1.96842e+01	8.84245e+00
2.02247e+01	9.30412e+00
2.07801e+01	9.76147e+00
2.13507e+01	1.02137e+01
2.19370e+01	1.06601e+01
2.25393e+01	1.11167e+01
2.31583e+01	1.15678e+01
2.37942e+01	1.20184e+01
2.44475e+01	1.24702e+01
2.51189e+01	1.29147e+01
2.58086e+01	1.33513e+01
2.65173e+01	1.37792e+01
2.72455e+01	1.41980e+01
2.79936e+01	1.46072e+01
2.87623e+01	1.50154e+01
2.95521e+01	1.54219e+01
3.03636e+01	1.58223e+01
3.11974e+01	1.62124e+01
3.20540e+01	1.65918e+01
3.29342e+01	1.69603e+01
3.38385e+01	1.73173e+01
3.47677e+01	1.76626e+01
3.57225e+01	1.79959e+01
3.67034e+01	1.83170e+01
3.77112e+01	1.86256e+01
3.87467e+01	1.89217e+01
3.98107e+01	1.92050e+01
4.09039e+01	1.94753e+01
4.20271e+01	1.97328e+01
4.31811e+01	1.99772e+01
4.43669e+01	2.02085e+01
4.55852e+01	2.04267e+01
4.68369e+01	2.06318e+01
4.81230e+01	2.08239e+01
4.94445e+01	2.10029e+01
5.08022e+01	2.11690e+01
5.21972e+01	2.13221e+01
5.36305e+01	2.14625e+01
5.51032e+01	2.15902e+01
5.66163e+01	2.17052e+01
5.81709e+01	2.18079e+01
5.97683e+01	2.18983e+01
6.14095e+01	2.19765e+01
6.30957e+01	2.20428e+01
6.48283e+01	2.20973e+01
6.66085e+01	2.21403e+01
6.84375e+01	2.21719e+01
7.03168e+01	2.21923e+01
7.22476e+01	2.22018e+01
7.42315e+01	2.22005e+01
7.62699e+01	2.21888e+01
7.83642e+01	2.21669e+01
8.05160e+01	2.21349e+01
8.27270e+01	2.20932e+01
8.49986e+01	2.20421e+01
8.73326e+01	2.19817e+01
8.97307e+01	2.19123e+01
9.21947e+01	2.18343e+01
9.47263e+01	2.17479e+01
9.73274e+01	2.16533e+01
1.00000e+02	2.15508e+01
1.02746e+02	2.14407e+01
1.05567e+02	2.13234e+01
1.08466e+02	2.11989e+01
1.11445e+02	2.10677e+01
1.14505e+02	2.09300e+01
1.17649e+02	2.07861e+01
1.20880e+02	2.06363e+01
1.24199e+02	2.04808e+01
1.27609e+02	2.03198e+01
1.31113e+02	2.01537e+01
1.34714e+02	1.99828e+01
1.38413e+02	1.98073e+01
1.42214e+02	1.96274e+01
1.46119e+02	1.94434e+01
1.50131e+02	1.92555e+01
1.54254e+02	1.90641e+01
1.58489e+02	1.88693e+01
1.62841e+02	1.86714e+01
1.67313e+02	1.84705e+01
1.71907e+02	1.82671e+01
1.76628e+02	1.80612e+01
1.81478e+02	1.78532e+01
1.86461e+02	1.76444e+01
1.91581e+02	1.74338e+01
1.96842e+02	1.72218e+01
2.02247e+02	1.70084e+01
2.07801e+02	1.67938e+01
2.13507e+02	1.65783e+01
2.19370e+02	1.63620e+01
2.25393e+02	1.61450e+01
2.31583e+02	1.59276e+01
2.37942e+02	1.57099e+01
2.44476e+02	1.54920e+01
2.51189e+02	1.52744e+01
2.58086e+02	1.50569e+01
2.65173e+02	1.48397e+01
2.72455e+02	1.46229e+01
2.79936e+02	1.44066e+01
2.87623e+02	1.41910e+01
2.95521e+02	1.39761e+01
3.03636e+02	1.37621e+01
3.11974e+02	1.35493e+01
3.20540e+02	1.33376e+01
3.29342e+02	1.31271e+01
3.38385e+02	1.29178e+01
3.47677e+02	1.27099e+01
3.57224e+02	1.25035e+01
3.67034e+02	1.22986e+01
3.77112e+02	1.20952e+01
3.87467e+02	1.18935e+01
3.98107e+02	1.16935e+01
4.09039e+02	1.14953e+01
4.20271e+02	1.12989e+01
4.31811e+02	1.11044e+01
4.43669e+02	1.09118e+01
4.55852e+02	1.07212e+01
4.68369e+02	1.05326e+01
4.81230e+02	1.03460e+01
4.94445e+02	1.01615e+01
5.08022e+02	9.97915e+00
5.21972e+02	9.79892e+00
5.36305e+02	9.62085e+00
5.51032e+02	9.44497e+00
5.66163e+02	9.27129e+00
5.81709e+02	9.09983e+00
5.97683e+02	8.93060e+00
6.14095e+02	8.76363e+00
6.30957e+02	8.59890e+00
6.48283e+02	8.43645e+00
6.66085e+02	8.27626e+00
6.84375e+02	8.11834e+00
7.03168e+02	7.96269e+00
7.22476e+02	7.80932e+00
7.42315e+02	7.65821e+00
7.62699e+02	7.50937e+00
7.83642e+02	7.36279e+00
8.05160e+02	7.21846e+00
8.27270e+02	7.07637e+00
8.49986e+02	6.93652e+00
8.73326e+02	6.79890e+00
8.97307e+02	6.66348e+00
9.21947e+02	6.53026e+00
9.47263e+02	6.39922e+00
9.73274e+02	6.27035e+00
1.00000e+03	6.14363e+00
1.02746e+03	6.01905e+00
1.05567e+03	5.89658e+00
1.08466e+03	5.77621e+00
1.11444e+03	5.65792e+00
1.14505e+03	5.54168e+00
1.17649e+03	5.42748e+00
1.20880e+03	5.31530e+00
1.24199e+03	5.20512e+00
1.27609e+03	5.09690e+00
1.31113e+03	4.99064e+00
1.34714e+03	4.88630e+00
1.38413e+03	4.78387e+00
1.42214e+03	4.68332e+00
1.46119e+03	4.58463e+00
1.50131e+03	4.48778e+00
1.54254e+03	4.39273e+00
1.58489e+03	4.29947e+00
1.62841e+03	4.20797e+00
1.67313e+03	4.11820e+00
1.71907e+03	4.03015e+00
1.76628e+03	3.94379e+00
1.81478e+03	3.85910e+00
1.86461e+03	3.77604e+00
1.91581e+03	3.69460e+00
1.96842e+03	3.61475e+00
2.02247e+03	3.53646e+00
2.07801e+03	3.45972e+00
2.13507e+03	3.38449e+00
2.19370e+03	3.31076e+00
2.25393e+03	3.23850e+00
2.31583e+03	3.16768e+00
2.37942e+03	3.09829e+00
2.44476e+03	3.03030e+00
2.51189e+03	2.96368e+00
2.58086e+03	2.89841e+00
2.65173e+03	2.83448e+00
2.72455e+03	2.77185e+00
2.79936e+03	2.71051e+00
2.87623e+03	2.65043e+00
2.95521e+03	2.59159e+00
3.03636e+03	2.53397e+00
3.11974e+03	2.47754e+00
3.20540e+03	2.42229e+00
3.29342e+03	2.36819e+00
3.38386e+03	2.31522e+00
3.47677e+03	2.26337e+00
3.57224e+03	2.21261e+00
3.67034e+03	2.16291e+00
3.77112e+03	2.11427e+00
3.87468e+03	2.06666e+00
3.98107e+03	2.02007e+00
4.09039e+03	1.97446e+00
4.20271e+03	1.92983e+00
4.31811e+03	1.88616e+00
4.43669e+03	1.84342e+00
4.55852e+03	1.80160e+00
4.68369e+03	1.76068e+00
4.81230e+03	1.72065e+00
4.94445e+03	1.68148e+00
5.08022e+03	1.64316e+00
5.21972e+03	1.60568e+00
5.36305e+03	1.56901e+00
5.51032e+03	1.53313e+00
5.66163e+03	1.49805e+00
5.81709e+03	1.46373e+00
5.97683e+03	1.43016e+00
6.14095e+03	1.39733e+00
6.30957e+03	1.36523e+00
6.48283e+03	1.33383e+00
6.66085e+03	1.30312e+00
6.84375e+03	1.27310e+00
7.03168e+03	1.24374e+00
7.22476e+03	1.21503e+00
7.42315e+03	1.18695e+00
7.62699e+03	1.15951e+00
7.83642e+03	1.13267e+00
8.05160e+03	1.10644e+00
8.27270e+03	1.08079e+00
8.49986e+03	1.05571e+00
8.73326e+03	1.03120e+00
8.97307e+03	1.00723e+00
9.21947e+03	9.83808e-01
9.47263e+03	9.60910e-01
9.73274e+03	9.38528e-01
1.00000e+04	9.16651e-01
