# CH3 cross section
256
1.00000e+01	8.22249e-02	8.22249e-02
1.04618e+01	2.06460e-01	2.06460e-01
1.09450e+01	3.39510e-01	3.39510e-01
1.14505e+01	4.79323e-01	4.79323e-01
1.19793e+01	6.24099e-01	6.24099e-01
1.25325e+01	7.72261e-01	7.72261e-01
1.31113e+01	9.22428e-01	9.22428e-01
1.37169e+01	1.07339e+00	1.07339e+00
1.43504e+01	1.22410e+00	1.22410e+00
1.50131e+01	1.40664e+00	1.37363e+00
1.57065e+01	1.76725e+00	1.52117e+00
1.64318e+01	2.19130e+00	1.66604e+00
1.71907e+01	2.62860e+00	1.80762e+00
1.79846e+01	3.07402e+00	1.94539e+00
1.88152e+01	3.52307e+00	2.07889e+00
1.96842e+01	3.97186e+00	2.20774e+00
2.05933e+01	4.41702e+00	2.33160e+00
2.15444e+01	4.85564e+00	2.45019e+00
2.25393e+01	5.28520e+00	2.56327e+00
2.35803e+01	5.70811e+00	2.67066e+00
2.46693e+01	6.14339e+00	2.77218e+00
2.58086e+01	6.56634e+00	2.92033e+00
2.70006e+01	6.99838e+00	3.08701e+00
2.82475e+01	7.41761e+00	3.28927e+00
2.95521e+01	7.82115e+00	3.49129e+00
3.09169e+01	8.20748e+00	3.69107e+00
3.23448e+01	8.57533e+00	3.88692e+00
3.38385e+01	8.92367e+00	4.07739e+00
3.54013e+01	9.25168e+00	4.26125e+00
3.70363e+01	9.55874e+00	4.43749e+00
3.87467e+01	9.84440e+00	4.60528e+00
4.05362e+01	1.01083e+01	4.76393e+00
4.24083e+01	1.03504e+01	4.91290e+00
4.43669e+01	1.05706e+01	5.05178e+00
4.64159e+01	1.07690e+01	5.18027e+00
4.85595e+01	1.09457e+01	5.29814e+00
5.08022e+01	1.11009e+01	5.40530e+00
5.31484e+01	1.12351e+01	5.50168e+00
5.56030e+01	1.13487e+01	5.58731e+00
5.81709e+01	1.14420e+01	5.66227e+00
6.08575e+01	1.15157e+01	5.72670e+00
6.36681e+01	1.15703e+01	5.78078e+00
6.66085e+01	1.16064e+01	5.82472e+00
6.96847e+01	1.16247e+01	5.85878e+00
7.29030e+01	1.16259e+01	5.88324e+00
7.62699e+01	1.16107e+01	5.89842e+00
7.97923e+01	1.15798e+01	5.90464e+00
8.34773e+01	1.15339e+01	5.90226e+00
8.73326e+01	1.14739e+01	5.89163e+00
9.13659e+01	1.14005e+01	5.87315e+00
9.55855e+01	1.13144e+01	5.84837e+00
1.00000e+02	1.12165e+01	5.81806e+00
1.04618e+02	1.11075e+01	5.78122e+00
1.09450e+02	1.09882e+01	5.73818e+00
1.14505e+02	1.08594e+01	5.68930e+00
1.19793e+02	1.07217e+01	5.63493e+00
1.25325e+02	1.05759e+01	5.57542e+00
1.31113e+02	1.04228e+01	5.51114e+00
1.37169e+02	1.02629e+01	5.44341e+00
1.43504e+02	1.00971e+01	5.37207e+00
1.50131e+02	9.92593e+00	5.29709e+00
1.57065e+02	9.75004e+00	5.21876e+00
1.64318e+02	9.57003e+00	5.13740e+00
1.71907e+02	9.38651e+00	5.05331e+00
1.79846e+02	9.20001e+00	4.96679e+00
1.88152e+02	9.01108e+00	4.87812e+00
1.96842e+02	8.82022e+00	4.78759e+00
2.05933e+02	8.62792e+00	4.69545e+00
2.15444e+02	8.43462e+00	4.60198e+00
2.25393e+02	8.24075e+00	4.50742e+00
2.35803e+02	8.04671e+00	4.41201e+00
2.46693e+02	7.85288e+00	4.31596e+00
2.58086e+02	7.65961e+00	4.21950e+00
2.70005e+02	7.46723e+00	4.12282e+00
2.82475e+02	7.27604e+00	4.02612e+00
2.95521e+02	7.08631e+00	3.92956e+00
3.09169e+02	6.89839e+00	3.83333e+00
3.23448e+02	6.71269e+00	3.73756e+00
3.38385e+02	6.52919e+00	3.64241e+00
3.54013e+02	6.34806e+00	3.54800e+00
3.70363e+02	6.16948e+00	3.45447e+00
3.87467e+02	5.99361e+00	3.36191e+00
4.05362e+02	5.82056e+00	3.27044e+00
4.24083e+02	5.65046e+00	3.18013e+00
4.43669e+02	5.48342e+00	3.09109e+00
4.64159e+02	5.31951e+00	3.00338e+00
4.85595e+02	5.15881e+00	2.91706e+00
5.08022e+02	5.00139e+00	2.83220e+00
5.31484e+02	4.84730e+00	2.74885e+00
5.56030e+02	4.69657e+00	2.66704e+00
5.81709e+02	4.54923e+00	2.58683e+00
6.08574e+02	4.40530e+00	2.50823e+00
6.36681e+02	4.26479e+00	2.43127e+00
6.66085e+02	4.12770e+00	2.35598e+00
6.96847e+02	3.99403e+00	2.28237e+00
7.29029e+02	3.86376e+00	2.21044e+00
7.62699e+02	3.73688e+00	2.14021e+00
7.97923e+02	3.61335e+00	2.07167e+00
8.34773e+02	3.49315e+00	2.00482e+00
8.73326e+02	3.37624e+00	1.93966e+00
9.13659e+02	3.26258e+00	1.87618e+00
9.55855e+02	3.15213e+00	1.81436e+00
1.00000e+03	3.04485e+00	1.75419e+00
1.04618e+03	2.94068e+00	1.69566e+00
1.09450e+03	2.83957e+00	1.63875e+00
1.14505e+03	2.74147e+00	1.58343e+00
1.19793e+03	2.64632e+00	1.52968e+00
1.25325e+03	2.55406e+00	1.47749e+00
1.31113e+03	2.46464e+00	1.42681e+00
1.37169e+03	2.37799e+00	1.37764e+00
1.43504e+03	2.29405e+00	1.32993e+00
1.50131e+03	2.21276e+00	1.28367e+00
1.57065e+03	2.13407e+00	1.23882e+00
1.64318e+03	2.05790e+00	1.19535e+00
1.71907e+03	1.98419e+00	1.15324e+00
1.79846e+03	1.91289e+00	1.11245e+00
1.88152e+03	1.84393e+00	1.07295e+00
1.96842e+03	1.77724e+00	1.03472e+00
2.05933e+03	1.71277e+00	9.97719e-01
2.15443e+03	1.65047e+00	9.61919e-01
2.25393e+03	1.59025e+00	9.27290e-01
2.35803e+03	1.53208e+00	8.93801e-01
2.46693e+03	1.47588e+00	8.61422e-01
2.58086e+03	1.42161e+00	8.30123e-01
2.70005e+03	1.36921e+00	7.99875e-01
2.82475e+03	1.31861e+00	7.70647e-01
2.95521e+03	1.26977e+00	7.42412e-01
3.09169e+03	1.22264e+00	7.15140e-01
3.23448e+03	1.17715e+00	6.88803e-01
3.38386e+03	1.13327e+00	6.63375e-01
3.54013e+03	1.09093e+00	6.38827e-01
3.70363e+03	1.05009e+00	6.15134e-01
3.87468e+03	1.01071e+00	5.92268e-01
4.05362e+03	9.72727e-01	5.70206e-01
4.24083e+03	9.36108e-01	5.48920e-01
4.43669e+03	9.00805e-01	5.28388e-01
4.64159e+03	8.66774e-01	5.08584e-01
4.85595e+03	8.33974e-01	4.89487e-01
5.08022e+03	8.02363e-01	4.71073e-01
5.31484e+03	7.71902e-01	4.53319e-01
5.56030e+03	7.42552e-01	4.36205e-01
5.81709e+03	7.14275e-01	4.19709e-01
6.08574e+03	6.87035e-01	4.03810e-01
6.36681e+03	6.60797e-01	3.88490e-01
6.66085e+03	6.35525e-01	3.73727e-01
6.96847e+03	6.11187e-01	3.59504e-01
7.29030e+03	5.87750e-01	3.45802e-01
7.62699e+03	5.65182e-01	3.32603e-01
7.97923e+03	5.43454e-01	3.19890e-01
8.34773e+03	5.22535e-01	3.07646e-01
8.73326e+03	5.02398e-01	2.95856e-01
9.13659e+03	4.83013e-01	2.84502e-01
9.55855e+03	4.64356e-01	2.73571e-01
1.00000e+04	4.46399e-01	2.63046e-01
1.04618e+04	4.29117e-01	2.52914e-01
1.09450e+04	4.12487e-01	2.43161e-01
1.14505e+04	3.96485e-01	2.33773e-01
1.19793e+04	3.81087e-01	2.24738e-01
1.25325e+04	3.66273e-01	2.16042e-01
1.31113e+04	3.52021e-01	2.07674e-01
1.37169e+04	3.38311e-01	1.99622e-01
1.43504e+04	3.25122e-01	1.91874e-01
1.50131e+04	3.12435e-01	1.84419e-01
1.57065e+04	3.00233e-01	1.77247e-01
1.64318e+04	2.88497e-01	1.70347e-01
1.71907e+04	2.77210e-01	1.63710e-01
1.79847e+04	2.66356e-01	1.57325e-01
1.88152e+04	2.55917e-01	1.51184e-01
1.96842e+04	2.45880e-01	1.45277e-01
2.05933e+04	2.36229e-01	1.39596e-01
2.15443e+04	2.26949e-01	1.34133e-01
2.25393e+04	2.18027e-01	1.28879e-01
2.35803e+04	2.09450e-01	1.23827e-01
2.46693e+04	2.01203e-01	1.18969e-01
2.58086e+04	1.93276e-01	1.14298e-01
2.70005e+04	1.85655e-01	1.09807e-01
2.82475e+04	1.78330e-01	1.05489e-01
2.95521e+04	1.71289e-01	1.01338e-01
3.09169e+04	1.64522e-01	9.73475e-02
3.23448e+04	1.58017e-01	9.35113e-02
3.38386e+04	1.51766e-01	8.98236e-02
3.54013e+04	1.45758e-01	8.62789e-02
3.70363e+04	1.39984e-01	8.28718e-02
3.87468e+04	1.34435e-01	7.95971e-02
4.05362e+04	1.29104e-01	7.64496e-02
4.24083e+04	1.23980e-01	7.34247e-02
4.43669e+04	1.19057e-01	7.05177e-02
4.64159e+04	1.14326e-01	6.77240e-02
4.85595e+04	1.09781e-01	6.50393e-02
5.08022e+04	1.05414e-01	6.24594e-02
5.31484e+04	1.01219e-01	5.99805e-02
5.56030e+04	9.71881e-02	5.75985e-02
5.81709e+04	9.33158e-02	5.53097e-02
6.08574e+04	8.95957e-02	5.31107e-02
6.36681e+04	8.60220e-02	5.09979e-02
6.66085e+04	8.25891e-02	4.89680e-02
6.96847e+04	7.92914e-02	4.70179e-02
7.29029e+04	7.61239e-02	4.51444e-02
7.62699e+04	7.30813e-02	4.33446e-02
7.97923e+04	7.01589e-02	4.16157e-02
8.34773e+04	6.73520e-02	3.99548e-02
8.73326e+04	6.46561e-02	3.83594e-02
9.13659e+04	6.20668e-02	3.68270e-02
9.55855e+04	5.95801e-02	3.53550e-02
1.00000e+05	5.71918e-02	3.39412e-02
1.04618e+05	5.48983e-02	3.25833e-02
1.09450e+05	5.26957e-02	3.12790e-02
1.14505e+05	5.05806e-02	3.00264e-02
1.19793e+05	4.85494e-02	2.88233e-02
1.25325e+05	4.65990e-02	2.76680e-02
1.31113e+05	4.47261e-02	2.65584e-02
1.37169e+05	4.29277e-02	2.54929e-02
1.43504e+05	4.12008e-02	2.44696e-02
1.50131e+05	3.95428e-02	2.34870e-02
1.57065e+05	3.79508e-02	2.25434e-02
1.64318e+05	3.64223e-02	2.16374e-02
1.71907e+05	3.49547e-02	2.07674e-02
1.79846e+05	3.35457e-02	1.99320e-02
1.88152e+05	3.21930e-02	1.91299e-02
1.96842e+05	3.08943e-02	1.83597e-02
2.05933e+05	2.96475e-02	1.76203e-02
2.15444e+05	2.84505e-02	1.69103e-02
2.25393e+05	2.73015e-02	1.62287e-02
2.35803e+05	2.61984e-02	1.55743e-02
2.46693e+05	2.51395e-02	1.49460e-02
2.58086e+05	2.41230e-02	1.43428e-02
2.70006e+05	2.31473e-02	1.37638e-02
2.82475e+05	2.22107e-02	1.32079e-02
2.95521e+05	2.13116e-02	1.26743e-02
3.09169e+05	2.04487e-02	1.21620e-02
3.23448e+05	1.96204e-02	1.16703e-02
3.38386e+05	1.88254e-02	1.11983e-02
3.54013e+05	1.80623e-02	1.07452e-02
3.70363e+05	1.73299e-02	1.03102e-02
3.87468e+05	1.66269e-02	9.89278e-03
4.05362e+05	1.59523e-02	9.49207e-03
4.24083e+05	1.53048e-02	9.10746e-03
4.43669e+05	1.46833e-02	8.73831e-03
4.64159e+05	1.40870e-02	8.38399e-03
4.85595e+05	1.35146e-02	8.04393e-03
5.08022e+05	1.29653e-02	7.71755e-03
5.31484e+05	1.24382e-02	7.40431e-03
5.56030e+05	1.19323e-02	7.10368e-03
5.81709e+05	1.14469e-02	6.81516e-03
6.08574e+05	1.09811e-02	6.53828e-03
6.36680e+05	1.05341e-02	6.27255e-03
6.66085e+05	1.01051e-02	6.01754e-03
6.96847e+05	9.69352e-03	5.77282e-03
7.29030e+05	9.29856e-03	5.53798e-03
7.62699e+05	8.91958e-03	5.31263e-03
7.97923e+05	8.55593e-03	5.09637e-03
8.34773e+05	8.20701e-03	4.88886e-03
8.73326e+05	7.87222e-03	4.68973e-03
9.13659e+05	7.55100e-03	4.49866e-03
9.55855e+05	7.24279e-03	4.31532e-03
1.00000e+06	6.94708e-03	4.13939e-03
