# CH3CHCH2 cross section
256
1.00000e+01	4.87045e-02
1.02746e+01	1.91422e-01
1.05567e+01	3.42023e-01
1.08466e+01	4.99456e-01
1.11445e+01	6.62748e-01
1.14505e+01	8.31001e-01
1.17649e+01	1.00338e+00
1.20880e+01	1.17913e+00
1.24199e+01	1.35753e+00
1.27609e+01	1.61995e+00
1.31113e+01	1.89943e+00
1.34714e+01	2.22496e+00
1.38413e+01	2.60094e+00
1.42214e+01	2.98485e+00
1.46119e+01	3.38408e+00
1.50131e+01	3.92838e+00
1.54254e+01	4.48991e+00
1.58489e+01	5.06101e+00
1.62841e+01	5.68384e+00
1.67313e+01	6.33854e+00
1.71907e+01	6.99984e+00
1.76628e+01	7.66542e+00
1.81478e+01	8.33310e+00
1.86461e+01	9.00505e+00
1.91581e+01	9.72122e+00
1.96842e+01	1.04368e+01
2.02247e+01	1.11499e+01
2.07801e+01	1.18586e+01
2.13507e+01	1.25615e+01
2.19370e+01	1.32569e+01
2.25393e+01	1.39436e+01
2.31583e+01	1.46203e+01
2.37942e+01	1.52859e+01
2.44475e+01	1.59393e+01
2.51189e+01	1.65797e+01
2.58086e+01	1.72218e+01
2.65173e+01	1.78635e+01
2.72455e+01	1.84912e+01
2.79936e+01	1.91043e+01
2.87623e+01	1.97018e+01
2.95521e+01	2.02977e+01
3.03636e+01	2.08863e+01
3.11974e+01	2.14587e+01
3.20540e+01	2.20144e+01
3.29342e+01	2.25527e+01
3.38385e+01	2.30732e+01
3.47677e+01	2.35755e+01
3.57225e+01	2.40591e+01
3.67034e+01	2.45238e+01
3.77112e+01	2.49693e+01
3.87467e+01	2.53954e+01
3.98107e+01	2.58019e+01
4.09039e+01	2.61888e+01
4.20271e+01	2.65559e+01
4.31811e+01	2.69033e+01
4.43669e+01	2.72309e+01
4.55852e+01	2.75387e+01
4.68369e+01	2.78269e+01
4.81230e+01	2.80955e+01
4.94445e+01	2.83446e+01
5.08022e+01	2.85745e+01
5.21972e+01	2.87853e+01
5.36305e+01	2.89771e+01
5.51032e+01	2.91503e+01
5.66163e+01	2.93050e+01
5.81709e+01	2.94416e+01
5.97683e+01	2.95603e+01
6.14095e+01	2.96614e+01
6.30957e+01	2.97452e+01
6.48283e+01	2.98121e+01
6.66085e+01	2.98623e+01
6.84375e+01	2.98963e+01
7.03168e+01	2.99144e+01
7.22476e+01	2.99169e+01
7.42315e+01	2.99044e+01
7.62699e+01	2.98770e+01
7.83642e+01	2.98353e+01
8.05160e+01	2.97797e+01
8.27270e+01	2.97104e+01
8.49986e+01	2.96281e+01
8.73326e+01	2.95330e+01
8.97307e+01	2.94256e+01
9.21947e+01	2.93062e+01
9.47263e+01	2.91754e+01
9.73274e+01	2.90336e+01
1.00000e+02	2.88810e+01
1.02746e+02	2.87183e+01
1.05567e+02	2.85458e+01
1.08466e+02	2.83638e+01
1.11445e+02	2.81729e+01
1.14505e+02	2.79734e+01
1.17649e+02	2.77657e+01
1.20880e+02	2.75502e+01
1.24199e+02	2.73274e+01
1.27609e+02	2.70976e+01
1.31113e+02	2.68611e+01
1.34714e+02	2.66185e+01
1.38413e+02	2.63700e+01
1.42214e+02	2.61161e+01
1.46119e+02	2.58570e+01
1.50131e+02	2.55931e+01
1.54254e+02	2.53248e+01
1.58489e+02	2.50524e+01
1.62841e+02	2.47763e+01
1.67313e+02	2.44967e+01
1.71907e+02	2.42140e+01
1.76628e+02	2.39285e+01
1.81478e+02	2.36404e+01
1.86461e+02	2.33501e+01
1.91581e+02	2.30579e+01
1.96842e+02	2.27640e+01
2.02247e+02	2.24687e+01
2.07801e+02	2.21722e+01
2.13507e+02	2.18748e+01
2.19370e+02	2.15767e+01
2.25393e+02	2.12782e+01
2.31583e+02	2.09795e+01
2.37942e+02	2.06807e+01
2.44476e+02	2.03821e+01
2.51189e+02	2.00840e+01
2.58086e+02	1.97863e+01
2.65173e+02	1.94895e+01
2.72455e+02	1.91935e+01
2.79936e+02	1.88987e+01
2.87623e+02	1.86051e+01
2.95521e+02	1.83129e+01
3.03636e+02	1.80222e+01
3.11974e+02	1.77337e+01
3.20540e+02	1.74471e+01
3.29342e+02	1.71625e+01
3.38385e+02	1.68799e+01
3.47677e+02	1.65995e+01
3.57224e+02	1.63213e+01
3.67034e+02	1.60455e+01
3.77112e+02	1.57721e+01
3.87467e+02	1.55012e+01
3.98107e+02	1.52330e+01
4.09039e+02	1.49673e+01
4.20271e+02	1.47044e+01
4.31811e+02	1.44442e+01
4.43669e+02	1.41869e+01
4.55852e+02	1.39324e+01
4.68369e+02	1.36809e+01
4.81230e+02	1.34323e+01
4.94445e+02	1.31867e+01
5.08022e+02	1.29442e+01
5.21972e+02	1.27047e+01
5.36305e+02	1.24682e+01
5.51032e+02	1.22349e+01
5.66163e+02	1.20047e+01
5.81709e+02	1.17776e+01
5.97683e+02	1.15537e+01
6.14095e+02	1.13329e+01
6.30957e+02	1.11152e+01
6.48283e+02	1.09007e+01
6.66085e+02	1.06894e+01
6.84375e+02	1.04812e+01
7.03168e+02	1.02762e+01
7.22476e+02	1.00743e+01
7.42315e+02	9.87553e+00
7.62699e+02	9.67988e+00
7.83642e+02	9.48734e+00
8.05160e+02	9.29788e+00
8.27270e+02	9.11149e+00
8.49986e+02	8.92815e+00
8.73326e+02	8.74785e+00
8.97307e+02	8.57056e+00
9.21947e+02	8.39625e+00
9.47263e+02	8.22491e+00
9.73274e+02	8.05650e+00
1.00000e+03	7.89101e+00
1.02746e+03	7.72840e+00
1.05567e+03	7.56865e+00
1.08466e+03	7.41173e+00
1.11444e+03	7.25760e+00
1.14505e+03	7.10624e+00
1.17649e+03	6.95762e+00
1.20880e+03	6.81171e+00
1.24199e+03	6.66847e+00
1.27609e+03	6.52786e+00
1.31113e+03	6.38987e+00
1.34714e+03	6.25445e+00
1.38413e+03	6.12157e+00
1.42214e+03	5.99121e+00
1.46119e+03	5.86331e+00
1.50131e+03	5.73785e+00
1.54254e+03	5.61480e+00
1.58489e+03	5.49412e+00
1.62841e+03	5.37578e+00
1.67313e+03	5.25974e+00
1.71907e+03	5.14596e+00
1.76628e+03	5.03442e+00
1.81478e+03	4.92508e+00
1.86461e+03	4.81790e+00
1.91581e+03	4.71285e+00
1.96842e+03	4.60990e+00
2.02247e+03	4.50901e+00
2.07801e+03	4.41015e+00
2.13507e+03	4.31329e+00
2.19370e+03	4.21839e+00
2.25393e+03	4.12542e+00
2.31583e+03	4.03434e+00
2.37942e+03	3.94513e+00
2.44476e+03	3.85776e+00
2.51189e+03	3.77218e+00
2.58086e+03	3.68837e+00
2.65173e+03	3.60630e+00
2.72455e+03	3.52594e+00
2.79936e+03	3.44725e+00
2.87623e+03	3.37020e+00
2.95521e+03	3.29478e+00
3.03636e+03	3.22093e+00
3.11974e+03	3.14865e+00
3.20540e+03	3.07789e+00
3.29342e+03	3.00864e+00
3.38386e+03	2.94085e+00
3.47677e+03	2.87451e+00
3.57224e+03	2.80958e+00
3.67034e+03	2.74605e+00
3.77112e+03	2.68387e+00
3.87468e+03	2.62303e+00
3.98107e+03	2.56350e+00
4.09039e+03	2.50526e+00
4.20271e+03	2.44828e+00
4.31811e+03	2.39253e+00
4.43669e+03	2.33799e+00
4.55852e+03	2.28464e+00
4.68369e+03	2.23245e+00
4.81230e+03	2.18140e+00
4.94445e+03	2.13147e+00
5.08022e+03	2.08263e+00
5.21972e+03	2.03487e+00
5.36305e+03	1.98816e+00
5.51032e+03	1.94247e+00
5.66163e+03	1.89779e+00
5.81709e+03	1.85411e+00
5.97683e+03	1.81139e+00
6.14095e+03	1.76961e+00
6.30957e+03	1.72876e+00
6.48283e+03	1.68883e+00
6.66085e+03	1.64978e+00
6.84375e+03	1.61160e+00
7.03168e+03	1.57428e+00
7.22476e+03	1.53779e+00
7.42315e+03	1.50212e+00
7.62699e+03	1.46724e+00
7.83642e+03	1.43316e+00
8.05160e+03	1.39983e+00
8.27270e+03	1.36726e+00
8.49986e+03	1.33543e+00
8.73326e+03	1.30431e+00
8.97307e+03	1.27389e+00
9.21947e+03	1.24417e+00
9.47263e+03	1.21511e+00
9.73274e+03	1.18672e+00
1.00000e+04	1.15897e+00
