# CH3CHS cross section
256
1.00000e+01	6.68809e-01
1.02746e+01	8.14732e-01
1.05567e+01	9.64310e-01
1.08466e+01	1.11698e+00
1.11445e+01	1.32581e+00
1.14505e+01	1.58626e+00
1.17649e+01	1.85397e+00
1.20880e+01	2.12780e+00
1.24199e+01	2.40669e+00
1.27609e+01	2.68966e+00
1.31113e+01	2.98465e+00
1.34714e+01	3.34338e+00
1.38413e+01	3.70785e+00
1.42214e+01	4.07680e+00
1.46119e+01	4.49984e+00
1.50131e+01	4.94918e+00
1.54254e+01	5.43246e+00
1.58489e+01	5.99187e+00
1.62841e+01	6.59938e+00
1.67313e+01	7.21486e+00
1.71907e+01	7.83613e+00
1.76628e+01	8.46118e+00
1.81478e+01	9.08815e+00
1.86461e+01	9.71533e+00
1.91581e+01	1.03412e+01
1.96842e+01	1.09642e+01
2.02247e+01	1.15831e+01
2.07801e+01	1.21966e+01
2.13507e+01	1.28221e+01
2.19370e+01	1.34596e+01
2.25393e+01	1.40906e+01
2.31583e+01	1.47139e+01
2.37942e+01	1.53284e+01
2.44475e+01	1.59332e+01
2.51189e+01	1.65275e+01
2.58086e+01	1.71103e+01
2.65173e+01	1.76940e+01
2.72455e+01	1.82777e+01
2.79936e+01	1.88493e+01
2.87623e+01	1.94080e+01
2.95521e+01	1.99533e+01
3.03636e+01	2.04957e+01
3.11974e+01	2.10339e+01
3.20540e+01	2.15579e+01
3.29342e+01	2.20673e+01
3.38385e+01	2.25615e+01
3.47677e+01	2.30400e+01
3.57225e+01	2.35024e+01
3.67034e+01	2.39484e+01
3.77112e+01	2.43776e+01
3.87467e+01	2.47897e+01
3.98107e+01	2.51846e+01
4.09039e+01	2.55621e+01
4.20271e+01	2.59220e+01
4.31811e+01	2.62642e+01
4.43669e+01	2.65886e+01
4.55852e+01	2.68953e+01
4.68369e+01	2.71841e+01
4.81230e+01	2.74551e+01
4.94445e+01	2.77084e+01
5.08022e+01	2.79440e+01
5.21972e+01	2.81621e+01
5.36305e+01	2.83626e+01
5.51032e+01	2.85459e+01
5.66163e+01	2.87120e+01
5.81709e+01	2.88612e+01
5.97683e+01	2.89936e+01
6.14095e+01	2.91094e+01
6.30957e+01	2.92089e+01
6.48283e+01	2.92924e+01
6.66085e+01	2.93600e+01
6.84375e+01	2.94121e+01
7.03168e+01	2.94489e+01
7.22476e+01	2.94709e+01
7.42315e+01	2.94781e+01
7.62699e+01	2.94711e+01
7.83642e+01	2.94501e+01
8.05160e+01	2.94154e+01
8.27270e+01	2.93675e+01
8.49986e+01	2.93065e+01
8.73326e+01	2.92330e+01
8.97307e+01	2.91472e+01
9.21947e+01	2.90496e+01
9.47263e+01	2.89404e+01
9.73274e+01	2.88201e+01
1.00000e+02	2.86891e+01
1.02746e+02	2.85476e+01
1.05567e+02	2.83962e+01
1.08466e+02	2.82351e+01
1.11445e+02	2.80647e+01
1.14505e+02	2.78855e+01
1.17649e+02	2.76978e+01
1.20880e+02	2.75019e+01
1.24199e+02	2.72982e+01
1.27609e+02	2.70872e+01
1.31113e+02	2.68691e+01
1.34714e+02	2.66443e+01
1.38413e+02	2.64133e+01
1.42214e+02	2.61762e+01
1.46119e+02	2.59335e+01
1.50131e+02	2.56855e+01
1.54254e+02	2.54326e+01
1.58489e+02	2.51751e+01
1.62841e+02	2.49133e+01
1.67313e+02	2.46474e+01
1.71907e+02	2.43780e+01
1.76628e+02	2.41051e+01
1.81478e+02	2.38296e+01
1.86461e+02	2.35522e+01
1.91581e+02	2.32724e+01
1.96842e+02	2.29905e+01
2.02247e+02	2.27066e+01
2.07801e+02	2.24211e+01
2.13507e+02	2.21342e+01
2.19370e+02	2.18462e+01
2.25393e+02	2.15572e+01
2.31583e+02	2.12675e+01
2.37942e+02	2.09774e+01
2.44476e+02	2.06869e+01
2.51189e+02	2.03967e+01
2.58086e+02	2.01065e+01
2.65173e+02	1.98167e+01
2.72455e+02	1.95273e+01
2.79936e+02	1.92386e+01
2.87623e+02	1.89507e+01
2.95521e+02	1.86639e+01
3.03636e+02	1.83781e+01
3.11974e+02	1.80938e+01
3.20540e+02	1.78112e+01
3.29342e+02	1.75301e+01
3.38385e+02	1.72507e+01
3.47677e+02	1.69730e+01
3.57224e+02	1.66973e+01
3.67034e+02	1.64236e+01
3.77112e+02	1.61519e+01
3.87467e+02	1.58825e+01
3.98107e+02	1.56153e+01
4.09039e+02	1.53505e+01
4.20271e+02	1.50881e+01
4.31811e+02	1.48282e+01
4.43669e+02	1.45709e+01
4.55852e+02	1.43162e+01
4.68369e+02	1.40642e+01
4.81230e+02	1.38149e+01
4.94445e+02	1.35684e+01
5.08022e+02	1.33246e+01
5.21972e+02	1.30838e+01
5.36305e+02	1.28458e+01
5.51032e+02	1.26108e+01
5.66163e+02	1.23787e+01
5.81709e+02	1.21495e+01
5.97683e+02	1.19234e+01
6.14095e+02	1.17002e+01
6.30957e+02	1.14801e+01
6.48283e+02	1.12629e+01
6.66085e+02	1.10489e+01
6.84375e+02	1.08378e+01
7.03168e+02	1.06298e+01
7.22476e+02	1.04248e+01
7.42315e+02	1.02229e+01
7.62699e+02	1.00240e+01
7.83642e+02	9.82808e+00
8.05160e+02	9.63520e+00
8.27270e+02	9.44533e+00
8.49986e+02	9.25844e+00
8.73326e+02	9.07453e+00
8.97307e+02	8.89357e+00
9.21947e+02	8.71555e+00
9.47263e+02	8.54046e+00
9.73274e+02	8.36826e+00
1.00000e+03	8.19894e+00
1.02746e+03	8.03248e+00
1.05567e+03	7.86885e+00
1.08466e+03	7.70802e+00
1.11444e+03	7.54998e+00
1.14505e+03	7.39469e+00
1.17649e+03	7.24212e+00
1.20880e+03	7.09226e+00
1.24199e+03	6.94506e+00
1.27609e+03	6.80051e+00
1.31113e+03	6.65856e+00
1.34714e+03	6.51919e+00
1.38413e+03	6.38237e+00
1.42214e+03	6.24807e+00
1.46119e+03	6.11626e+00
1.50131e+03	5.98690e+00
1.54254e+03	5.85996e+00
1.58489e+03	5.73541e+00
1.62841e+03	5.61321e+00
1.67313e+03	5.49334e+00
1.71907e+03	5.37577e+00
1.76628e+03	5.26045e+00
1.81478e+03	5.14736e+00
1.86461e+03	5.03646e+00
1.91581e+03	4.92772e+00
1.96842e+03	4.82111e+00
2.02247e+03	4.71659e+00
2.07801e+03	4.61414e+00
2.13507e+03	4.51371e+00
2.19370e+03	4.41528e+00
2.25393e+03	4.31883e+00
2.31583e+03	4.22430e+00
2.37942e+03	4.13167e+00
2.44476e+03	4.04092e+00
2.51189e+03	3.95200e+00
2.58086e+03	3.86490e+00
2.65173e+03	3.77957e+00
2.72455e+03	3.69599e+00
2.79936e+03	3.61413e+00
2.87623e+03	3.53395e+00
2.95521e+03	3.45543e+00
3.03636e+03	3.37854e+00
3.11974e+03	3.30325e+00
3.20540e+03	3.22953e+00
3.29342e+03	3.15734e+00
3.38386e+03	3.08667e+00
3.47677e+03	3.01749e+00
3.57224e+03	2.94977e+00
3.67034e+03	2.88347e+00
3.77112e+03	2.81858e+00
3.87468e+03	2.75507e+00
3.98107e+03	2.69291e+00
4.09039e+03	2.63208e+00
4.20271e+03	2.57254e+00
4.31811e+03	2.51429e+00
4.43669e+03	2.45728e+00
4.55852e+03	2.40150e+00
4.68369e+03	2.34693e+00
4.81230e+03	2.29353e+00
4.94445e+03	2.24130e+00
5.08022e+03	2.19019e+00
5.21972e+03	2.14020e+00
5.36305e+03	2.09130e+00
5.51032e+03	2.04346e+00
5.66163e+03	1.99667e+00
5.81709e+03	1.95091e+00
5.97683e+03	1.90615e+00
6.14095e+03	1.86237e+00
6.30957e+03	1.81956e+00
6.48283e+03	1.77770e+00
6.66085e+03	1.73676e+00
6.84375e+03	1.69672e+00
7.03168e+03	1.65758e+00
7.22476e+03	1.61930e+00
7.42315e+03	1.58187e+00
7.62699e+03	1.54528e+00
7.83642e+03	1.50950e+00
8.05160e+03	1.47452e+00
8.27270e+03	1.44033e+00
8.49986e+03	1.40690e+00
8.73326e+03	1.37422e+00
8.97307e+03	1.34228e+00
9.21947e+03	1.31105e+00
9.47263e+03	1.28053e+00
9.73274e+03	1.25069e+00
1.00000e+04	1.22153e+00
