# CH3C4H cross section
256
1.00000e+01	2.71935e-01
1.02746e+01	5.53235e-01
1.05567e+01	8.48441e-01
1.08466e+01	1.15568e+00
1.11445e+01	1.47323e+00
1.14505e+01	1.79950e+00
1.17649e+01	2.13299e+00
1.20880e+01	2.47235e+00
1.24199e+01	2.86515e+00
1.27609e+01	3.41546e+00
1.31113e+01	3.97932e+00
1.34714e+01	4.55419e+00
1.38413e+01	5.13773e+00
1.42214e+01	5.72777e+00
1.46119e+01	6.32233e+00
1.50131e+01	6.91955e+00
1.54254e+01	7.55482e+00
1.58489e+01	8.30683e+00
1.62841e+01	9.12129e+00
1.67313e+01	9.94268e+00
1.71907e+01	1.07682e+01
1.76628e+01	1.16305e+01
1.81478e+01	1.25124e+01
1.86461e+01	1.33941e+01
1.91581e+01	1.42734e+01
1.96842e+01	1.51479e+01
2.02247e+01	1.60158e+01
2.07801e+01	1.68751e+01
2.13507e+01	1.77242e+01
2.19370e+01	1.85616e+01
2.25393e+01	1.93892e+01
2.31583e+01	2.02315e+01
2.37942e+01	2.10600e+01
2.44475e+01	2.18735e+01
2.51189e+01	2.26707e+01
2.58086e+01	2.34505e+01
2.65173e+01	2.42163e+01
2.72455e+01	2.49841e+01
2.79936e+01	2.57332e+01
2.87623e+01	2.64739e+01
2.95521e+01	2.72067e+01
3.03636e+01	2.79359e+01
3.11974e+01	2.86500e+01
3.20540e+01	2.93436e+01
3.29342e+01	3.00161e+01
3.38385e+01	3.06668e+01
3.47677e+01	3.12950e+01
3.57225e+01	3.19003e+01
3.67034e+01	3.24821e+01
3.77112e+01	3.30401e+01
3.87467e+01	3.35740e+01
3.98107e+01	3.40836e+01
4.09039e+01	3.45686e+01
4.20271e+01	3.50289e+01
4.31811e+01	3.54644e+01
4.43669e+01	3.58751e+01
4.55852e+01	3.62611e+01
4.68369e+01	3.66223e+01
4.81230e+01	3.69589e+01
4.94445e+01	3.72710e+01
5.08022e+01	3.75588e+01
5.21972e+01	3.78224e+01
5.36305e+01	3.80622e+01
5.51032e+01	3.82783e+01
5.66163e+01	3.84711e+01
5.81709e+01	3.86409e+01
5.97683e+01	3.87880e+01
6.14095e+01	3.89128e+01
6.30957e+01	3.90156e+01
6.48283e+01	3.90969e+01
6.66085e+01	3.91570e+01
6.84375e+01	3.91965e+01
7.03168e+01	3.92157e+01
7.22476e+01	3.92152e+01
7.42315e+01	3.91953e+01
7.62699e+01	3.91566e+01
7.83642e+01	3.90995e+01
8.05160e+01	3.90246e+01
8.27270e+01	3.89324e+01
8.49986e+01	3.88233e+01
8.73326e+01	3.86980e+01
8.97307e+01	3.85568e+01
9.21947e+01	3.84004e+01
9.47263e+01	3.82293e+01
9.73274e+01	3.80439e+01
1.00000e+02	3.78449e+01
1.02746e+02	3.76326e+01
1.05567e+02	3.74078e+01
1.08466e+02	3.71709e+01
1.11445e+02	3.69224e+01
1.14505e+02	3.66628e+01
1.17649e+02	3.63926e+01
1.20880e+02	3.61124e+01
1.24199e+02	3.58227e+01
1.27609e+02	3.55238e+01
1.31113e+02	3.52165e+01
1.34714e+02	3.49010e+01
1.38413e+02	3.45780e+01
1.42214e+02	3.42478e+01
1.46119e+02	3.39109e+01
1.50131e+02	3.35678e+01
1.54254e+02	3.32189e+01
1.58489e+02	3.28646e+01
1.62841e+02	3.25054e+01
1.67313e+02	3.21417e+01
1.71907e+02	3.17739e+01
1.76628e+02	3.14024e+01
1.81478e+02	3.10275e+01
1.86461e+02	3.06496e+01
1.91581e+02	3.02691e+01
1.96842e+02	2.98864e+01
2.02247e+02	2.95017e+01
2.07801e+02	2.91155e+01
2.13507e+02	2.87280e+01
2.19370e+02	2.83395e+01
2.25393e+02	2.79504e+01
2.31583e+02	2.75608e+01
2.37942e+02	2.71712e+01
2.44476e+02	2.67818e+01
2.51189e+02	2.63927e+01
2.58086e+02	2.60044e+01
2.65173e+02	2.56169e+01
2.72455e+02	2.52305e+01
2.79936e+02	2.48455e+01
2.87623e+02	2.44620e+01
2.95521e+02	2.40803e+01
3.03636e+02	2.37005e+01
3.11974e+02	2.33235e+01
3.20540e+02	2.29490e+01
3.29342e+02	2.25771e+01
3.38385e+02	2.22078e+01
3.47677e+02	2.18413e+01
3.57224e+02	2.14776e+01
3.67034e+02	2.11169e+01
3.77112e+02	2.07594e+01
3.87467e+02	2.04050e+01
3.98107e+02	2.00540e+01
4.09039e+02	1.97063e+01
4.20271e+02	1.93622e+01
4.31811e+02	1.90216e+01
4.43669e+02	1.86846e+01
4.55852e+02	1.83514e+01
4.68369e+02	1.80219e+01
4.81230e+02	1.76962e+01
4.94445e+02	1.73744e+01
5.08022e+02	1.70565e+01
5.21972e+02	1.67426e+01
5.36305e+02	1.64326e+01
5.51032e+02	1.61266e+01
5.66163e+02	1.58247e+01
5.81709e+02	1.55268e+01
5.97683e+02	1.52330e+01
6.14095e+02	1.49433e+01
6.30957e+02	1.46576e+01
6.48283e+02	1.43761e+01
6.66085e+02	1.40986e+01
6.84375e+02	1.38252e+01
7.03168e+02	1.35560e+01
7.22476e+02	1.32908e+01
7.42315e+02	1.30297e+01
7.62699e+02	1.27726e+01
7.83642e+02	1.25196e+01
8.05160e+02	1.22705e+01
8.27270e+02	1.20255e+01
8.49986e+02	1.17845e+01
8.73326e+02	1.15474e+01
8.97307e+02	1.13142e+01
9.21947e+02	1.10850e+01
9.47263e+02	1.08596e+01
9.73274e+02	1.06380e+01
1.00000e+03	1.04203e+01
1.02746e+03	1.02063e+01
1.05567e+03	9.99600e+00
1.08466e+03	9.78944e+00
1.11444e+03	9.58653e+00
1.14505e+03	9.38724e+00
1.17649e+03	9.19153e+00
1.20880e+03	8.99936e+00
1.24199e+03	8.81068e+00
1.27609e+03	8.62547e+00
1.31113e+03	8.44366e+00
1.34714e+03	8.26523e+00
1.38413e+03	8.09013e+00
1.42214e+03	7.91831e+00
1.46119e+03	7.74974e+00
1.50131e+03	7.58436e+00
1.54254e+03	7.42213e+00
1.58489e+03	7.26302e+00
1.62841e+03	7.10696e+00
1.67313e+03	6.95393e+00
1.71907e+03	6.80388e+00
1.76628e+03	6.65675e+00
1.81478e+03	6.51251e+00
1.86461e+03	6.37111e+00
1.91581e+03	6.23252e+00
1.96842e+03	6.09667e+00
2.02247e+03	5.96353e+00
2.07801e+03	5.83306e+00
2.13507e+03	5.70521e+00
2.19370e+03	5.57995e+00
2.25393e+03	5.45722e+00
2.31583e+03	5.33698e+00
2.37942e+03	5.21919e+00
2.44476e+03	5.10382e+00
2.51189e+03	4.99081e+00
2.58086e+03	4.88013e+00
2.65173e+03	4.77173e+00
2.72455e+03	4.66558e+00
2.79936e+03	4.56164e+00
2.87623e+03	4.45986e+00
2.95521e+03	4.36022e+00
3.03636e+03	4.26265e+00
3.11974e+03	4.16714e+00
3.20540e+03	4.07364e+00
3.29342e+03	3.98212e+00
3.38386e+03	3.89254e+00
3.47677e+03	3.80485e+00
3.57224e+03	3.71904e+00
3.67034e+03	3.63505e+00
3.77112e+03	3.55286e+00
3.87468e+03	3.47243e+00
3.98107e+03	3.39373e+00
4.09039e+03	3.31673e+00
4.20271e+03	3.24138e+00
4.31811e+03	3.16767e+00
4.43669e+03	3.09555e+00
4.55852e+03	3.02499e+00
4.68369e+03	2.95598e+00
4.81230e+03	2.88846e+00
4.94445e+03	2.82242e+00
5.08022e+03	2.75782e+00
5.21972e+03	2.69464e+00
5.36305e+03	2.63284e+00
5.51032e+03	2.57241e+00
5.66163e+03	2.51330e+00
5.81709e+03	2.45550e+00
5.97683e+03	2.39898e+00
6.14095e+03	2.34370e+00
6.30957e+03	2.28966e+00
6.48283e+03	2.23681e+00
6.66085e+03	2.18513e+00
6.84375e+03	2.13461e+00
7.03168e+03	2.08522e+00
7.22476e+03	2.03693e+00
7.42315e+03	1.98971e+00
7.62699e+03	1.94356e+00
7.83642e+03	1.89844e+00
8.05160e+03	1.85433e+00
8.27270e+03	1.81122e+00
8.49986e+03	1.76907e+00
8.73326e+03	1.72788e+00
8.97307e+03	1.68762e+00
9.21947e+03	1.64826e+00
9.47263e+03	1.60980e+00
9.73274e+03	1.57221e+00
1.00000e+04	1.53547e+00
