# CH3C2H cross section
256
1.00000e+01	0.00000e+00
1.04618e+01	0.00000e+00
1.09450e+01	2.95635e-01
1.14505e+01	7.35677e-01
1.19793e+01	1.20633e+00
1.25325e+01	1.70026e+00
1.31113e+01	2.21106e+00
1.37169e+01	2.73312e+00
1.43504e+01	3.26153e+00
1.50131e+01	3.79199e+00
1.57065e+01	4.50127e+00
1.64318e+01	5.40097e+00
1.71907e+01	6.31924e+00
1.79846e+01	7.26030e+00
1.88152e+01	8.27936e+00
1.96842e+01	9.29989e+00
2.05933e+01	1.03141e+01
2.15444e+01	1.13152e+01
2.25393e+01	1.22973e+01
2.35803e+01	1.32555e+01
2.46693e+01	1.41855e+01
2.58086e+01	1.50835e+01
2.70006e+01	1.59801e+01
2.82475e+01	1.68530e+01
2.95521e+01	1.77098e+01
3.09169e+01	1.85468e+01
3.23448e+01	1.93452e+01
3.38385e+01	2.01024e+01
3.54013e+01	2.08166e+01
3.70363e+01	2.14864e+01
3.87467e+01	2.21105e+01
4.05362e+01	2.26882e+01
4.24083e+01	2.32190e+01
4.43669e+01	2.37027e+01
4.64159e+01	2.41394e+01
4.85595e+01	2.45293e+01
5.08022e+01	2.48728e+01
5.31484e+01	2.51707e+01
5.56030e+01	2.54236e+01
5.81709e+01	2.56326e+01
6.08575e+01	2.57987e+01
6.36681e+01	2.59231e+01
6.66085e+01	2.60070e+01
6.96847e+01	2.60518e+01
7.29030e+01	2.60589e+01
7.62699e+01	2.60299e+01
7.97923e+01	2.59662e+01
8.34773e+01	2.58696e+01
8.73326e+01	2.57415e+01
9.13659e+01	2.55836e+01
9.55855e+01	2.53977e+01
1.00000e+02	2.51853e+01
1.04618e+02	2.49481e+01
1.09450e+02	2.46878e+01
1.14505e+02	2.44059e+01
1.19793e+02	2.41042e+01
1.25325e+02	2.37842e+01
1.31113e+02	2.34475e+01
1.37169e+02	2.30955e+01
1.43504e+02	2.27299e+01
1.50131e+02	2.23519e+01
1.57065e+02	2.19631e+01
1.64318e+02	2.15647e+01
1.71907e+02	2.11581e+01
1.79846e+02	2.07444e+01
1.88152e+02	2.03250e+01
1.96842e+02	1.99008e+01
2.05933e+02	1.94730e+01
2.15444e+02	1.90427e+01
2.25393e+02	1.86106e+01
2.35803e+02	1.81779e+01
2.46693e+02	1.77453e+01
2.58086e+02	1.73135e+01
2.70005e+02	1.68835e+01
2.82475e+02	1.64557e+01
2.95521e+02	1.60310e+01
3.09169e+02	1.56101e+01
3.23448e+02	1.51940e+01
3.38385e+02	1.47827e+01
3.54013e+02	1.43765e+01
3.70363e+02	1.39757e+01
3.87467e+02	1.35808e+01
4.05362e+02	1.31920e+01
4.24083e+02	1.28097e+01
4.43669e+02	1.24340e+01
4.64159e+02	1.20652e+01
4.85595e+02	1.17035e+01
5.08022e+02	1.13489e+01
5.31484e+02	1.10017e+01
5.56030e+02	1.06619e+01
5.81709e+02	1.03297e+01
6.08574e+02	1.00049e+01
6.36681e+02	9.68776e+00
6.66085e+02	9.37821e+00
6.96847e+02	9.07625e+00
7.29029e+02	8.78187e+00
7.62699e+02	8.49503e+00
7.97923e+02	8.21568e+00
8.34773e+02	7.94376e+00
8.73326e+02	7.67919e+00
9.13659e+02	7.42191e+00
9.55855e+02	7.17181e+00
1.00000e+03	6.92880e+00
1.04618e+03	6.69277e+00
1.09450e+03	6.46361e+00
1.14505e+03	6.24120e+00
1.19793e+03	6.02543e+00
1.25325e+03	5.81616e+00
1.31113e+03	5.61327e+00
1.37169e+03	5.41662e+00
1.43504e+03	5.22608e+00
1.50131e+03	5.04152e+00
1.57065e+03	4.86280e+00
1.64318e+03	4.68977e+00
1.71907e+03	4.52231e+00
1.79846e+03	4.36027e+00
1.88152e+03	4.20352e+00
1.96842e+03	4.05192e+00
2.05933e+03	3.90533e+00
2.15443e+03	3.76362e+00
2.25393e+03	3.62665e+00
2.35803e+03	3.49430e+00
2.46693e+03	3.36644e+00
2.58086e+03	3.24292e+00
2.70005e+03	3.12364e+00
2.82475e+03	3.00845e+00
2.95521e+03	2.89725e+00
3.09169e+03	2.78991e+00
3.23448e+03	2.68632e+00
3.38386e+03	2.58635e+00
3.54013e+03	2.48990e+00
3.70363e+03	2.39685e+00
3.87468e+03	2.30710e+00
4.05362e+03	2.22055e+00
4.24083e+03	2.13708e+00
4.43669e+03	2.05661e+00
4.64159e+03	1.97902e+00
4.85595e+03	1.90424e+00
5.08022e+03	1.83216e+00
5.31484e+03	1.76269e+00
5.56030e+03	1.69575e+00
5.81709e+03	1.63125e+00
6.08574e+03	1.56912e+00
6.36681e+03	1.50926e+00
6.66085e+03	1.45160e+00
6.96847e+03	1.39607e+00
7.29030e+03	1.34259e+00
7.62699e+03	1.29109e+00
7.97923e+03	1.24150e+00
8.34773e+03	1.19375e+00
8.73326e+03	1.14779e+00
9.13659e+03	1.10354e+00
9.55855e+03	1.06095e+00
1.00000e+04	1.01995e+00
1.04618e+04	9.80498e-01
1.09450e+04	9.42528e-01
1.14505e+04	9.05989e-01
1.19793e+04	8.70829e-01
1.25325e+04	8.37000e-01
1.31113e+04	8.04452e-01
1.37169e+04	7.73139e-01
1.43504e+04	7.43017e-01
1.50131e+04	7.14041e-01
1.57065e+04	6.86169e-01
1.64318e+04	6.59361e-01
1.71907e+04	6.33578e-01
1.79847e+04	6.08782e-01
1.88152e+04	5.84936e-01
1.96842e+04	5.62005e-01
2.05933e+04	5.39956e-01
2.15443e+04	5.18754e-01
2.25393e+04	4.98369e-01
2.35803e+04	4.78770e-01
2.46693e+04	4.59928e-01
2.58086e+04	4.41813e-01
2.70005e+04	4.24400e-01
2.82475e+04	4.07661e-01
2.95521e+04	3.91571e-01
3.09169e+04	3.76105e-01
3.23448e+04	3.61241e-01
3.38386e+04	3.46954e-01
3.54013e+04	3.33223e-01
3.70363e+04	3.20027e-01
3.87468e+04	3.07346e-01
4.05362e+04	2.95159e-01
4.24083e+04	2.83449e-01
4.43669e+04	2.72196e-01
4.64159e+04	2.61384e-01
4.85595e+04	2.50995e-01
5.08022e+04	2.41013e-01
5.31484e+04	2.31423e-01
5.56030e+04	2.22209e-01
5.81709e+04	2.13358e-01
6.08574e+04	2.04854e-01
6.36681e+04	1.96685e-01
6.66085e+04	1.88837e-01
6.96847e+04	1.81298e-01
7.29029e+04	1.74057e-01
7.62699e+04	1.67102e-01
7.97923e+04	1.60421e-01
8.34773e+04	1.54004e-01
8.73326e+04	1.47840e-01
9.13659e+04	1.41921e-01
9.55855e+04	1.36236e-01
1.00000e+05	1.30775e-01
1.04618e+05	1.25532e-01
1.09450e+05	1.20496e-01
1.14505e+05	1.15660e-01
1.19793e+05	1.11016e-01
1.25325e+05	1.06557e-01
1.31113e+05	1.02275e-01
1.37169e+05	9.81629e-02
1.43504e+05	9.42147e-02
1.50131e+05	9.04236e-02
1.57065e+05	8.67836e-02
1.64318e+05	8.32887e-02
1.71907e+05	7.99331e-02
1.79846e+05	7.67115e-02
1.88152e+05	7.36184e-02
1.96842e+05	7.06489e-02
2.05933e+05	6.77980e-02
2.15444e+05	6.50611e-02
2.25393e+05	6.24337e-02
2.35803e+05	5.99114e-02
2.46693e+05	5.74901e-02
2.58086e+05	5.51658e-02
2.70006e+05	5.29347e-02
2.82475e+05	5.07930e-02
2.95521e+05	4.87372e-02
3.09169e+05	4.67639e-02
3.23448e+05	4.48698e-02
3.38386e+05	4.30518e-02
3.54013e+05	4.13069e-02
3.70363e+05	3.96321e-02
3.87468e+05	3.80246e-02
4.05362e+05	3.64819e-02
4.24083e+05	3.50012e-02
4.43669e+05	3.35801e-02
4.64159e+05	3.22163e-02
4.85595e+05	3.09075e-02
5.08022e+05	2.96514e-02
5.31484e+05	2.84460e-02
5.56030e+05	2.72892e-02
5.81709e+05	2.61791e-02
6.08574e+05	2.51138e-02
6.36680e+05	2.40915e-02
6.66085e+05	2.31106e-02
6.96847e+05	2.21693e-02
7.29030e+05	2.12661e-02
7.62699e+05	2.03994e-02
7.97923e+05	1.95678e-02
8.34773e+05	1.87699e-02
8.73326e+05	1.80042e-02
9.13659e+05	1.72696e-02
9.55855e+05	1.65647e-02
1.00000e+06	1.58885e-02
