# CH3COCN cross section
256
1.00000e+01	0.00000e+00	0.00000e+00
1.04618e+01	0.00000e+00	0.00000e+00
1.09450e+01	0.00000e+00	0.00000e+00
1.14505e+01	0.00000e+00	0.00000e+00
1.19793e+01	1.05075e-01	2.62539e-02
1.25325e+01	2.30219e-01	1.39655e-01
1.31113e+01	3.64419e-01	2.63081e-01
1.37169e+01	6.00207e-01	3.94557e-01
1.43504e+01	1.00011e+00	5.32346e-01
1.50131e+01	1.57995e+00	6.74921e-01
1.57065e+01	2.32153e+00	8.20938e-01
1.64318e+01	3.12886e+00	9.70376e-01
1.71907e+01	4.06724e+00	1.26275e+00
1.79846e+01	5.13524e+00	1.60650e+00
1.88152e+01	6.28010e+00	1.96263e+00
1.96842e+01	7.44562e+00	2.33954e+00
2.05933e+01	8.62151e+00	2.84369e+00
2.15444e+01	9.79878e+00	3.36553e+00
2.25393e+01	1.09696e+01	3.93477e+00
2.35803e+01	1.21271e+01	4.53147e+00
2.46693e+01	1.32654e+01	5.13184e+00
2.58086e+01	1.44155e+01	5.73121e+00
2.70006e+01	1.55508e+01	6.32554e+00
2.82475e+01	1.66565e+01	6.95109e+00
2.95521e+01	1.77364e+01	7.61328e+00
3.09169e+01	1.88097e+01	8.26716e+00
3.23448e+01	1.98456e+01	8.91501e+00
3.38385e+01	2.08406e+01	9.57095e+00
3.54013e+01	2.18166e+01	1.02107e+01
3.70363e+01	2.27497e+01	1.08312e+01
3.87467e+01	2.36366e+01	1.14299e+01
4.05362e+01	2.44880e+01	1.20047e+01
4.24083e+01	2.52967e+01	1.25536e+01
4.43669e+01	2.60559e+01	1.30752e+01
4.64159e+01	2.67641e+01	1.35683e+01
4.85595e+01	2.74205e+01	1.40319e+01
5.08022e+01	2.80246e+01	1.44653e+01
5.31484e+01	2.85759e+01	1.48679e+01
5.56030e+01	2.90745e+01	1.52395e+01
5.81709e+01	2.95205e+01	1.55799e+01
6.08575e+01	2.99144e+01	1.58890e+01
6.36681e+01	3.02567e+01	1.61670e+01
6.66085e+01	3.05481e+01	1.64141e+01
6.96847e+01	3.07897e+01	1.66308e+01
7.29030e+01	3.09824e+01	1.68174e+01
7.62699e+01	3.11275e+01	1.69746e+01
7.97923e+01	3.12263e+01	1.71030e+01
8.34773e+01	3.12801e+01	1.72033e+01
8.73326e+01	3.12906e+01	1.72789e+01
9.13659e+01	3.12592e+01	1.73316e+01
9.55855e+01	3.11877e+01	1.73591e+01
1.00000e+02	3.10777e+01	1.73623e+01
1.04618e+02	3.09311e+01	1.73420e+01
1.09450e+02	3.07495e+01	1.72992e+01
1.14505e+02	3.05348e+01	1.72348e+01
1.19793e+02	3.02889e+01	1.71498e+01
1.25325e+02	3.00137e+01	1.70453e+01
1.31113e+02	2.97108e+01	1.69222e+01
1.37169e+02	2.93823e+01	1.67818e+01
1.43504e+02	2.90299e+01	1.66249e+01
1.50131e+02	2.86555e+01	1.64532e+01
1.57065e+02	2.82608e+01	1.62690e+01
1.64318e+02	2.78476e+01	1.60717e+01
1.71907e+02	2.74176e+01	1.58622e+01
1.79846e+02	2.69725e+01	1.56417e+01
1.88152e+02	2.65138e+01	1.54110e+01
1.96842e+02	2.60432e+01	1.51711e+01
2.05933e+02	2.55622e+01	1.49229e+01
2.15444e+02	2.50723e+01	1.46673e+01
2.25393e+02	2.45748e+01	1.44052e+01
2.35803e+02	2.40711e+01	1.41374e+01
2.46693e+02	2.35626e+01	1.38648e+01
2.58086e+02	2.30503e+01	1.35882e+01
2.70005e+02	2.25355e+01	1.33087e+01
2.82475e+02	2.20193e+01	1.30269e+01
2.95521e+02	2.15026e+01	1.27431e+01
3.09169e+02	2.09867e+01	1.24581e+01
3.23448e+02	2.04731e+01	1.21724e+01
3.38385e+02	1.99619e+01	1.18866e+01
3.54013e+02	1.94539e+01	1.16012e+01
3.70363e+02	1.89498e+01	1.13166e+01
3.87467e+02	1.84502e+01	1.10335e+01
4.05362e+02	1.79558e+01	1.07521e+01
4.24083e+02	1.74670e+01	1.04729e+01
4.43669e+02	1.69846e+01	1.01962e+01
4.64159e+02	1.65088e+01	9.92240e+00
4.85595e+02	1.60401e+01	9.65179e+00
5.08022e+02	1.55788e+01	9.38480e+00
5.31484e+02	1.51253e+01	9.12157e+00
5.56030e+02	1.46797e+01	8.86228e+00
5.81709e+02	1.42425e+01	8.60712e+00
6.08574e+02	1.38138e+01	8.35627e+00
6.36681e+02	1.33936e+01	8.10987e+00
6.66085e+02	1.29823e+01	7.86806e+00
6.96847e+02	1.25799e+01	7.63094e+00
7.29029e+02	1.21863e+01	7.39862e+00
7.62699e+02	1.18019e+01	7.17116e+00
7.97923e+02	1.14264e+01	6.94862e+00
8.34773e+02	1.10601e+01	6.73104e+00
8.73326e+02	1.07027e+01	6.51847e+00
9.13659e+02	1.03544e+01	6.31090e+00
9.55855e+02	1.00151e+01	6.10836e+00
1.00000e+03	9.68467e+00	5.91082e+00
1.04618e+03	9.36309e+00	5.71828e+00
1.09450e+03	9.05026e+00	5.53071e+00
1.14505e+03	8.74607e+00	5.34807e+00
1.19793e+03	8.45043e+00	5.17032e+00
1.25325e+03	8.16320e+00	4.99741e+00
1.31113e+03	7.88427e+00	4.82929e+00
1.37169e+03	7.61349e+00	4.66590e+00
1.43504e+03	7.35073e+00	4.50716e+00
1.50131e+03	7.09583e+00	4.35301e+00
1.57065e+03	6.84866e+00	4.20338e+00
1.64318e+03	6.60904e+00	4.05817e+00
1.71907e+03	6.37683e+00	3.91732e+00
1.79846e+03	6.15187e+00	3.78075e+00
1.88152e+03	5.93399e+00	3.64835e+00
1.96842e+03	5.72303e+00	3.52005e+00
2.05933e+03	5.51882e+00	3.39576e+00
2.15443e+03	5.32120e+00	3.27538e+00
2.25393e+03	5.13001e+00	3.15884e+00
2.35803e+03	4.94508e+00	3.04603e+00
2.46693e+03	4.76625e+00	2.93686e+00
2.58086e+03	4.59335e+00	2.83125e+00
2.70005e+03	4.42623e+00	2.72910e+00
2.82475e+03	4.26473e+00	2.63033e+00
2.95521e+03	4.10869e+00	2.53483e+00
3.09169e+03	3.95794e+00	2.44253e+00
3.23448e+03	3.81235e+00	2.35334e+00
3.38386e+03	3.67177e+00	2.26717e+00
3.54013e+03	3.53603e+00	2.18393e+00
3.70363e+03	3.40500e+00	2.10353e+00
3.87468e+03	3.27854e+00	2.02591e+00
4.05362e+03	3.15650e+00	1.95096e+00
4.24083e+03	3.03875e+00	1.87862e+00
4.43669e+03	2.92516e+00	1.80880e+00
4.64159e+03	2.81559e+00	1.74143e+00
4.85595e+03	2.70991e+00	1.67643e+00
5.08022e+03	2.60801e+00	1.61372e+00
5.31484e+03	2.50975e+00	1.55324e+00
5.56030e+03	2.41503e+00	1.49491e+00
5.81709e+03	2.32372e+00	1.43867e+00
6.08574e+03	2.23572e+00	1.38444e+00
6.36681e+03	2.15090e+00	1.33217e+00
6.66085e+03	2.06917e+00	1.28178e+00
6.96847e+03	1.99043e+00	1.23321e+00
7.29030e+03	1.91456e+00	1.18641e+00
7.62699e+03	1.84148e+00	1.14131e+00
7.97923e+03	1.77109e+00	1.09786e+00
8.34773e+03	1.70329e+00	1.05600e+00
8.73326e+03	1.63800e+00	1.01568e+00
9.13659e+03	1.57512e+00	9.76843e-01
9.55855e+03	1.51458e+00	9.39439e-01
1.00000e+04	1.45629e+00	9.03418e-01
1.04618e+04	1.40018e+00	8.68733e-01
1.09450e+04	1.34617e+00	8.35337e-01
1.14505e+04	1.29417e+00	8.03184e-01
1.19793e+04	1.24413e+00	7.72231e-01
1.25325e+04	1.19597e+00	7.42436e-01
1.31113e+04	1.14962e+00	7.13757e-01
1.37169e+04	1.10502e+00	6.86154e-01
1.43504e+04	1.06210e+00	6.59590e-01
1.50131e+04	1.02081e+00	6.34026e-01
1.57065e+04	9.81087e-01	6.09428e-01
1.64318e+04	9.42871e-01	5.85759e-01
1.71907e+04	9.06108e-01	5.62986e-01
1.79847e+04	8.70745e-01	5.41078e-01
1.88152e+04	8.36731e-01	5.20001e-01
1.96842e+04	8.04017e-01	4.99727e-01
2.05933e+04	7.72554e-01	4.80225e-01
2.15443e+04	7.42296e-01	4.61467e-01
2.25393e+04	7.13198e-01	4.43426e-01
2.35803e+04	6.85218e-01	4.26075e-01
2.46693e+04	6.58315e-01	4.09389e-01
2.58086e+04	6.32446e-01	3.93343e-01
2.70005e+04	6.07575e-01	3.77913e-01
2.82475e+04	5.83664e-01	3.63077e-01
2.95521e+04	5.60676e-01	3.48812e-01
3.09169e+04	5.38578e-01	3.35097e-01
3.23448e+04	5.17335e-01	3.21911e-01
3.38386e+04	4.96916e-01	3.09235e-01
3.54013e+04	4.77289e-01	2.97049e-01
3.70363e+04	4.58424e-01	2.85335e-01
3.87468e+04	4.40292e-01	2.74074e-01
4.05362e+04	4.22866e-01	2.63251e-01
4.24083e+04	4.06119e-01	2.52848e-01
4.43669e+04	3.90025e-01	2.42850e-01
4.64159e+04	3.74559e-01	2.33241e-01
4.85595e+04	3.59697e-01	2.24005e-01
5.08022e+04	3.45416e-01	2.15130e-01
5.31484e+04	3.31694e-01	2.06602e-01
5.56030e+04	3.18509e-01	1.98406e-01
5.81709e+04	3.05841e-01	1.90531e-01
6.08574e+04	2.93670e-01	1.82964e-01
6.36681e+04	2.81977e-01	1.75693e-01
6.66085e+04	2.70742e-01	1.68707e-01
6.96847e+04	2.59950e-01	1.61994e-01
7.29029e+04	2.49582e-01	1.55546e-01
7.62699e+04	2.39622e-01	1.49350e-01
7.97923e+04	2.30055e-01	1.43399e-01
8.34773e+04	2.20865e-01	1.37681e-01
8.73326e+04	2.12038e-01	1.32188e-01
9.13659e+04	2.03559e-01	1.26912e-01
9.55855e+04	1.95415e-01	1.21844e-01
1.00000e+05	1.87593e-01	1.16975e-01
1.04618e+05	1.80081e-01	1.12299e-01
1.09450e+05	1.72866e-01	1.07808e-01
1.14505e+05	1.65937e-01	1.03494e-01
1.19793e+05	1.59282e-01	9.93503e-02
1.25325e+05	1.52892e-01	9.53709e-02
1.31113e+05	1.46755e-01	9.15491e-02
1.37169e+05	1.40861e-01	8.78788e-02
1.43504e+05	1.35202e-01	8.43540e-02
1.50131e+05	1.29768e-01	8.09691e-02
1.57065e+05	1.24550e-01	7.77185e-02
1.64318e+05	1.19539e-01	7.45970e-02
1.71907e+05	1.14728e-01	7.15996e-02
1.79846e+05	1.10109e-01	6.87214e-02
1.88152e+05	1.05674e-01	6.59577e-02
1.96842e+05	1.01416e-01	6.33040e-02
2.05933e+05	9.73279e-02	6.07560e-02
2.15444e+05	9.34029e-02	5.83096e-02
2.25393e+05	8.96347e-02	5.59607e-02
2.35803e+05	8.60171e-02	5.37055e-02
2.46693e+05	8.25441e-02	5.15403e-02
2.58086e+05	7.92101e-02	4.94616e-02
2.70006e+05	7.60095e-02	4.74659e-02
2.82475e+05	7.29371e-02	4.55500e-02
2.95521e+05	6.99878e-02	4.37108e-02
3.09169e+05	6.71567e-02	4.19451e-02
3.23448e+05	6.44392e-02	4.02501e-02
3.38386e+05	6.18306e-02	3.86230e-02
3.54013e+05	5.93267e-02	3.70611e-02
3.70363e+05	5.69234e-02	3.55618e-02
3.87468e+05	5.46167e-02	3.41227e-02
4.05362e+05	5.24026e-02	3.27412e-02
4.24083e+05	5.02776e-02	3.14153e-02
4.43669e+05	4.82380e-02	3.01426e-02
4.64159e+05	4.62805e-02	2.89210e-02
4.85595e+05	4.44018e-02	2.77485e-02
5.08022e+05	4.25988e-02	2.66232e-02
5.31484e+05	4.08685e-02	2.55431e-02
5.56030e+05	3.92078e-02	2.45065e-02
5.81709e+05	3.76141e-02	2.35117e-02
6.08574e+05	3.60848e-02	2.25569e-02
6.36680e+05	3.46171e-02	2.16406e-02
6.66085e+05	3.32087e-02	2.07612e-02
6.96847e+05	3.18571e-02	1.99173e-02
7.29030e+05	3.05602e-02	1.91074e-02
7.62699e+05	2.93157e-02	1.83302e-02
7.97923e+05	2.81215e-02	1.75844e-02
8.34773e+05	2.69756e-02	1.68687e-02
8.73326e+05	2.58760e-02	1.61819e-02
9.13659e+05	2.48210e-02	1.55229e-02
9.55855e+05	2.38087e-02	1.48905e-02
1.00000e+06	2.28373e-02	1.42837e-02
