# CH3C6H cross section
256
1.00000e+01	8.47522e-01	1.74157e-01
1.04618e+01	1.39125e+00	6.28908e-01
1.09450e+01	1.96325e+00	1.11963e+00
1.14505e+01	2.60523e+00	1.63836e+00
1.19793e+01	3.59213e+00	2.17809e+00
1.25325e+01	4.61984e+00	2.73268e+00
1.31113e+01	5.80412e+00	3.29675e+00
1.37169e+01	7.21195e+00	3.86559e+00
1.43504e+01	8.65332e+00	4.43509e+00
1.50131e+01	1.01141e+01	5.00163e+00
1.57065e+01	1.17120e+01	5.65888e+00
1.64318e+01	1.35155e+01	6.45824e+00
1.71907e+01	1.53557e+01	7.26433e+00
1.79846e+01	1.72674e+01	8.07052e+00
1.88152e+01	1.91886e+01	8.87104e+00
1.96842e+01	2.10906e+01	9.66088e+00
2.05933e+01	2.29620e+01	1.04357e+01
2.15444e+01	2.47967e+01	1.13312e+01
2.25393e+01	2.66373e+01	1.22309e+01
2.35803e+01	2.84265e+01	1.31152e+01
2.46693e+01	3.02012e+01	1.39789e+01
2.58086e+01	3.19205e+01	1.48177e+01
2.70006e+01	3.35877e+01	1.56277e+01
2.82475e+01	3.52159e+01	1.64058e+01
2.95521e+01	3.68106e+01	1.71494e+01
3.09169e+01	3.83802e+01	1.78561e+01
3.23448e+01	3.98920e+01	1.85243e+01
3.38385e+01	4.13260e+01	1.92081e+01
3.54013e+01	4.26784e+01	1.98732e+01
3.70363e+01	4.39459e+01	2.05175e+01
3.87467e+01	4.51262e+01	2.11346e+01
4.05362e+01	4.62175e+01	2.17125e+01
4.24083e+01	4.72188e+01	2.22496e+01
4.43669e+01	4.81295e+01	2.27447e+01
4.64159e+01	4.89495e+01	2.31969e+01
4.85595e+01	4.96793e+01	2.36240e+01
5.08022e+01	5.03196e+01	2.40091e+01
5.31484e+01	5.08716e+01	2.43518e+01
5.56030e+01	5.13367e+01	2.46519e+01
5.81709e+01	5.17167e+01	2.49098e+01
6.08575e+01	5.20137e+01	2.51259e+01
6.36681e+01	5.22297e+01	2.53008e+01
6.66085e+01	5.23673e+01	2.54354e+01
6.96847e+01	5.24291e+01	2.55307e+01
7.29030e+01	5.24178e+01	2.55877e+01
7.62699e+01	5.23363e+01	2.56077e+01
7.97923e+01	5.21875e+01	2.55921e+01
8.34773e+01	5.19745e+01	2.55421e+01
8.73326e+01	5.17005e+01	2.54593e+01
9.13659e+01	5.13686e+01	2.53451e+01
9.55855e+01	5.09820e+01	2.52050e+01
1.00000e+02	5.05440e+01	2.50384e+01
1.04618e+02	5.00577e+01	2.48454e+01
1.09450e+02	4.95264e+01	2.46277e+01
1.14505e+02	4.89532e+01	2.43868e+01
1.19793e+02	4.83413e+01	2.41241e+01
1.25325e+02	4.76938e+01	2.38413e+01
1.31113e+02	4.70137e+01	2.35397e+01
1.37169e+02	4.63040e+01	2.32235e+01
1.43504e+02	4.55675e+01	2.28920e+01
1.50131e+02	4.48071e+01	2.25464e+01
1.57065e+02	4.40255e+01	2.21880e+01
1.64318e+02	4.32253e+01	2.18181e+01
1.71907e+02	4.24091e+01	2.14381e+01
1.79846e+02	4.15792e+01	2.10492e+01
1.88152e+02	4.07381e+01	2.06526e+01
1.96842e+02	3.98878e+01	2.02495e+01
2.05933e+02	3.90305e+01	1.98410e+01
2.15444e+02	3.81683e+01	1.94293e+01
2.25393e+02	3.73029e+01	1.90143e+01
2.35803e+02	3.64363e+01	1.85969e+01
2.46693e+02	3.55699e+01	1.81781e+01
2.58086e+02	3.47055e+01	1.77587e+01
2.70005e+02	3.38445e+01	1.73402e+01
2.82475e+02	3.29881e+01	1.69227e+01
2.95521e+02	3.21378e+01	1.65068e+01
3.09169e+02	3.12951e+01	1.60931e+01
3.23448e+02	3.04626e+01	1.56828e+01
3.38385e+02	2.96395e+01	1.52760e+01
3.54013e+02	2.88265e+01	1.48731e+01
3.70363e+02	2.80246e+01	1.44750e+01
3.87467e+02	2.72343e+01	1.40817e+01
4.05362e+02	2.64563e+01	1.36936e+01
4.24083e+02	2.56911e+01	1.33110e+01
4.43669e+02	2.49392e+01	1.29342e+01
4.64159e+02	2.42010e+01	1.25634e+01
4.85595e+02	2.34769e+01	1.21990e+01
5.08022e+02	2.27672e+01	1.18410e+01
5.31484e+02	2.20720e+01	1.14897e+01
5.56030e+02	2.13917e+01	1.11453e+01
5.81709e+02	2.07263e+01	1.08078e+01
6.08574e+02	2.00760e+01	1.04773e+01
6.36681e+02	1.94408e+01	1.01540e+01
6.66085e+02	1.88208e+01	9.83780e+00
6.96847e+02	1.82159e+01	9.52887e+00
7.29029e+02	1.76262e+01	9.22718e+00
7.62699e+02	1.70515e+01	8.93274e+00
7.97923e+02	1.64917e+01	8.64553e+00
8.34773e+02	1.59468e+01	8.36554e+00
8.73326e+02	1.54166e+01	8.09272e+00
9.13659e+02	1.49009e+01	7.82702e+00
9.55855e+02	1.43996e+01	7.56838e+00
1.00000e+03	1.39124e+01	7.31674e+00
1.04618e+03	1.34392e+01	7.07200e+00
1.09450e+03	1.29798e+01	6.83409e+00
1.14505e+03	1.25338e+01	6.60290e+00
1.19793e+03	1.21011e+01	6.37834e+00
1.25325e+03	1.16814e+01	6.16030e+00
1.31113e+03	1.12744e+01	5.94867e+00
1.37169e+03	1.08799e+01	5.74332e+00
1.43504e+03	1.04977e+01	5.54416e+00
1.50131e+03	1.01274e+01	5.35104e+00
1.57065e+03	9.76882e+00	5.16385e+00
1.64318e+03	9.42163e+00	4.98246e+00
1.71907e+03	9.08557e+00	4.80674e+00
1.79846e+03	8.76038e+00	4.63657e+00
1.88152e+03	8.44577e+00	4.47180e+00
1.96842e+03	8.14148e+00	4.31232e+00
2.05933e+03	7.84723e+00	4.15799e+00
2.15443e+03	7.56275e+00	4.00868e+00
2.25393e+03	7.28778e+00	3.86427e+00
2.35803e+03	7.02206e+00	3.72462e+00
2.46693e+03	6.76532e+00	3.58961e+00
2.58086e+03	6.51730e+00	3.45911e+00
2.70005e+03	6.27776e+00	3.33299e+00
2.82475e+03	6.04645e+00	3.21114e+00
2.95521e+03	5.82312e+00	3.09343e+00
3.09169e+03	5.60753e+00	2.97974e+00
3.23448e+03	5.39945e+00	2.86995e+00
3.38386e+03	5.19865e+00	2.76395e+00
3.54013e+03	5.00490e+00	2.66163e+00
3.70363e+03	4.81798e+00	2.56287e+00
3.87468e+03	4.63768e+00	2.46757e+00
4.05362e+03	4.46379e+00	2.37561e+00
4.24083e+03	4.29609e+00	2.28689e+00
4.43669e+03	4.13440e+00	2.20131e+00
4.64159e+03	3.97851e+00	2.11878e+00
4.85595e+03	3.82823e+00	2.03919e+00
5.08022e+03	3.68339e+00	1.96244e+00
5.31484e+03	3.54379e+00	1.88845e+00
5.56030e+03	3.40927e+00	1.81713e+00
5.81709e+03	3.27965e+00	1.74839e+00
6.08574e+03	3.15477e+00	1.68213e+00
6.36681e+03	3.03446e+00	1.61828e+00
6.66085e+03	2.91858e+00	1.55676e+00
6.96847e+03	2.80696e+00	1.49749e+00
7.29030e+03	2.69946e+00	1.44040e+00
7.62699e+03	2.59594e+00	1.38539e+00
7.97923e+03	2.49626e+00	1.33242e+00
8.34773e+03	2.40029e+00	1.28140e+00
8.73326e+03	2.30789e+00	1.23227e+00
9.13659e+03	2.21894e+00	1.18496e+00
9.55855e+03	2.13331e+00	1.13941e+00
1.00000e+04	2.05090e+00	1.09556e+00
1.04618e+04	1.97158e+00	1.05334e+00
1.09450e+04	1.89524e+00	1.01270e+00
1.14505e+04	1.82178e+00	9.73590e-01
1.19793e+04	1.75109e+00	9.35944e-01
1.25325e+04	1.68307e+00	8.99714e-01
1.31113e+04	1.61763e+00	8.64849e-01
1.37169e+04	1.55468e+00	8.31299e-01
1.43504e+04	1.49411e+00	7.99019e-01
1.50131e+04	1.43585e+00	7.67961e-01
1.57065e+04	1.37981e+00	7.38080e-01
1.64318e+04	1.32591e+00	7.09335e-01
1.71907e+04	1.27406e+00	6.81683e-01
1.79847e+04	1.22420e+00	6.55085e-01
1.88152e+04	1.17626e+00	6.29502e-01
1.96842e+04	1.13014e+00	6.04896e-01
2.05933e+04	1.08581e+00	5.81232e-01
2.15443e+04	1.04317e+00	5.58474e-01
2.25393e+04	1.00218e+00	5.36589e-01
2.35803e+04	9.62773e-01	5.15544e-01
2.46693e+04	9.24883e-01	4.95309e-01
2.58086e+04	8.88457e-01	4.75852e-01
2.70005e+04	8.53441e-01	4.57146e-01
2.82475e+04	8.19780e-01	4.39161e-01
2.95521e+04	7.87424e-01	4.21872e-01
3.09169e+04	7.56324e-01	4.05250e-01
3.23448e+04	7.26431e-01	3.89273e-01
3.38386e+04	6.97701e-01	3.73914e-01
3.54013e+04	6.70089e-01	3.59151e-01
3.70363e+04	6.43553e-01	3.44961e-01
3.87468e+04	6.18051e-01	3.31323e-01
4.05362e+04	5.93544e-01	3.18216e-01
4.24083e+04	5.69995e-01	3.05619e-01
4.43669e+04	5.47366e-01	2.93513e-01
4.64159e+04	5.25623e-01	2.81879e-01
4.85595e+04	5.04731e-01	2.70699e-01
5.08022e+04	4.84658e-01	2.59957e-01
5.31484e+04	4.65372e-01	2.49634e-01
5.56030e+04	4.46843e-01	2.39716e-01
5.81709e+04	4.29042e-01	2.30186e-01
6.08574e+04	4.11941e-01	2.21030e-01
6.36681e+04	3.95513e-01	2.12233e-01
6.66085e+04	3.79731e-01	2.03782e-01
6.96847e+04	3.64571e-01	1.95662e-01
7.29029e+04	3.50009e-01	1.87862e-01
7.62699e+04	3.36021e-01	1.80369e-01
7.97923e+04	3.22586e-01	1.73171e-01
8.34773e+04	3.09682e-01	1.66257e-01
8.73326e+04	2.97287e-01	1.59615e-01
9.13659e+04	2.85383e-01	1.53235e-01
9.55855e+04	2.73950e-01	1.47108e-01
1.00000e+05	2.62970e-01	1.41222e-01
1.04618e+05	2.52425e-01	1.35570e-01
1.09450e+05	2.42299e-01	1.30141e-01
1.14505e+05	2.32574e-01	1.24926e-01
1.19793e+05	2.23235e-01	1.19919e-01
1.25325e+05	2.14267e-01	1.15110e-01
1.31113e+05	2.05656e-01	1.10492e-01
1.37169e+05	1.97387e-01	1.06057e-01
1.43504e+05	1.89448e-01	1.01798e-01
1.50131e+05	1.81824e-01	9.77081e-02
1.57065e+05	1.74504e-01	9.37811e-02
1.64318e+05	1.67476e-01	9.00102e-02
1.71907e+05	1.60728e-01	8.63894e-02
1.79846e+05	1.54250e-01	8.29129e-02
1.88152e+05	1.48030e-01	7.95748e-02
1.96842e+05	1.42059e-01	7.63698e-02
2.05933e+05	1.36326e-01	7.32927e-02
2.15444e+05	1.30822e-01	7.03383e-02
2.25393e+05	1.25539e-01	6.75019e-02
2.35803e+05	1.20467e-01	6.47788e-02
2.46693e+05	1.15598e-01	6.21646e-02
2.58086e+05	1.10924e-01	5.96548e-02
2.70006e+05	1.06437e-01	5.72455e-02
2.82475e+05	1.02130e-01	5.49326e-02
2.95521e+05	9.79966e-02	5.27123e-02
3.09169e+05	9.40286e-02	5.05810e-02
3.23448e+05	9.02199e-02	4.85351e-02
3.38386e+05	8.65642e-02	4.65712e-02
3.54013e+05	8.30554e-02	4.46861e-02
3.70363e+05	7.96876e-02	4.28767e-02
3.87468e+05	7.64553e-02	4.11399e-02
4.05362e+05	7.33531e-02	3.94729e-02
4.24083e+05	7.03757e-02	3.78729e-02
4.43669e+05	6.75183e-02	3.63372e-02
4.64159e+05	6.47759e-02	3.48633e-02
4.85595e+05	6.21441e-02	3.34487e-02
5.08022e+05	5.96184e-02	3.20910e-02
5.31484e+05	5.71945e-02	3.07880e-02
5.56030e+05	5.48685e-02	2.95375e-02
5.81709e+05	5.26363e-02	2.83374e-02
6.08574e+05	5.04943e-02	2.71856e-02
6.36680e+05	4.84388e-02	2.60804e-02
6.66085e+05	4.64664e-02	2.50197e-02
6.96847e+05	4.45737e-02	2.40019e-02
7.29030e+05	4.27575e-02	2.30251e-02
7.62699e+05	4.10149e-02	2.20878e-02
7.97923e+05	3.93427e-02	2.11884e-02
8.34773e+05	3.77383e-02	2.03253e-02
8.73326e+05	3.61988e-02	1.94972e-02
9.13659e+05	3.47217e-02	1.87026e-02
9.55855e+05	3.33045e-02	1.79401e-02
1.00000e+06	3.19447e-02	1.72085e-02
