# CH3CCH cross section
256
1.00000e+01	0.00000e+00
1.02746e+01	0.00000e+00
1.05567e+01	0.00000e+00
1.08466e+01	2.12015e-01
1.11445e+01	4.67470e-01
1.14505e+01	7.35677e-01
1.17649e+01	1.01488e+00
1.20880e+01	1.30347e+00
1.24199e+01	1.59993e+00
1.27609e+01	1.90289e+00
1.31113e+01	2.21106e+00
1.34714e+01	2.52327e+00
1.38413e+01	2.83844e+00
1.42214e+01	3.15555e+00
1.46119e+01	3.47369e+00
1.50131e+01	3.79199e+00
1.54254e+01	4.17713e+00
1.58489e+01	4.67924e+00
1.62841e+01	5.21922e+00
1.67313e+01	5.76659e+00
1.71907e+01	6.31924e+00
1.76628e+01	6.87524e+00
1.81478e+01	7.46358e+00
1.86461e+01	8.07516e+00
1.91581e+01	8.68786e+00
1.96842e+01	9.29989e+00
2.02247e+01	9.90962e+00
2.07801e+01	1.05155e+01
2.13507e+01	1.11163e+01
2.19370e+01	1.17106e+01
2.25393e+01	1.22973e+01
2.31583e+01	1.28754e+01
2.37942e+01	1.34439e+01
2.44475e+01	1.40020e+01
2.51189e+01	1.45487e+01
2.58086e+01	1.50835e+01
2.65173e+01	1.56213e+01
2.72455e+01	1.61575e+01
2.79936e+01	1.66813e+01
2.87623e+01	1.71920e+01
2.95521e+01	1.77098e+01
3.03636e+01	1.82165e+01
3.11974e+01	1.87097e+01
3.20540e+01	1.91887e+01
3.29342e+01	1.96531e+01
3.38385e+01	2.01024e+01
3.47677e+01	2.05362e+01
3.57225e+01	2.09542e+01
3.67034e+01	2.13560e+01
3.77112e+01	2.17415e+01
3.87467e+01	2.21105e+01
3.98107e+01	2.24627e+01
4.09039e+01	2.27981e+01
4.20271e+01	2.31166e+01
4.31811e+01	2.34181e+01
4.43669e+01	2.37027e+01
4.55852e+01	2.39704e+01
4.68369e+01	2.42211e+01
4.81230e+01	2.44550e+01
4.94445e+01	2.46722e+01
5.08022e+01	2.48728e+01
5.21972e+01	2.50570e+01
5.36305e+01	2.52249e+01
5.51032e+01	2.53766e+01
5.66163e+01	2.55125e+01
5.81709e+01	2.56326e+01
5.97683e+01	2.57374e+01
6.14095e+01	2.58269e+01
6.30957e+01	2.59015e+01
6.48283e+01	2.59614e+01
6.66085e+01	2.60070e+01
6.84375e+01	2.60385e+01
7.03168e+01	2.60562e+01
7.22476e+01	2.60604e+01
7.42315e+01	2.60516e+01
7.62699e+01	2.60299e+01
7.83642e+01	2.59958e+01
8.05160e+01	2.59495e+01
8.27270e+01	2.58915e+01
8.49986e+01	2.58220e+01
8.73326e+01	2.57415e+01
8.97307e+01	2.56503e+01
9.21947e+01	2.55487e+01
9.47263e+01	2.54370e+01
9.73274e+01	2.53158e+01
1.00000e+02	2.51853e+01
1.02746e+02	2.50458e+01
1.05567e+02	2.48978e+01
1.08466e+02	2.47416e+01
1.11445e+02	2.45775e+01
1.14505e+02	2.44059e+01
1.17649e+02	2.42272e+01
1.20880e+02	2.40416e+01
1.24199e+02	2.38496e+01
1.27609e+02	2.36514e+01
1.31113e+02	2.34475e+01
1.34714e+02	2.32380e+01
1.38413e+02	2.30235e+01
1.42214e+02	2.28040e+01
1.46119e+02	2.25801e+01
1.50131e+02	2.23519e+01
1.54254e+02	2.21198e+01
1.58489e+02	2.18841e+01
1.62841e+02	2.16451e+01
1.67313e+02	2.14030e+01
1.71907e+02	2.11581e+01
1.76628e+02	2.09107e+01
1.81478e+02	2.06610e+01
1.86461e+02	2.04093e+01
1.91581e+02	2.01558e+01
1.96842e+02	1.99008e+01
2.02247e+02	1.96445e+01
2.07801e+02	1.93871e+01
2.13507e+02	1.91289e+01
2.19370e+02	1.88700e+01
2.25393e+02	1.86106e+01
2.31583e+02	1.83510e+01
2.37942e+02	1.80913e+01
2.44476e+02	1.78317e+01
2.51189e+02	1.75724e+01
2.58086e+02	1.73135e+01
2.65173e+02	1.70553e+01
2.72455e+02	1.67977e+01
2.79936e+02	1.65411e+01
2.87623e+02	1.62855e+01
2.95521e+02	1.60310e+01
3.03636e+02	1.57778e+01
3.11974e+02	1.55265e+01
3.20540e+02	1.52769e+01
3.29342e+02	1.50289e+01
3.38385e+02	1.47827e+01
3.47677e+02	1.45383e+01
3.57224e+02	1.42959e+01
3.67034e+02	1.40554e+01
3.77112e+02	1.38170e+01
3.87467e+02	1.35808e+01
3.98107e+02	1.33468e+01
4.09039e+02	1.31151e+01
4.20271e+02	1.28856e+01
4.31811e+02	1.26586e+01
4.43669e+02	1.24340e+01
4.55852e+02	1.22119e+01
4.68369e+02	1.19923e+01
4.81230e+02	1.17753e+01
4.94445e+02	1.15608e+01
5.08022e+02	1.13489e+01
5.21972e+02	1.11397e+01
5.36305e+02	1.09332e+01
5.51032e+02	1.07293e+01
5.66163e+02	1.05281e+01
5.81709e+02	1.03297e+01
5.97683e+02	1.01339e+01
6.14095e+02	9.94087e+00
6.30957e+02	9.75058e+00
6.48283e+02	9.56303e+00
6.66085e+02	9.37821e+00
6.84375e+02	9.19613e+00
7.03168e+02	9.01677e+00
7.22476e+02	8.84014e+00
7.42315e+02	8.66623e+00
7.62699e+02	8.49503e+00
7.83642e+02	8.32652e+00
8.05160e+02	8.16070e+00
8.27270e+02	7.99755e+00
8.49986e+02	7.83705e+00
8.73326e+02	7.67919e+00
8.97307e+02	7.52395e+00
9.21947e+02	7.37132e+00
9.47263e+02	7.22126e+00
9.73274e+02	7.07376e+00
1.00000e+03	6.92880e+00
1.02746e+03	6.78635e+00
1.05567e+03	6.64639e+00
1.08466e+03	6.50890e+00
1.11444e+03	6.37384e+00
1.14505e+03	6.24120e+00
1.17649e+03	6.11095e+00
1.20880e+03	5.98306e+00
1.24199e+03	5.85750e+00
1.27609e+03	5.73425e+00
1.31113e+03	5.61327e+00
1.34714e+03	5.49454e+00
1.38413e+03	5.37803e+00
1.42214e+03	5.26371e+00
1.46119e+03	5.15155e+00
1.50131e+03	5.04152e+00
1.54254e+03	4.93359e+00
1.58489e+03	4.82774e+00
1.62841e+03	4.72393e+00
1.67313e+03	4.62213e+00
1.71907e+03	4.52231e+00
1.76628e+03	4.42444e+00
1.81478e+03	4.32850e+00
1.86461e+03	4.23445e+00
1.91581e+03	4.14227e+00
1.96842e+03	4.05192e+00
2.02247e+03	3.96337e+00
2.07801e+03	3.87660e+00
2.13507e+03	3.79158e+00
2.19370e+03	3.70827e+00
2.25393e+03	3.62665e+00
2.31583e+03	3.54670e+00
2.37942e+03	3.46838e+00
2.44476e+03	3.39166e+00
2.51189e+03	3.31651e+00
2.58086e+03	3.24292e+00
2.65173e+03	3.17085e+00
2.72455e+03	3.10027e+00
2.79936e+03	3.03117e+00
2.87623e+03	2.96350e+00
2.95521e+03	2.89725e+00
3.03636e+03	2.83239e+00
3.11974e+03	2.76890e+00
3.20540e+03	2.70674e+00
3.29342e+03	2.64590e+00
3.38386e+03	2.58635e+00
3.47677e+03	2.52806e+00
3.57224e+03	2.47102e+00
3.67034e+03	2.41519e+00
3.77112e+03	2.36056e+00
3.87468e+03	2.30710e+00
3.98107e+03	2.25479e+00
4.09039e+03	2.20361e+00
4.20271e+03	2.15353e+00
4.31811e+03	2.10454e+00
4.43669e+03	2.05661e+00
4.55852e+03	2.00972e+00
4.68369e+03	1.96385e+00
4.81230e+03	1.91898e+00
4.94445e+03	1.87509e+00
5.08022e+03	1.83216e+00
5.21972e+03	1.79017e+00
5.36305e+03	1.74910e+00
5.51032e+03	1.70894e+00
5.66163e+03	1.66966e+00
5.81709e+03	1.63125e+00
5.97683e+03	1.59370e+00
6.14095e+03	1.55697e+00
6.30957e+03	1.52105e+00
6.48283e+03	1.48594e+00
6.66085e+03	1.45160e+00
6.84375e+03	1.41803e+00
7.03168e+03	1.38521e+00
7.22476e+03	1.35312e+00
7.42315e+03	1.32175e+00
7.62699e+03	1.29109e+00
7.83642e+03	1.26111e+00
8.05160e+03	1.23181e+00
8.27270e+03	1.20316e+00
8.49986e+03	1.17516e+00
8.73326e+03	1.14779e+00
8.97307e+03	1.12104e+00
9.21947e+03	1.09489e+00
9.47263e+03	1.06934e+00
9.73274e+03	1.04436e+00
1.00000e+04	1.01995e+00
