# CH3NH cross section
256
1.00000e+01	0.00000e+00
1.04618e+01	4.84330e-03
1.09450e+01	1.14611e-01
1.14505e+01	3.09091e-01
1.19793e+01	5.72153e-01
1.25325e+01	8.51788e-01
1.31113e+01	1.14418e+00
1.37169e+01	1.44597e+00
1.43504e+01	1.75971e+00
1.50131e+01	2.18705e+00
1.57065e+01	2.71171e+00
1.64318e+01	3.31758e+00
1.71907e+01	4.01421e+00
1.79846e+01	4.72977e+00
1.88152e+01	5.45364e+00
1.96842e+01	6.17977e+00
2.05933e+01	6.90289e+00
2.15444e+01	7.61839e+00
2.25393e+01	8.32230e+00
2.35803e+01	9.01358e+00
2.46693e+01	9.71771e+00
2.58086e+01	1.04238e+01
2.70006e+01	1.11108e+01
2.82475e+01	1.17757e+01
2.95521e+01	1.24162e+01
3.09169e+01	1.30374e+01
3.23448e+01	1.36412e+01
3.38385e+01	1.42273e+01
3.54013e+01	1.47884e+01
3.70363e+01	1.53193e+01
3.87467e+01	1.58191e+01
4.05362e+01	1.62867e+01
4.24083e+01	1.67214e+01
4.43669e+01	1.71228e+01
4.64159e+01	1.74906e+01
4.85595e+01	1.78247e+01
5.08022e+01	1.81251e+01
5.31484e+01	1.83921e+01
5.56030e+01	1.86259e+01
5.81709e+01	1.88272e+01
6.08575e+01	1.89964e+01
6.36681e+01	1.91341e+01
6.66085e+01	1.92412e+01
6.96847e+01	1.93185e+01
7.29030e+01	1.93668e+01
7.62699e+01	1.93871e+01
7.97923e+01	1.93805e+01
8.34773e+01	1.93481e+01
8.73326e+01	1.92907e+01
9.13659e+01	1.92098e+01
9.55855e+01	1.91063e+01
1.00000e+02	1.89814e+01
1.04618e+02	1.88364e+01
1.09450e+02	1.86724e+01
1.14505e+02	1.84905e+01
1.19793e+02	1.82921e+01
1.25325e+02	1.80782e+01
1.31113e+02	1.78501e+01
1.37169e+02	1.76088e+01
1.43504e+02	1.73555e+01
1.50131e+02	1.70914e+01
1.57065e+02	1.68173e+01
1.64318e+02	1.65345e+01
1.71907e+02	1.62439e+01
1.79846e+02	1.59465e+01
1.88152e+02	1.56433e+01
1.96842e+02	1.53350e+01
2.05933e+02	1.50227e+01
2.15444e+02	1.47071e+01
2.25393e+02	1.43889e+01
2.35803e+02	1.40690e+01
2.46693e+02	1.37480e+01
2.58086e+02	1.34267e+01
2.70005e+02	1.31055e+01
2.82475e+02	1.27852e+01
2.95521e+02	1.24661e+01
3.09169e+02	1.21490e+01
3.23448e+02	1.18345e+01
3.38385e+02	1.15227e+01
3.54013e+02	1.12141e+01
3.70363e+02	1.09089e+01
3.87467e+02	1.06076e+01
4.05362e+02	1.03103e+01
4.24083e+02	1.00175e+01
4.43669e+02	9.72938e+00
4.64159e+02	9.44611e+00
4.85595e+02	9.16783e+00
5.08022e+02	8.89469e+00
5.31484e+02	8.62683e+00
5.56030e+02	8.36435e+00
5.81709e+02	8.10734e+00
6.08574e+02	7.85587e+00
6.36681e+02	7.61000e+00
6.66085e+02	7.36976e+00
6.96847e+02	7.13518e+00
7.29029e+02	6.90626e+00
7.62699e+02	6.68299e+00
7.97923e+02	6.46536e+00
8.34773e+02	6.25334e+00
8.73326e+02	6.04690e+00
9.13659e+02	5.84598e+00
9.55855e+02	5.65053e+00
1.00000e+03	5.46049e+00
1.04618e+03	5.27579e+00
1.09450e+03	5.09635e+00
1.14505e+03	4.92211e+00
1.19793e+03	4.75296e+00
1.25325e+03	4.58882e+00
1.31113e+03	4.42961e+00
1.37169e+03	4.27522e+00
1.43504e+03	4.12556e+00
1.50131e+03	3.98054e+00
1.57065e+03	3.84004e+00
1.64318e+03	3.70397e+00
1.71907e+03	3.57222e+00
1.79846e+03	3.44470e+00
1.88152e+03	3.32130e+00
1.96842e+03	3.20192e+00
2.05933e+03	3.08645e+00
2.15443e+03	2.97479e+00
2.25393e+03	2.86684e+00
2.35803e+03	2.76250e+00
2.46693e+03	2.66167e+00
2.58086e+03	2.56425e+00
2.70005e+03	2.47015e+00
2.82475e+03	2.37926e+00
2.95521e+03	2.29150e+00
3.09169e+03	2.20677e+00
3.23448e+03	2.12499e+00
3.38386e+03	2.04605e+00
3.54013e+03	1.96988e+00
3.70363e+03	1.89638e+00
3.87468e+03	1.82548e+00
4.05362e+03	1.75710e+00
4.24083e+03	1.69114e+00
4.43669e+03	1.62754e+00
4.64159e+03	1.56622e+00
4.85595e+03	1.50711e+00
5.08022e+03	1.45013e+00
5.31484e+03	1.39520e+00
5.56030e+03	1.34227e+00
5.81709e+03	1.29127e+00
6.08574e+03	1.24213e+00
6.36681e+03	1.19479e+00
6.66085e+03	1.14918e+00
6.96847e+03	1.10526e+00
7.29030e+03	1.06295e+00
7.62699e+03	1.02221e+00
7.97923e+03	9.82972e-01
8.34773e+03	9.45195e-01
8.73326e+03	9.08824e-01
9.13659e+03	8.73810e-01
9.55855e+03	8.40104e-01
1.00000e+04	8.07660e-01
1.04618e+04	7.76433e-01
1.09450e+04	7.46381e-01
1.14505e+04	7.17460e-01
1.19793e+04	6.89630e-01
1.25325e+04	6.62851e-01
1.31113e+04	6.37086e-01
1.37169e+04	6.12298e-01
1.43504e+04	5.88452e-01
1.50131e+04	5.65512e-01
1.57065e+04	5.43446e-01
1.64318e+04	5.22221e-01
1.71907e+04	5.01807e-01
1.79847e+04	4.82174e-01
1.88152e+04	4.63293e-01
1.96842e+04	4.45136e-01
2.05933e+04	4.27676e-01
2.15443e+04	4.10888e-01
2.25393e+04	3.94746e-01
2.35803e+04	3.79225e-01
2.46693e+04	3.64304e-01
2.58086e+04	3.49959e-01
2.70005e+04	3.36169e-01
2.82475e+04	3.22913e-01
2.95521e+04	3.10170e-01
3.09169e+04	2.97922e-01
3.23448e+04	2.86149e-01
3.38386e+04	2.74834e-01
3.54013e+04	2.63959e-01
3.70363e+04	2.53508e-01
3.87468e+04	2.43464e-01
4.05362e+04	2.33812e-01
4.24083e+04	2.24537e-01
4.43669e+04	2.15624e-01
4.64159e+04	2.07060e-01
4.85595e+04	1.98831e-01
5.08022e+04	1.90925e-01
5.31484e+04	1.83329e-01
5.56030e+04	1.76031e-01
5.81709e+04	1.69019e-01
6.08574e+04	1.62283e-01
6.36681e+04	1.55812e-01
6.66085e+04	1.49596e-01
6.96847e+04	1.43624e-01
7.29029e+04	1.37888e-01
7.62699e+04	1.32379e-01
7.97923e+04	1.27086e-01
8.34773e+04	1.22003e-01
8.73326e+04	1.17121e-01
9.13659e+04	1.12432e-01
9.55855e+04	1.07928e-01
1.00000e+05	1.03603e-01
1.04618e+05	9.94491e-02
1.09450e+05	9.54600e-02
1.14505e+05	9.16291e-02
1.19793e+05	8.79503e-02
1.25325e+05	8.44176e-02
1.31113e+05	8.10254e-02
1.37169e+05	7.77680e-02
1.43504e+05	7.46403e-02
1.50131e+05	7.16370e-02
1.57065e+05	6.87534e-02
1.64318e+05	6.59847e-02
1.71907e+05	6.33264e-02
1.79846e+05	6.07742e-02
1.88152e+05	5.83239e-02
1.96842e+05	5.59714e-02
2.05933e+05	5.37129e-02
2.15444e+05	5.15446e-02
2.25393e+05	4.94632e-02
2.35803e+05	4.74650e-02
2.46693e+05	4.55468e-02
2.58086e+05	4.37054e-02
2.70006e+05	4.19378e-02
2.82475e+05	4.02411e-02
2.95521e+05	3.86124e-02
3.09169e+05	3.70491e-02
3.23448e+05	3.55486e-02
3.38386e+05	3.41083e-02
3.54013e+05	3.27259e-02
3.70363e+05	3.13990e-02
3.87468e+05	3.01256e-02
4.05362e+05	2.89033e-02
4.24083e+05	2.77303e-02
4.43669e+05	2.66044e-02
4.64159e+05	2.55240e-02
4.85595e+05	2.44870e-02
5.08022e+05	2.34919e-02
5.31484e+05	2.25369e-02
5.56030e+05	2.16204e-02
5.81709e+05	2.07409e-02
6.08574e+05	1.98970e-02
6.36680e+05	1.90871e-02
6.66085e+05	1.83099e-02
6.96847e+05	1.75642e-02
7.29030e+05	1.68486e-02
7.62699e+05	1.61620e-02
7.97923e+05	1.55031e-02
8.34773e+05	1.48709e-02
8.73326e+05	1.42644e-02
9.13659e+05	1.36823e-02
9.55855e+05	1.31239e-02
1.00000e+06	1.25881e-02
