# CH3NH2 cross section
256
1.00000e+01	1.59686e-01
1.02746e+01	2.79097e-01
1.05567e+01	4.04215e-01
1.08466e+01	5.34309e-01
1.11445e+01	6.68706e-01
1.14505e+01	8.06781e-01
1.17649e+01	9.47956e-01
1.20880e+01	1.09170e+00
1.24199e+01	1.23751e+00
1.27609e+01	1.38493e+00
1.31113e+01	1.53354e+00
1.34714e+01	1.70015e+00
1.38413e+01	1.93516e+00
1.42214e+01	2.17501e+00
1.46119e+01	2.46934e+00
1.50131e+01	2.79113e+00
1.54254e+01	3.12190e+00
1.58489e+01	3.52149e+00
1.62841e+01	3.92837e+00
1.67313e+01	4.34092e+00
1.71907e+01	4.77998e+00
1.76628e+01	5.25885e+00
1.81478e+01	5.74232e+00
1.86461e+01	6.22874e+00
1.91581e+01	6.71662e+00
1.96842e+01	7.20456e+00
2.02247e+01	7.69130e+00
2.07801e+01	8.17566e+00
2.13507e+01	8.65657e+00
2.19370e+01	9.13304e+00
2.25393e+01	9.60417e+00
2.31583e+01	1.00691e+01
2.37942e+01	1.05271e+01
2.44475e+01	1.09793e+01
2.51189e+01	1.14524e+01
2.58086e+01	1.19183e+01
2.65173e+01	1.23762e+01
2.72455e+01	1.28256e+01
2.79936e+01	1.32657e+01
2.87623e+01	1.36959e+01
2.95521e+01	1.41158e+01
3.03636e+01	1.45249e+01
3.11974e+01	1.49227e+01
3.20540e+01	1.53124e+01
3.29342e+01	1.57052e+01
3.38385e+01	1.60867e+01
3.47677e+01	1.64566e+01
3.57225e+01	1.68145e+01
3.67034e+01	1.71600e+01
3.77112e+01	1.74929e+01
3.87467e+01	1.78130e+01
3.98107e+01	1.81201e+01
4.09039e+01	1.84140e+01
4.20271e+01	1.86945e+01
4.31811e+01	1.89617e+01
4.43669e+01	1.92154e+01
4.55852e+01	1.94556e+01
4.68369e+01	1.96822e+01
4.81230e+01	1.98953e+01
4.94445e+01	2.00949e+01
5.08022e+01	2.02811e+01
5.21972e+01	2.04538e+01
5.36305e+01	2.06133e+01
5.51032e+01	2.07596e+01
5.66163e+01	2.08928e+01
5.81709e+01	2.10131e+01
5.97683e+01	2.11207e+01
6.14095e+01	2.12156e+01
6.30957e+01	2.12981e+01
6.48283e+01	2.13683e+01
6.66085e+01	2.14266e+01
6.84375e+01	2.14730e+01
7.03168e+01	2.15078e+01
7.22476e+01	2.15313e+01
7.42315e+01	2.15436e+01
7.62699e+01	2.15450e+01
7.83642e+01	2.15358e+01
8.05160e+01	2.15163e+01
8.27270e+01	2.14866e+01
8.49986e+01	2.14471e+01
8.73326e+01	2.13980e+01
8.97307e+01	2.13397e+01
9.21947e+01	2.12723e+01
9.47263e+01	2.11962e+01
9.73274e+01	2.11117e+01
1.00000e+02	2.10191e+01
1.02746e+02	2.09185e+01
1.05567e+02	2.08104e+01
1.08466e+02	2.06950e+01
1.11445e+02	2.05726e+01
1.14505e+02	2.04435e+01
1.17649e+02	2.03080e+01
1.20880e+02	2.01663e+01
1.24199e+02	2.00187e+01
1.27609e+02	1.98655e+01
1.31113e+02	1.97071e+01
1.34714e+02	1.95436e+01
1.38413e+02	1.93753e+01
1.42214e+02	1.92025e+01
1.46119e+02	1.90255e+01
1.50131e+02	1.88445e+01
1.54254e+02	1.86598e+01
1.58489e+02	1.84716e+01
1.62841e+02	1.82802e+01
1.67313e+02	1.80857e+01
1.71907e+02	1.78885e+01
1.76628e+02	1.76888e+01
1.81478e+02	1.74868e+01
1.86461e+02	1.72826e+01
1.91581e+02	1.70766e+01
1.96842e+02	1.68689e+01
2.02247e+02	1.66597e+01
2.07801e+02	1.64493e+01
2.13507e+02	1.62378e+01
2.19370e+02	1.60253e+01
2.25393e+02	1.58122e+01
2.31583e+02	1.55984e+01
2.37942e+02	1.53843e+01
2.44476e+02	1.51700e+01
2.51189e+02	1.49555e+01
2.58086e+02	1.47411e+01
2.65173e+02	1.45270e+01
2.72455e+02	1.43132e+01
2.79936e+02	1.40998e+01
2.87623e+02	1.38871e+01
2.95521e+02	1.36751e+01
3.03636e+02	1.34639e+01
3.11974e+02	1.32539e+01
3.20540e+02	1.30449e+01
3.29342e+02	1.28371e+01
3.38385e+02	1.26305e+01
3.47677e+02	1.24253e+01
3.57224e+02	1.22215e+01
3.67034e+02	1.20192e+01
3.77112e+02	1.18184e+01
3.87467e+02	1.16193e+01
3.98107e+02	1.14219e+01
4.09039e+02	1.12263e+01
4.20271e+02	1.10324e+01
4.31811e+02	1.08406e+01
4.43669e+02	1.06506e+01
4.55852e+02	1.04627e+01
4.68369e+02	1.02767e+01
4.81230e+02	1.00928e+01
4.94445e+02	9.91099e+00
5.08022e+02	9.73128e+00
5.21972e+02	9.55370e+00
5.36305e+02	9.37829e+00
5.51032e+02	9.20506e+00
5.66163e+02	9.03404e+00
5.81709e+02	8.86523e+00
5.97683e+02	8.69866e+00
6.14095e+02	8.53433e+00
6.30957e+02	8.37225e+00
6.48283e+02	8.21243e+00
6.66085e+02	8.05488e+00
6.84375e+02	7.89960e+00
7.03168e+02	7.74658e+00
7.22476e+02	7.59583e+00
7.42315e+02	7.44735e+00
7.62699e+02	7.30112e+00
7.83642e+02	7.15715e+00
8.05160e+02	7.01542e+00
8.27270e+02	6.87593e+00
8.49986e+02	6.73867e+00
8.73326e+02	6.60362e+00
8.97307e+02	6.47078e+00
9.21947e+02	6.34012e+00
9.47263e+02	6.21164e+00
9.73274e+02	6.08531e+00
1.00000e+03	5.96112e+00
1.02746e+03	5.83906e+00
1.05567e+03	5.71910e+00
1.08466e+03	5.60123e+00
1.11444e+03	5.48543e+00
1.14505e+03	5.37167e+00
1.17649e+03	5.25993e+00
1.20880e+03	5.15020e+00
1.24199e+03	5.04244e+00
1.27609e+03	4.93665e+00
1.31113e+03	4.83279e+00
1.34714e+03	4.73084e+00
1.38413e+03	4.63078e+00
1.42214e+03	4.53259e+00
1.46119e+03	4.43624e+00
1.50131e+03	4.34170e+00
1.54254e+03	4.24896e+00
1.58489e+03	4.15798e+00
1.62841e+03	4.06875e+00
1.67313e+03	3.98124e+00
1.71907e+03	3.89542e+00
1.76628e+03	3.81127e+00
1.81478e+03	3.72876e+00
1.86461e+03	3.64787e+00
1.91581e+03	3.56858e+00
1.96842e+03	3.49085e+00
2.02247e+03	3.41468e+00
2.07801e+03	3.34002e+00
2.13507e+03	3.26686e+00
2.19370e+03	3.19517e+00
2.25393e+03	3.12493e+00
2.31583e+03	3.05611e+00
2.37942e+03	2.98869e+00
2.44476e+03	2.92265e+00
2.51189e+03	2.85796e+00
2.58086e+03	2.79460e+00
2.65173e+03	2.73255e+00
2.72455e+03	2.67178e+00
2.79936e+03	2.61227e+00
2.87623e+03	2.55400e+00
2.95521e+03	2.49695e+00
3.03636e+03	2.44109e+00
3.11974e+03	2.38640e+00
3.20540e+03	2.33286e+00
3.29342e+03	2.28045e+00
3.38386e+03	2.22916e+00
3.47677e+03	2.17895e+00
3.57224e+03	2.12981e+00
3.67034e+03	2.08171e+00
3.77112e+03	2.03464e+00
3.87468e+03	1.98859e+00
3.98107e+03	1.94352e+00
4.09039e+03	1.89941e+00
4.20271e+03	1.85626e+00
4.31811e+03	1.81405e+00
4.43669e+03	1.77274e+00
4.55852e+03	1.73234e+00
4.68369e+03	1.69281e+00
4.81230e+03	1.65414e+00
4.94445e+03	1.61632e+00
5.08022e+03	1.57932e+00
5.21972e+03	1.54313e+00
5.36305e+03	1.50774e+00
5.51032e+03	1.47313e+00
5.66163e+03	1.43928e+00
5.81709e+03	1.40617e+00
5.97683e+03	1.37380e+00
6.14095e+03	1.34214e+00
6.30957e+03	1.31119e+00
6.48283e+03	1.28092e+00
6.66085e+03	1.25132e+00
6.84375e+03	1.22239e+00
7.03168e+03	1.19410e+00
7.22476e+03	1.16644e+00
7.42315e+03	1.13940e+00
7.62699e+03	1.11296e+00
7.83642e+03	1.08712e+00
8.05160e+03	1.06186e+00
8.27270e+03	1.03717e+00
8.49986e+03	1.01303e+00
8.73326e+03	9.89438e-01
8.97307e+03	9.66378e-01
9.21947e+03	9.43839e-01
9.47263e+03	9.21809e-01
9.73274e+03	9.00279e-01
1.00000e+04	8.79237e-01
