# CH3OCH3 cross section
256
1.00000e+01	0.00000e+00
1.02746e+01	5.52362e-02
1.05567e+01	1.46224e-01
1.08466e+01	2.42348e-01
1.11445e+01	3.43002e-01
1.14505e+01	4.47624e-01
1.17649e+01	5.55696e-01
1.20880e+01	6.95107e-01
1.24199e+01	8.84239e-01
1.27609e+01	1.07983e+00
1.31113e+01	1.28098e+00
1.34714e+01	1.48683e+00
1.38413e+01	1.76307e+00
1.42214e+01	2.06496e+00
1.46119e+01	2.44865e+00
1.50131e+01	2.84232e+00
1.54254e+01	3.24422e+00
1.58489e+01	3.65274e+00
1.62841e+01	4.06953e+00
1.67313e+01	4.64982e+00
1.71907e+01	5.25036e+00
1.76628e+01	5.86080e+00
1.81478e+01	6.47882e+00
1.86461e+01	7.10227e+00
1.91581e+01	7.72916e+00
1.96842e+01	8.35767e+00
2.02247e+01	8.98611e+00
2.07801e+01	9.61292e+00
2.13507e+01	1.02367e+01
2.19370e+01	1.08561e+01
2.25393e+01	1.14699e+01
2.31583e+01	1.20771e+01
2.37942e+01	1.26765e+01
2.44475e+01	1.32952e+01
2.51189e+01	1.39086e+01
2.58086e+01	1.45133e+01
2.65173e+01	1.51134e+01
2.72455e+01	1.57246e+01
2.79936e+01	1.63259e+01
2.87623e+01	1.69163e+01
2.95521e+01	1.74951e+01
3.03636e+01	1.80613e+01
3.11974e+01	1.86145e+01
3.20540e+01	1.91538e+01
3.29342e+01	1.96788e+01
3.38385e+01	2.01890e+01
3.47677e+01	2.06839e+01
3.57225e+01	2.11631e+01
3.67034e+01	2.16263e+01
3.77112e+01	2.20762e+01
3.87467e+01	2.25189e+01
3.98107e+01	2.29455e+01
4.09039e+01	2.33556e+01
4.20271e+01	2.37491e+01
4.31811e+01	2.41258e+01
4.43669e+01	2.44854e+01
4.55852e+01	2.48280e+01
4.68369e+01	2.51533e+01
4.81230e+01	2.54615e+01
4.94445e+01	2.57524e+01
5.08022e+01	2.60260e+01
5.21972e+01	2.62824e+01
5.36305e+01	2.65217e+01
5.51032e+01	2.67439e+01
5.66163e+01	2.69491e+01
5.81709e+01	2.71375e+01
5.97683e+01	2.73093e+01
6.14095e+01	2.74645e+01
6.30957e+01	2.76034e+01
6.48283e+01	2.77262e+01
6.66085e+01	2.78331e+01
6.84375e+01	2.79244e+01
7.03168e+01	2.80002e+01
7.22476e+01	2.80609e+01
7.42315e+01	2.81067e+01
7.62699e+01	2.81379e+01
7.83642e+01	2.81548e+01
8.05160e+01	2.81578e+01
8.27270e+01	2.81471e+01
8.49986e+01	2.81230e+01
8.73326e+01	2.80860e+01
8.97307e+01	2.80362e+01
9.21947e+01	2.79741e+01
9.47263e+01	2.79000e+01
9.73274e+01	2.78143e+01
1.00000e+02	2.77173e+01
1.02746e+02	2.76094e+01
1.05567e+02	2.74909e+01
1.08466e+02	2.73622e+01
1.11445e+02	2.72237e+01
1.14505e+02	2.70757e+01
1.17649e+02	2.69186e+01
1.20880e+02	2.67527e+01
1.24199e+02	2.65784e+01
1.27609e+02	2.63962e+01
1.31113e+02	2.62062e+01
1.34714e+02	2.60089e+01
1.38413e+02	2.58047e+01
1.42214e+02	2.55939e+01
1.46119e+02	2.53768e+01
1.50131e+02	2.51537e+01
1.54254e+02	2.49251e+01
1.58489e+02	2.46912e+01
1.62841e+02	2.44524e+01
1.67313e+02	2.42090e+01
1.71907e+02	2.39612e+01
1.76628e+02	2.37095e+01
1.81478e+02	2.34540e+01
1.86461e+02	2.31952e+01
1.91581e+02	2.29333e+01
1.96842e+02	2.26686e+01
2.02247e+02	2.24013e+01
2.07801e+02	2.21317e+01
2.13507e+02	2.18601e+01
2.19370e+02	2.15867e+01
2.25393e+02	2.13118e+01
2.31583e+02	2.10357e+01
2.37942e+02	2.07585e+01
2.44476e+02	2.04804e+01
2.51189e+02	2.02018e+01
2.58086e+02	1.99227e+01
2.65173e+02	1.96435e+01
2.72455e+02	1.93642e+01
2.79936e+02	1.90852e+01
2.87623e+02	1.88065e+01
2.95521e+02	1.85283e+01
3.03636e+02	1.82508e+01
3.11974e+02	1.79745e+01
3.20540e+02	1.76993e+01
3.29342e+02	1.74253e+01
3.38385e+02	1.71526e+01
3.47677e+02	1.68813e+01
3.57224e+02	1.66116e+01
3.67034e+02	1.63436e+01
3.77112e+02	1.60773e+01
3.87467e+02	1.58130e+01
3.98107e+02	1.55506e+01
4.09039e+02	1.52903e+01
4.20271e+02	1.50321e+01
4.31811e+02	1.47762e+01
4.43669e+02	1.45226e+01
4.55852e+02	1.42714e+01
4.68369e+02	1.40226e+01
4.81230e+02	1.37764e+01
4.94445e+02	1.35327e+01
5.08022e+02	1.32917e+01
5.21972e+02	1.30533e+01
5.36305e+02	1.28177e+01
5.51032e+02	1.25847e+01
5.66163e+02	1.23546e+01
5.81709e+02	1.21274e+01
5.97683e+02	1.19030e+01
6.14095e+02	1.16814e+01
6.30957e+02	1.14628e+01
6.48283e+02	1.12471e+01
6.66085e+02	1.10343e+01
6.84375e+02	1.08244e+01
7.03168e+02	1.06174e+01
7.22476e+02	1.04134e+01
7.42315e+02	1.02124e+01
7.62699e+02	1.00143e+01
7.83642e+02	9.81914e+00
8.05160e+02	9.62692e+00
8.27270e+02	9.43764e+00
8.49986e+02	9.25129e+00
8.73326e+02	9.06785e+00
8.97307e+02	8.88731e+00
9.21947e+02	8.70967e+00
9.47263e+02	8.53490e+00
9.73274e+02	8.36298e+00
1.00000e+03	8.19391e+00
1.02746e+03	8.02765e+00
1.05567e+03	7.86419e+00
1.08466e+03	7.70351e+00
1.11444e+03	7.54558e+00
1.14505e+03	7.39039e+00
1.17649e+03	7.23789e+00
1.20880e+03	7.08807e+00
1.24199e+03	6.94090e+00
1.27609e+03	6.79636e+00
1.31113e+03	6.65442e+00
1.34714e+03	6.51504e+00
1.38413e+03	6.37819e+00
1.42214e+03	6.24386e+00
1.46119e+03	6.11200e+00
1.50131e+03	5.98259e+00
1.54254e+03	5.85559e+00
1.58489e+03	5.73098e+00
1.62841e+03	5.60872e+00
1.67313e+03	5.48879e+00
1.71907e+03	5.37114e+00
1.76628e+03	5.25575e+00
1.81478e+03	5.14259e+00
1.86461e+03	5.03162e+00
1.91581e+03	4.92281e+00
1.96842e+03	4.81613e+00
2.02247e+03	4.71155e+00
2.07801e+03	4.60903e+00
2.13507e+03	4.50854e+00
2.19370e+03	4.41006e+00
2.25393e+03	4.31354e+00
2.31583e+03	4.21896e+00
2.37942e+03	4.12629e+00
2.44476e+03	4.03549e+00
2.51189e+03	3.94653e+00
2.58086e+03	3.85938e+00
2.65173e+03	3.77402e+00
2.72455e+03	3.69040e+00
2.79936e+03	3.60851e+00
2.87623e+03	3.52831e+00
2.95521e+03	3.44977e+00
3.03636e+03	3.37286e+00
3.11974e+03	3.29755e+00
3.20540e+03	3.22381e+00
3.29342e+03	3.15162e+00
3.38386e+03	3.08095e+00
3.47677e+03	3.01177e+00
3.57224e+03	2.94405e+00
3.67034e+03	2.87776e+00
3.77112e+03	2.81288e+00
3.87468e+03	2.74938e+00
3.98107e+03	2.68724e+00
4.09039e+03	2.62643e+00
4.20271e+03	2.56692e+00
4.31811e+03	2.50869e+00
4.43669e+03	2.45171e+00
4.55852e+03	2.39597e+00
4.68369e+03	2.34143e+00
4.81230e+03	2.28807e+00
4.94445e+03	2.23587e+00
5.08022e+03	2.18481e+00
5.21972e+03	2.13486e+00
5.36305e+03	2.08600e+00
5.51032e+03	2.03821e+00
5.66163e+03	1.99147e+00
5.81709e+03	1.94576e+00
5.97683e+03	1.90105e+00
6.14095e+03	1.85733e+00
6.30957e+03	1.81457e+00
6.48283e+03	1.77276e+00
6.66085e+03	1.73188e+00
6.84375e+03	1.69190e+00
7.03168e+03	1.65281e+00
7.22476e+03	1.61459e+00
7.42315e+03	1.57723e+00
7.62699e+03	1.54069e+00
7.83642e+03	1.50498e+00
8.05160e+03	1.47006e+00
8.27270e+03	1.43593e+00
8.49986e+03	1.40256e+00
8.73326e+03	1.36995e+00
8.97307e+03	1.33806e+00
9.21947e+03	1.30690e+00
9.47263e+03	1.27644e+00
9.73274e+03	1.24667e+00
1.00000e+04	1.21757e+00
