# CH3S cross section
256
1.00000e+01	3.22878e-01	8.96205e-01
1.04618e+01	5.32360e-01	1.15792e+00
1.09450e+01	7.91603e-01	1.42752e+00
1.14505e+01	1.10006e+00	1.74071e+00
1.19793e+01	1.42162e+00	2.09293e+00
1.25325e+01	1.75290e+00	2.45263e+00
1.31113e+01	2.14061e+00	2.81700e+00
1.37169e+01	2.60827e+00	3.18359e+00
1.43504e+01	3.08781e+00	3.55020e+00
1.50131e+01	3.57502e+00	3.91494e+00
1.57065e+01	4.23333e+00	4.27612e+00
1.64318e+01	4.99153e+00	4.65632e+00
1.71907e+01	5.76503e+00	5.05270e+00
1.79846e+01	6.54668e+00	5.48055e+00
1.88152e+01	7.33019e+00	5.91033e+00
1.96842e+01	8.11011e+00	6.33547e+00
2.05933e+01	8.88167e+00	6.75387e+00
2.15444e+01	9.64072e+00	7.16367e+00
2.25393e+01	1.04077e+01	7.56327e+00
2.35803e+01	1.11634e+01	7.95126e+00
2.46693e+01	1.19195e+01	8.34648e+00
2.58086e+01	1.26547e+01	8.79022e+00
2.70006e+01	1.33662e+01	9.26011e+00
2.82475e+01	1.40590e+01	9.72126e+00
2.95521e+01	1.47497e+01	1.01709e+01
3.09169e+01	1.54193e+01	1.06065e+01
3.23448e+01	1.60599e+01	1.10262e+01
3.38385e+01	1.66698e+01	1.14280e+01
3.54013e+01	1.72473e+01	1.18107e+01
3.70363e+01	1.77912e+01	1.21729e+01
3.87467e+01	1.83006e+01	1.25137e+01
4.05362e+01	1.87747e+01	1.28323e+01
4.24083e+01	1.92131e+01	1.31280e+01
4.43669e+01	1.96154e+01	1.34006e+01
4.64159e+01	1.99814e+01	1.36495e+01
4.85595e+01	2.03113e+01	1.38748e+01
5.08022e+01	2.06052e+01	1.40764e+01
5.31484e+01	2.08634e+01	1.42543e+01
5.56030e+01	2.10863e+01	1.44087e+01
5.81709e+01	2.12746e+01	1.45400e+01
6.08575e+01	2.14289e+01	1.46484e+01
6.36681e+01	2.15499e+01	1.47344e+01
6.66085e+01	2.16384e+01	1.47999e+01
6.96847e+01	2.16955e+01	1.48472e+01
7.29030e+01	2.17221e+01	1.48741e+01
7.62699e+01	2.17191e+01	1.48811e+01
7.97923e+01	2.16878e+01	1.48688e+01
8.34773e+01	2.16291e+01	1.48378e+01
8.73326e+01	2.15444e+01	1.47911e+01
9.13659e+01	2.14348e+01	1.47282e+01
9.55855e+01	2.13016e+01	1.46491e+01
1.00000e+02	2.11459e+01	1.45545e+01
1.04618e+02	2.09691e+01	1.44452e+01
1.09450e+02	2.07724e+01	1.43220e+01
1.14505e+02	2.05571e+01	1.41856e+01
1.19793e+02	2.03244e+01	1.40368e+01
1.25325e+02	2.00756e+01	1.38766e+01
1.31113e+02	1.98119e+01	1.37056e+01
1.37169e+02	1.95346e+01	1.35247e+01
1.43504e+02	1.92447e+01	1.33346e+01
1.50131e+02	1.89436e+01	1.31363e+01
1.57065e+02	1.86324e+01	1.29308e+01
1.64318e+02	1.83120e+01	1.27192e+01
1.71907e+02	1.79837e+01	1.25015e+01
1.79846e+02	1.76485e+01	1.22792e+01
1.88152e+02	1.73092e+01	1.20524e+01
1.96842e+02	1.69654e+01	1.18217e+01
2.05933e+02	1.66177e+01	1.15877e+01
2.15444e+02	1.62669e+01	1.13509e+01
2.25393e+02	1.59139e+01	1.11120e+01
2.35803e+02	1.55593e+01	1.08715e+01
2.46693e+02	1.52040e+01	1.06298e+01
2.58086e+02	1.48490e+01	1.03875e+01
2.70005e+02	1.44946e+01	1.01451e+01
2.82475e+02	1.41413e+01	9.90299e+00
2.95521e+02	1.37897e+01	9.66157e+00
3.09169e+02	1.34404e+01	9.42123e+00
3.23448e+02	1.30941e+01	9.18234e+00
3.38385e+02	1.27510e+01	8.94523e+00
3.54013e+02	1.24115e+01	8.71021e+00
3.70363e+02	1.20759e+01	8.47755e+00
3.87467e+02	1.17445e+01	8.24753e+00
4.05362e+02	1.14178e+01	8.02038e+00
4.24083e+02	1.10958e+01	7.79630e+00
4.43669e+02	1.07790e+01	7.57550e+00
4.64159e+02	1.04674e+01	7.35814e+00
4.85595e+02	1.01613e+01	7.14438e+00
5.08022e+02	9.86088e+00	6.93434e+00
5.31484e+02	9.56620e+00	6.72816e+00
5.56030e+02	9.27742e+00	6.52592e+00
5.81709e+02	8.99462e+00	6.32771e+00
6.08574e+02	8.71788e+00	6.13360e+00
6.36681e+02	8.44724e+00	5.94364e+00
6.66085e+02	8.18276e+00	5.75788e+00
6.96847e+02	7.92445e+00	5.57634e+00
7.29029e+02	7.67231e+00	5.39904e+00
7.62699e+02	7.42634e+00	5.22600e+00
7.97923e+02	7.18652e+00	5.05720e+00
8.34773e+02	6.95283e+00	4.89264e+00
8.73326e+02	6.72521e+00	4.73229e+00
9.13659e+02	6.50361e+00	4.57615e+00
9.55855e+02	6.28799e+00	4.42415e+00
1.00000e+03	6.07827e+00	4.27628e+00
1.04618e+03	5.87437e+00	4.13248e+00
1.09450e+03	5.67621e+00	3.99271e+00
1.14505e+03	5.48372e+00	3.85690e+00
1.19793e+03	5.29679e+00	3.72501e+00
1.25325e+03	5.11534e+00	3.59696e+00
1.31113e+03	4.93926e+00	3.47270e+00
1.37169e+03	4.76846e+00	3.35215e+00
1.43504e+03	4.60282e+00	3.23525e+00
1.50131e+03	4.44225e+00	3.12192e+00
1.57065e+03	4.28663e+00	3.01209e+00
1.64318e+03	4.13586e+00	2.90569e+00
1.71907e+03	3.98982e+00	2.80263e+00
1.79846e+03	3.84841e+00	2.70284e+00
1.88152e+03	3.71151e+00	2.60626e+00
1.96842e+03	3.57902e+00	2.51279e+00
2.05933e+03	3.45082e+00	2.42236e+00
2.15443e+03	3.32680e+00	2.33489e+00
2.25393e+03	3.20686e+00	2.25031e+00
2.35803e+03	3.09088e+00	2.16854e+00
2.46693e+03	2.97876e+00	2.08951e+00
2.58086e+03	2.87040e+00	2.01313e+00
2.70005e+03	2.76568e+00	1.93934e+00
2.82475e+03	2.66452e+00	1.86806e+00
2.95521e+03	2.56679e+00	1.79922e+00
3.09169e+03	2.47240e+00	1.73275e+00
3.23448e+03	2.38126e+00	1.66858e+00
3.38386e+03	2.29327e+00	1.60664e+00
3.54013e+03	2.20833e+00	1.54686e+00
3.70363e+03	2.12635e+00	1.48918e+00
3.87468e+03	2.04723e+00	1.43352e+00
4.05362e+03	1.97090e+00	1.37984e+00
4.24083e+03	1.89726e+00	1.32806e+00
4.43669e+03	1.82622e+00	1.27813e+00
4.64159e+03	1.75771e+00	1.22998e+00
4.85595e+03	1.69165e+00	1.18356e+00
5.08022e+03	1.62795e+00	1.13881e+00
5.31484e+03	1.56653e+00	1.09568e+00
5.56030e+03	1.50733e+00	1.05411e+00
5.81709e+03	1.45027e+00	1.01406e+00
6.08574e+03	1.39528e+00	9.75461e-01
6.36681e+03	1.34228e+00	9.38277e-01
6.66085e+03	1.29122e+00	9.02456e-01
6.96847e+03	1.24202e+00	8.67952e-01
7.29030e+03	1.19463e+00	8.34720e-01
7.62699e+03	1.14898e+00	8.02716e-01
7.97923e+03	1.10501e+00	7.71898e-01
8.34773e+03	1.06266e+00	7.42224e-01
8.73326e+03	1.02188e+00	7.13654e-01
9.13659e+03	9.82617e-01	6.86149e-01
9.55855e+03	9.44812e-01	6.59672e-01
1.00000e+04	9.08415e-01	6.34187e-01
1.04618e+04	8.73378e-01	6.09658e-01
1.09450e+04	8.39651e-01	5.86051e-01
1.14505e+04	8.07189e-01	5.63333e-01
1.19793e+04	7.75947e-01	5.41472e-01
1.25325e+04	7.45880e-01	5.20438e-01
1.31113e+04	7.16947e-01	5.00200e-01
1.37169e+04	6.89106e-01	4.80729e-01
1.43504e+04	6.62318e-01	4.61998e-01
1.50131e+04	6.36546e-01	4.43979e-01
1.57065e+04	6.11752e-01	4.26648e-01
1.64318e+04	5.87900e-01	4.09977e-01
1.71907e+04	5.64957e-01	3.93943e-01
1.79847e+04	5.42888e-01	3.78523e-01
1.88152e+04	5.21662e-01	3.63694e-01
1.96842e+04	5.01248e-01	3.49434e-01
2.05933e+04	4.81615e-01	3.35721e-01
2.15443e+04	4.62735e-01	3.22536e-01
2.25393e+04	4.44580e-01	3.09859e-01
2.35803e+04	4.27123e-01	2.97671e-01
2.46693e+04	4.10338e-01	2.85953e-01
2.58086e+04	3.94200e-01	2.74688e-01
2.70005e+04	3.78684e-01	2.63859e-01
2.82475e+04	3.63768e-01	2.53449e-01
2.95521e+04	3.49429e-01	2.43443e-01
3.09169e+04	3.35644e-01	2.33825e-01
3.23448e+04	3.22394e-01	2.24581e-01
3.38386e+04	3.09658e-01	2.15696e-01
3.54013e+04	2.97417e-01	2.07158e-01
3.70363e+04	2.85652e-01	1.98952e-01
3.87468e+04	2.74344e-01	1.91066e-01
4.05362e+04	2.63477e-01	1.83487e-01
4.24083e+04	2.53033e-01	1.76205e-01
4.43669e+04	2.42997e-01	1.69208e-01
4.64159e+04	2.33353e-01	1.62485e-01
4.85595e+04	2.24087e-01	1.56025e-01
5.08022e+04	2.15182e-01	1.49818e-01
5.31484e+04	2.06627e-01	1.43854e-01
5.56030e+04	1.98407e-01	1.38125e-01
5.81709e+04	1.90509e-01	1.32621e-01
6.08574e+04	1.82921e-01	1.27334e-01
6.36681e+04	1.75632e-01	1.22254e-01
6.66085e+04	1.68629e-01	1.17375e-01
6.96847e+04	1.61901e-01	1.12687e-01
7.29029e+04	1.55439e-01	1.08185e-01
7.62699e+04	1.49231e-01	1.03861e-01
7.97923e+04	1.43268e-01	9.97067e-02
8.34773e+04	1.37540e-01	9.57171e-02
8.73326e+04	1.32039e-01	9.18852e-02
9.13659e+04	1.26755e-01	8.82049e-02
9.55855e+04	1.21680e-01	8.46704e-02
1.00000e+05	1.16806e-01	8.12759e-02
1.04618e+05	1.12124e-01	7.80160e-02
1.09450e+05	1.07629e-01	7.48854e-02
1.14505e+05	1.03311e-01	7.18790e-02
1.19793e+05	9.91647e-02	6.89921e-02
1.25325e+05	9.51830e-02	6.62199e-02
1.31113e+05	9.13595e-02	6.35579e-02
1.37169e+05	8.76879e-02	6.10018e-02
1.43504e+05	8.41623e-02	5.85475e-02
1.50131e+05	8.07771e-02	5.61909e-02
1.57065e+05	7.75266e-02	5.39282e-02
1.64318e+05	7.44055e-02	5.17558e-02
1.71907e+05	7.14089e-02	4.96700e-02
1.79846e+05	6.85317e-02	4.76675e-02
1.88152e+05	6.57694e-02	4.57449e-02
1.96842e+05	6.31173e-02	4.38991e-02
2.05933e+05	6.05711e-02	4.21272e-02
2.15444e+05	5.81267e-02	4.04261e-02
2.25393e+05	5.57800e-02	3.87930e-02
2.35803e+05	5.35271e-02	3.72253e-02
2.46693e+05	5.13644e-02	3.57205e-02
2.58086e+05	4.92883e-02	3.42759e-02
2.70006e+05	4.72954e-02	3.28892e-02
2.82475e+05	4.53824e-02	3.15582e-02
2.95521e+05	4.35460e-02	3.02805e-02
3.09169e+05	4.17833e-02	2.90542e-02
3.23448e+05	4.00913e-02	2.78770e-02
3.38386e+05	3.84673e-02	2.67472e-02
3.54013e+05	3.69085e-02	2.56628e-02
3.70363e+05	3.54124e-02	2.46220e-02
3.87468e+05	3.39764e-02	2.36231e-02
4.05362e+05	3.25981e-02	2.26644e-02
4.24083e+05	3.12754e-02	2.17442e-02
4.43669e+05	3.00058e-02	2.08612e-02
4.64159e+05	2.87874e-02	2.00137e-02
4.85595e+05	2.76181e-02	1.92004e-02
5.08022e+05	2.64959e-02	1.84199e-02
5.31484e+05	2.54189e-02	1.76709e-02
5.56030e+05	2.43854e-02	1.69521e-02
5.81709e+05	2.33936e-02	1.62623e-02
6.08574e+05	2.24418e-02	1.56004e-02
6.36680e+05	2.15285e-02	1.49652e-02
6.66085e+05	2.06521e-02	1.43557e-02
6.96847e+05	1.98111e-02	1.37709e-02
7.29030e+05	1.90040e-02	1.32097e-02
7.62699e+05	1.82297e-02	1.26712e-02
7.97923e+05	1.74866e-02	1.21545e-02
8.34773e+05	1.67736e-02	1.16587e-02
8.73326e+05	1.60895e-02	1.11830e-02
9.13659e+05	1.54331e-02	1.07266e-02
9.55855e+05	1.48033e-02	1.02887e-02
1.00000e+06	1.41990e-02	9.86858e-03
