# CNO cross section
256
1.00000e+01	0.00000e+00	0.00000e+00
1.02746e+01	0.00000e+00	0.00000e+00
1.05567e+01	0.00000e+00	0.00000e+00
1.08466e+01	0.00000e+00	0.00000e+00
1.11445e+01	0.00000e+00	1.29880e-02
1.14505e+01	0.00000e+00	5.23095e-02
1.17649e+01	0.00000e+00	9.39577e-02
1.20880e+01	2.46107e-02	1.43535e-01
1.24199e+01	6.38971e-02	2.25026e-01
1.27609e+01	1.52588e-01	3.43416e-01
1.31113e+01	2.69395e-01	4.73445e-01
1.34714e+01	4.48910e-01	6.08421e-01
1.38413e+01	6.47715e-01	7.92776e-01
1.42214e+01	8.54433e-01	1.00355e+00
1.46119e+01	1.06796e+00	1.22097e+00
1.50131e+01	1.28726e+00	1.44399e+00
1.54254e+01	1.51140e+00	1.67169e+00
1.58489e+01	1.73948e+00	1.90319e+00
1.62841e+01	1.97072e+00	2.13769e+00
1.67313e+01	2.20434e+00	2.37444e+00
1.71907e+01	2.44954e+00	2.61276e+00
1.76628e+01	2.71083e+00	2.85202e+00
1.81478e+01	2.99792e+00	3.09162e+00
1.86461e+01	3.30423e+00	3.33102e+00
1.91581e+01	3.61321e+00	3.56973e+00
1.96842e+01	3.92393e+00	3.80728e+00
2.02247e+01	4.23554e+00	4.04323e+00
2.07801e+01	4.54726e+00	4.27721e+00
2.13507e+01	4.85837e+00	4.50884e+00
2.19370e+01	5.16963e+00	4.73779e+00
2.25393e+01	5.49814e+00	4.96375e+00
2.31583e+01	5.83172e+00	5.18643e+00
2.37942e+01	6.16964e+00	5.40832e+00
2.44475e+01	6.51134e+00	5.63876e+00
2.51189e+01	6.85084e+00	5.86602e+00
2.58086e+01	7.18747e+00	6.08978e+00
2.65173e+01	7.52062e+00	6.31058e+00
2.72455e+01	7.84975e+00	6.54600e+00
2.79936e+01	8.17433e+00	6.78155e+00
2.87623e+01	8.49390e+00	7.01370e+00
2.95521e+01	8.80803e+00	7.24207e+00
3.03636e+01	9.11632e+00	7.46633e+00
3.11974e+01	9.41840e+00	7.68615e+00
3.20540e+01	9.71396e+00	7.90125e+00
3.29342e+01	1.00054e+01	8.11136e+00
3.38385e+01	1.02948e+01	8.31626e+00
3.47677e+01	1.05830e+01	8.51572e+00
3.57225e+01	1.08658e+01	8.70956e+00
3.67034e+01	1.11415e+01	8.89760e+00
3.77112e+01	1.14099e+01	9.07968e+00
3.87467e+01	1.16706e+01	9.25568e+00
3.98107e+01	1.19234e+01	9.42546e+00
4.09039e+01	1.21682e+01	9.58893e+00
4.20271e+01	1.24047e+01	9.74600e+00
4.31811e+01	1.26355e+01	9.89659e+00
4.43669e+01	1.28603e+01	1.00406e+01
4.55852e+01	1.30810e+01	1.01819e+01
4.68369e+01	1.32934e+01	1.03184e+01
4.81230e+01	1.34974e+01	1.04521e+01
4.94445e+01	1.36928e+01	1.05796e+01
5.08022e+01	1.38795e+01	1.07007e+01
5.21972e+01	1.40575e+01	1.08155e+01
5.36305e+01	1.42267e+01	1.09238e+01
5.51032e+01	1.43870e+01	1.10277e+01
5.66163e+01	1.45384e+01	1.11266e+01
5.81709e+01	1.46809e+01	1.12191e+01
5.97683e+01	1.48145e+01	1.13053e+01
6.14095e+01	1.49392e+01	1.13852e+01
6.30957e+01	1.50550e+01	1.14587e+01
6.48283e+01	1.51619e+01	1.15259e+01
6.66085e+01	1.52601e+01	1.15868e+01
6.84375e+01	1.53496e+01	1.16415e+01
7.03168e+01	1.54304e+01	1.16899e+01
7.22476e+01	1.55026e+01	1.17323e+01
7.42315e+01	1.55664e+01	1.17685e+01
7.62699e+01	1.56217e+01	1.17987e+01
7.83642e+01	1.56688e+01	1.18229e+01
8.05160e+01	1.57078e+01	1.18413e+01
8.27270e+01	1.57387e+01	1.18540e+01
8.49986e+01	1.57618e+01	1.18610e+01
8.73326e+01	1.57771e+01	1.18624e+01
8.97307e+01	1.57848e+01	1.18583e+01
9.21947e+01	1.57850e+01	1.18490e+01
9.47263e+01	1.57780e+01	1.18343e+01
9.73274e+01	1.57637e+01	1.18146e+01
1.00000e+02	1.57426e+01	1.17899e+01
1.02746e+02	1.57146e+01	1.17604e+01
1.05567e+02	1.56800e+01	1.17261e+01
1.08466e+02	1.56389e+01	1.16872e+01
1.11445e+02	1.55915e+01	1.16438e+01
1.14505e+02	1.55381e+01	1.15962e+01
1.17649e+02	1.54787e+01	1.15443e+01
1.20880e+02	1.54136e+01	1.14884e+01
1.24199e+02	1.53430e+01	1.14286e+01
1.27609e+02	1.52670e+01	1.13650e+01
1.31113e+02	1.51859e+01	1.12978e+01
1.34714e+02	1.50997e+01	1.12270e+01
1.38413e+02	1.50088e+01	1.11530e+01
1.42214e+02	1.49133e+01	1.10757e+01
1.46119e+02	1.48133e+01	1.09953e+01
1.50131e+02	1.47091e+01	1.09121e+01
1.54254e+02	1.46009e+01	1.08260e+01
1.58489e+02	1.44889e+01	1.07378e+01
1.62841e+02	1.43732e+01	1.06471e+01
1.67313e+02	1.42539e+01	1.05541e+01
1.71907e+02	1.41314e+01	1.04588e+01
1.76628e+02	1.40058e+01	1.03615e+01
1.81478e+02	1.38772e+01	1.02623e+01
1.86461e+02	1.37458e+01	1.01615e+01
1.91581e+02	1.36118e+01	1.00590e+01
1.96842e+02	1.34754e+01	9.95486e+00
2.02247e+02	1.33367e+01	9.84927e+00
2.07801e+02	1.31959e+01	9.74230e+00
2.13507e+02	1.30532e+01	9.63407e+00
2.19370e+02	1.29087e+01	9.52468e+00
2.25393e+02	1.27625e+01	9.41425e+00
2.31583e+02	1.26149e+01	9.30287e+00
2.37942e+02	1.24659e+01	9.19065e+00
2.44476e+02	1.23157e+01	9.07768e+00
2.51189e+02	1.21644e+01	8.96407e+00
2.58086e+02	1.20122e+01	8.84991e+00
2.65173e+02	1.18593e+01	8.73529e+00
2.72455e+02	1.17057e+01	8.62030e+00
2.79936e+02	1.15515e+01	8.50503e+00
2.87623e+02	1.13969e+01	8.38955e+00
2.95521e+02	1.12420e+01	8.27396e+00
3.03636e+02	1.10869e+01	8.15832e+00
3.11974e+02	1.09318e+01	8.04272e+00
3.20540e+02	1.07768e+01	7.92723e+00
3.29342e+02	1.06220e+01	7.81192e+00
3.38385e+02	1.04674e+01	7.69685e+00
3.47677e+02	1.03131e+01	7.58209e+00
3.57224e+02	1.01593e+01	7.46770e+00
3.67034e+02	1.00059e+01	7.35374e+00
3.77112e+02	9.85305e+00	7.24028e+00
3.87467e+02	9.70088e+00	7.12735e+00
3.98107e+02	9.54943e+00	7.01502e+00
4.09039e+02	9.39877e+00	6.90333e+00
4.20271e+02	9.24897e+00	6.79233e+00
4.31811e+02	9.10012e+00	6.68206e+00
4.43669e+02	8.95233e+00	6.57261e+00
4.55852e+02	8.80558e+00	6.46402e+00
4.68369e+02	8.65992e+00	6.35628e+00
4.81230e+02	8.51542e+00	6.24944e+00
4.94445e+02	8.37210e+00	6.14351e+00
5.08022e+02	8.23003e+00	6.03854e+00
5.21972e+02	8.08923e+00	5.93455e+00
5.36305e+02	7.94975e+00	5.83162e+00
5.51032e+02	7.81162e+00	5.72973e+00
5.66163e+02	7.67489e+00	5.62890e+00
5.81709e+02	7.53963e+00	5.52914e+00
5.97683e+02	7.40581e+00	5.43048e+00
6.14095e+02	7.27348e+00	5.33294e+00
6.30957e+02	7.14264e+00	5.23652e+00
6.48283e+02	7.01331e+00	5.14124e+00
6.66085e+02	6.88553e+00	5.04713e+00
6.84375e+02	6.75930e+00	4.95417e+00
7.03168e+02	6.63464e+00	4.86240e+00
7.22476e+02	6.51156e+00	4.77180e+00
7.42315e+02	6.39008e+00	4.68240e+00
7.62699e+02	6.27020e+00	4.59420e+00
7.83642e+02	6.15193e+00	4.50720e+00
8.05160e+02	6.03529e+00	4.42140e+00
8.27270e+02	5.92026e+00	4.33681e+00
8.49986e+02	5.80686e+00	4.25343e+00
8.73326e+02	5.69508e+00	4.17126e+00
8.97307e+02	5.58493e+00	4.09030e+00
9.21947e+02	5.47641e+00	4.01055e+00
9.47263e+02	5.36952e+00	3.93200e+00
9.73274e+02	5.26424e+00	3.85465e+00
1.00000e+03	5.16059e+00	3.77850e+00
1.02746e+03	5.05854e+00	3.70355e+00
1.05567e+03	4.95810e+00	3.62978e+00
1.08466e+03	4.85926e+00	3.55720e+00
1.11444e+03	4.76201e+00	3.48579e+00
1.14505e+03	4.66633e+00	3.41555e+00
1.17649e+03	4.57223e+00	3.34647e+00
1.20880e+03	4.47969e+00	3.27855e+00
1.24199e+03	4.38870e+00	3.21177e+00
1.27609e+03	4.29925e+00	3.14612e+00
1.31113e+03	4.21131e+00	3.08160e+00
1.34714e+03	4.12490e+00	3.01819e+00
1.38413e+03	4.03998e+00	2.95589e+00
1.42214e+03	3.95654e+00	2.89468e+00
1.46119e+03	3.87457e+00	2.83455e+00
1.50131e+03	3.79406e+00	2.77550e+00
1.54254e+03	3.71498e+00	2.71751e+00
1.58489e+03	3.63733e+00	2.66056e+00
1.62841e+03	3.56108e+00	2.60466e+00
1.67313e+03	3.48623e+00	2.54977e+00
1.71907e+03	3.41275e+00	2.49590e+00
1.76628e+03	3.34063e+00	2.44303e+00
1.81478e+03	3.26985e+00	2.39114e+00
1.86461e+03	3.20039e+00	2.34023e+00
1.91581e+03	3.13224e+00	2.29028e+00
1.96842e+03	3.06538e+00	2.24128e+00
2.02247e+03	2.99979e+00	2.19322e+00
2.07801e+03	2.93545e+00	2.14607e+00
2.13507e+03	2.87235e+00	2.09984e+00
2.19370e+03	2.81047e+00	2.05450e+00
2.25393e+03	2.74979e+00	2.01004e+00
2.31583e+03	2.69029e+00	1.96646e+00
2.37942e+03	2.63196e+00	1.92373e+00
2.44476e+03	2.57477e+00	1.88184e+00
2.51189e+03	2.51872e+00	1.84079e+00
2.58086e+03	2.46377e+00	1.80055e+00
2.65173e+03	2.40992e+00	1.76112e+00
2.72455e+03	2.35715e+00	1.72247e+00
2.79936e+03	2.30544e+00	1.68461e+00
2.87623e+03	2.25477e+00	1.64751e+00
2.95521e+03	2.20513e+00	1.61117e+00
3.03636e+03	2.15650e+00	1.57556e+00
3.11974e+03	2.10885e+00	1.54069e+00
3.20540e+03	2.06218e+00	1.50653e+00
3.29342e+03	2.01647e+00	1.47307e+00
3.38386e+03	1.97170e+00	1.44030e+00
3.47677e+03	1.92786e+00	1.40821e+00
3.57224e+03	1.88492e+00	1.37679e+00
3.67034e+03	1.84288e+00	1.34603e+00
3.77112e+03	1.80171e+00	1.31591e+00
3.87468e+03	1.76140e+00	1.28641e+00
3.98107e+03	1.72194e+00	1.25754e+00
4.09039e+03	1.68331e+00	1.22928e+00
4.20271e+03	1.64549e+00	1.20162e+00
4.31811e+03	1.60847e+00	1.17454e+00
4.43669e+03	1.57224e+00	1.14803e+00
4.55852e+03	1.53678e+00	1.12210e+00
4.68369e+03	1.50207e+00	1.09671e+00
4.81230e+03	1.46810e+00	1.07187e+00
4.94445e+03	1.43486e+00	1.04756e+00
5.08022e+03	1.40233e+00	1.02378e+00
5.21972e+03	1.37050e+00	1.00051e+00
5.36305e+03	1.33936e+00	9.77737e-01
5.51032e+03	1.30889e+00	9.55461e-01
5.66163e+03	1.27908e+00	9.33668e-01
5.81709e+03	1.24992e+00	9.12348e-01
5.97683e+03	1.22139e+00	8.91493e-01
6.14095e+03	1.19348e+00	8.71094e-01
6.30957e+03	1.16618e+00	8.51140e-01
6.48283e+03	1.13948e+00	8.31624e-01
6.66085e+03	1.11336e+00	8.12536e-01
6.84375e+03	1.08781e+00	7.93867e-01
7.03168e+03	1.06283e+00	7.75610e-01
7.22476e+03	1.03840e+00	7.57756e-01
7.42315e+03	1.01450e+00	7.40297e-01
7.62699e+03	9.91136e-01	7.23224e-01
7.83642e+03	9.68286e-01	7.06530e-01
8.05160e+03	9.45943e-01	6.90206e-01
8.27270e+03	9.24096e-01	6.74246e-01
8.49986e+03	9.02735e-01	6.58641e-01
8.73326e+03	8.81849e-01	6.43385e-01
8.97307e+03	8.61429e-01	6.28470e-01
9.21947e+03	8.41466e-01	6.13888e-01
9.47263e+03	8.21949e-01	5.99633e-01
9.73274e+03	8.02869e-01	5.85698e-01
1.00000e+04	7.84217e-01	5.72077e-01
