# CO cross section
256
1.00000e+01	0.00000e+00	0.00000e+00
1.02746e+01	0.00000e+00	0.00000e+00
1.05567e+01	0.00000e+00	0.00000e+00
1.08466e+01	0.00000e+00	0.00000e+00
1.11445e+01	0.00000e+00	0.00000e+00
1.14505e+01	0.00000e+00	0.00000e+00
1.17649e+01	0.00000e+00	0.00000e+00
1.20880e+01	0.00000e+00	0.00000e+00
1.24199e+01	0.00000e+00	0.00000e+00
1.27609e+01	0.00000e+00	0.00000e+00
1.31113e+01	0.00000e+00	0.00000e+00
1.34714e+01	0.00000e+00	0.00000e+00
1.38413e+01	0.00000e+00	0.00000e+00
1.42214e+01	0.00000e+00	0.00000e+00
1.46119e+01	5.64067e-02	3.29099e-02
1.50131e+01	1.23841e-01	9.81304e-02
1.54254e+01	1.94672e-01	1.66867e-01
1.58489e+01	2.68439e-01	2.38652e-01
1.62841e+01	3.44719e-01	3.13057e-01
1.67313e+01	4.23118e-01	3.89681e-01
1.71907e+01	5.35627e-01	4.68156e-01
1.76628e+01	7.06320e-01	5.48143e-01
1.81478e+01	8.83112e-01	6.29327e-01
1.86461e+01	1.06507e+00	7.11417e-01
1.91581e+01	1.25134e+00	7.94147e-01
1.96842e+01	1.44111e+00	8.77270e-01
2.02247e+01	1.63366e+00	9.60556e-01
2.07801e+01	1.82830e+00	1.04380e+00
2.13507e+01	2.02441e+00	1.18145e+00
2.19370e+01	2.22344e+00	1.33250e+00
2.25393e+01	2.44667e+00	1.48639e+00
2.31583e+01	2.67131e+00	1.64247e+00
2.37942e+01	2.89671e+00	1.80018e+00
2.44475e+01	3.12227e+00	1.95897e+00
2.51189e+01	3.34743e+00	2.11836e+00
2.58086e+01	3.57169e+00	2.27789e+00
2.65173e+01	3.79459e+00	2.43714e+00
2.72455e+01	4.01568e+00	2.59574e+00
2.79936e+01	4.23458e+00	2.75333e+00
2.87623e+01	4.45092e+00	2.90959e+00
2.95521e+01	4.66436e+00	3.06421e+00
3.03636e+01	4.87461e+00	3.21692e+00
3.11974e+01	5.08137e+00	3.36749e+00
3.20540e+01	5.28440e+00	3.51567e+00
3.29342e+01	5.48345e+00	3.66125e+00
3.38385e+01	5.67832e+00	3.80406e+00
3.47677e+01	5.86881e+00	3.94390e+00
3.57225e+01	6.05474e+00	4.08064e+00
3.67034e+01	6.23596e+00	4.21413e+00
3.77112e+01	6.41232e+00	4.34423e+00
3.87467e+01	6.58369e+00	4.48020e+00
3.98107e+01	6.74995e+00	4.61537e+00
4.09039e+01	6.91102e+00	4.74743e+00
4.20271e+01	7.07274e+00	4.87622e+00
4.31811e+01	7.23328e+00	5.00158e+00
4.43669e+01	7.38888e+00	5.12339e+00
4.55852e+01	7.53943e+00	5.24151e+00
4.68369e+01	7.68480e+00	5.35585e+00
4.81230e+01	7.82490e+00	5.46631e+00
4.94445e+01	7.95964e+00	5.57281e+00
5.08022e+01	8.08894e+00	5.67529e+00
5.21972e+01	8.21276e+00	5.77368e+00
5.36305e+01	8.33103e+00	5.86793e+00
5.51032e+01	8.44373e+00	5.95801e+00
5.66163e+01	8.55081e+00	6.04388e+00
5.81709e+01	8.65228e+00	6.12553e+00
5.97683e+01	8.74812e+00	6.20294e+00
6.14095e+01	8.83832e+00	6.27611e+00
6.30957e+01	8.92291e+00	6.34504e+00
6.48283e+01	9.00189e+00	6.40972e+00
6.66085e+01	9.07530e+00	6.47019e+00
6.84375e+01	9.14317e+00	6.52646e+00
7.03168e+01	9.20553e+00	6.57855e+00
7.22476e+01	9.26243e+00	6.62650e+00
7.42315e+01	9.31392e+00	6.67034e+00
7.62699e+01	9.36007e+00	6.71012e+00
7.83642e+01	9.40092e+00	6.74587e+00
8.05160e+01	9.43656e+00	6.77765e+00
8.27270e+01	9.46705e+00	6.80551e+00
8.49986e+01	9.49248e+00	6.82951e+00
8.73326e+01	9.51292e+00	6.84972e+00
8.97307e+01	9.52846e+00	6.86618e+00
9.21947e+01	9.53919e+00	6.87898e+00
9.47263e+01	9.54520e+00	6.88817e+00
9.73274e+01	9.54659e+00	6.89384e+00
1.00000e+02	9.54346e+00	6.89606e+00
1.02746e+02	9.53592e+00	6.89489e+00
1.05567e+02	9.52406e+00	6.89043e+00
1.08466e+02	9.50799e+00	6.88276e+00
1.11445e+02	9.48783e+00	6.87194e+00
1.14505e+02	9.46367e+00	6.85808e+00
1.17649e+02	9.43564e+00	6.84124e+00
1.20880e+02	9.40386e+00	6.82153e+00
1.24199e+02	9.36842e+00	6.79902e+00
1.27609e+02	9.32945e+00	6.77380e+00
1.31113e+02	9.28707e+00	6.74596e+00
1.34714e+02	9.24139e+00	6.71559e+00
1.38413e+02	9.19253e+00	6.68278e+00
1.42214e+02	9.14061e+00	6.64762e+00
1.46119e+02	9.08574e+00	6.61019e+00
1.50131e+02	9.02805e+00	6.57058e+00
1.54254e+02	8.96765e+00	6.52888e+00
1.58489e+02	8.90465e+00	6.48519e+00
1.62841e+02	8.83917e+00	6.43958e+00
1.67313e+02	8.77133e+00	6.39215e+00
1.71907e+02	8.70124e+00	6.34298e+00
1.76628e+02	8.62902e+00	6.29216e+00
1.81478e+02	8.55477e+00	6.23977e+00
1.86461e+02	8.47861e+00	6.18589e+00
1.91581e+02	8.40064e+00	6.13061e+00
1.96842e+02	8.32098e+00	6.07400e+00
2.02247e+02	8.23972e+00	6.01616e+00
2.07801e+02	8.15698e+00	5.95715e+00
2.13507e+02	8.07285e+00	5.89706e+00
2.19370e+02	7.98744e+00	5.83596e+00
2.25393e+02	7.90084e+00	5.77392e+00
2.31583e+02	7.81315e+00	5.71101e+00
2.37942e+02	7.72446e+00	5.64732e+00
2.44476e+02	7.63487e+00	5.58291e+00
2.51189e+02	7.54446e+00	5.51784e+00
2.58086e+02	7.45333e+00	5.45218e+00
2.65173e+02	7.36156e+00	5.38600e+00
2.72455e+02	7.26922e+00	5.31935e+00
2.79936e+02	7.17641e+00	5.25231e+00
2.87623e+02	7.08319e+00	5.18512e+00
2.95521e+02	6.98965e+00	5.11781e+00
3.03636e+02	6.89586e+00	5.05029e+00
3.11974e+02	6.80196e+00	4.98261e+00
3.20540e+02	6.70807e+00	4.91482e+00
3.29342e+02	6.61416e+00	4.84695e+00
3.38385e+02	6.52027e+00	4.77907e+00
3.47677e+02	6.42646e+00	4.71121e+00
3.57224e+02	6.33280e+00	4.64342e+00
3.67034e+02	6.23933e+00	4.57573e+00
3.77112e+02	6.14612e+00	4.50820e+00
3.87467e+02	6.05322e+00	4.44085e+00
3.98107e+02	5.96066e+00	4.37372e+00
4.09039e+02	5.86850e+00	4.30684e+00
4.20271e+02	5.77678e+00	4.24026e+00
4.31811e+02	5.68555e+00	4.17400e+00
4.43669e+02	5.59485e+00	4.10809e+00
4.55852e+02	5.50470e+00	4.04257e+00
4.68369e+02	5.41516e+00	3.97745e+00
4.81230e+02	5.32625e+00	3.91277e+00
4.94445e+02	5.23801e+00	3.84854e+00
5.08022e+02	5.15046e+00	3.78480e+00
5.21972e+02	5.06364e+00	3.72157e+00
5.36305e+02	4.97757e+00	3.65886e+00
5.51032e+02	4.89229e+00	3.59669e+00
5.66163e+02	4.80781e+00	3.53509e+00
5.81709e+02	4.72421e+00	3.47406e+00
5.97683e+02	4.64145e+00	3.41363e+00
6.14095e+02	4.55955e+00	3.35381e+00
6.30957e+02	4.47854e+00	3.29462e+00
6.48283e+02	4.39842e+00	3.23605e+00
6.66085e+02	4.31922e+00	3.17814e+00
6.84375e+02	4.24094e+00	3.12088e+00
7.03168e+02	4.16359e+00	3.06429e+00
7.22476e+02	4.08719e+00	3.00838e+00
7.42315e+02	4.01174e+00	2.95314e+00
7.62699e+02	3.93725e+00	2.89859e+00
7.83642e+02	3.86373e+00	2.84474e+00
8.05160e+02	3.79119e+00	2.79159e+00
8.27270e+02	3.71962e+00	2.73914e+00
8.49986e+02	3.64903e+00	2.68740e+00
8.73326e+02	3.57943e+00	2.63636e+00
8.97307e+02	3.51082e+00	2.58604e+00
9.21947e+02	3.44319e+00	2.53643e+00
9.47263e+02	3.37655e+00	2.48754e+00
9.73274e+02	3.31089e+00	2.43935e+00
1.00000e+03	3.24623e+00	2.39189e+00
1.02746e+03	3.18254e+00	2.34513e+00
1.05567e+03	3.11984e+00	2.29909e+00
1.08466e+03	3.05811e+00	2.25375e+00
1.11444e+03	2.99736e+00	2.20912e+00
1.14505e+03	2.93757e+00	2.16519e+00
1.17649e+03	2.87875e+00	2.12197e+00
1.20880e+03	2.82088e+00	2.07944e+00
1.24199e+03	2.76397e+00	2.03760e+00
1.27609e+03	2.70800e+00	1.99646e+00
1.31113e+03	2.65298e+00	1.95599e+00
1.34714e+03	2.59888e+00	1.91621e+00
1.38413e+03	2.54570e+00	1.87710e+00
1.42214e+03	2.49344e+00	1.83865e+00
1.46119e+03	2.44209e+00	1.80087e+00
1.50131e+03	2.39164e+00	1.76374e+00
1.54254e+03	2.34207e+00	1.72727e+00
1.58489e+03	2.29339e+00	1.69144e+00
1.62841e+03	2.24558e+00	1.65624e+00
1.67313e+03	2.19863e+00	1.62168e+00
1.71907e+03	2.15253e+00	1.58774e+00
1.76628e+03	2.10727e+00	1.55441e+00
1.81478e+03	2.06284e+00	1.52170e+00
1.86461e+03	2.01924e+00	1.48958e+00
1.91581e+03	1.97645e+00	1.45806e+00
1.96842e+03	1.93445e+00	1.42713e+00
2.02247e+03	1.89325e+00	1.39678e+00
2.07801e+03	1.85283e+00	1.36700e+00
2.13507e+03	1.81318e+00	1.33778e+00
2.19370e+03	1.77428e+00	1.30912e+00
2.25393e+03	1.73614e+00	1.28101e+00
2.31583e+03	1.69873e+00	1.25344e+00
2.37942e+03	1.66205e+00	1.22640e+00
2.44476e+03	1.62608e+00	1.19989e+00
2.51189e+03	1.59082e+00	1.17390e+00
2.58086e+03	1.55625e+00	1.14842e+00
2.65173e+03	1.52237e+00	1.12343e+00
2.72455e+03	1.48916e+00	1.09895e+00
2.79936e+03	1.45661e+00	1.07495e+00
2.87623e+03	1.42471e+00	1.05143e+00
2.95521e+03	1.39345e+00	1.02838e+00
3.03636e+03	1.36282e+00	1.00580e+00
3.11974e+03	1.33282e+00	9.83668e-01
3.20540e+03	1.30342e+00	9.61988e-01
3.29342e+03	1.27462e+00	9.40750e-01
3.38386e+03	1.24642e+00	9.19945e-01
3.47677e+03	1.21879e+00	8.99566e-01
3.57224e+03	1.19173e+00	8.79606e-01
3.67034e+03	1.16522e+00	8.60058e-01
3.77112e+03	1.13927e+00	8.40915e-01
3.87468e+03	1.11386e+00	8.22169e-01
3.98107e+03	1.08898e+00	8.03813e-01
4.09039e+03	1.06462e+00	7.85841e-01
4.20271e+03	1.04077e+00	7.68244e-01
4.31811e+03	1.01742e+00	7.51018e-01
4.43669e+03	9.94560e-01	7.34155e-01
4.55852e+03	9.72187e-01	7.17647e-01
4.68369e+03	9.50287e-01	7.01489e-01
4.81230e+03	9.28853e-01	6.85674e-01
4.94445e+03	9.07876e-01	6.70196e-01
5.08022e+03	8.87346e-01	6.55048e-01
5.21972e+03	8.67256e-01	6.40224e-01
5.36305e+03	8.47597e-01	6.25718e-01
5.51032e+03	8.28361e-01	6.11523e-01
5.66163e+03	8.09540e-01	5.97635e-01
5.81709e+03	7.91125e-01	5.84046e-01
5.97683e+03	7.73108e-01	5.70751e-01
6.14095e+03	7.55482e-01	5.57743e-01
6.30957e+03	7.38240e-01	5.45019e-01
6.48283e+03	7.21372e-01	5.32571e-01
6.66085e+03	7.04873e-01	5.20395e-01
6.84375e+03	6.88735e-01	5.08485e-01
7.03168e+03	6.72949e-01	4.96836e-01
7.22476e+03	6.57511e-01	4.85442e-01
7.42315e+03	6.42411e-01	4.74299e-01
7.62699e+03	6.27644e-01	4.63400e-01
7.83642e+03	6.13203e-01	4.52742e-01
8.05160e+03	5.99081e-01	4.42319e-01
8.27270e+03	5.85271e-01	4.32127e-01
8.49986e+03	5.71768e-01	4.22161e-01
8.73326e+03	5.58564e-01	4.12416e-01
8.97307e+03	5.45654e-01	4.02887e-01
9.21947e+03	5.33031e-01	3.93571e-01
9.47263e+03	5.20690e-01	3.84462e-01
9.73274e+03	5.08625e-01	3.75557e-01
1.00000e+04	4.96829e-01	3.66851e-01
