# CO2 cross section
256
1.00000e+01	0.00000e+00	0.00000e+00
1.04618e+01	0.00000e+00	0.00000e+00
1.09450e+01	0.00000e+00	0.00000e+00
1.14505e+01	0.00000e+00	0.00000e+00
1.19793e+01	0.00000e+00	0.00000e+00
1.25325e+01	0.00000e+00	0.00000e+00
1.31113e+01	0.00000e+00	0.00000e+00
1.37169e+01	0.00000e+00	0.00000e+00
1.43504e+01	1.07149e-01	1.07439e-01
1.50131e+01	2.91716e-01	2.92049e-01
1.57065e+01	4.90574e-01	4.90945e-01
1.64318e+01	7.00731e-01	7.01139e-01
1.71907e+01	9.19560e-01	9.20001e-01
1.79846e+01	1.14475e+00	1.14522e+00
1.88152e+01	1.53887e+00	1.37478e+00
1.96842e+01	1.98497e+00	1.60688e+00
2.05933e+01	2.44665e+00	1.83996e+00
2.15444e+01	2.91907e+00	2.07264e+00
2.25393e+01	3.42873e+00	2.30373e+00
2.35803e+01	3.95660e+00	2.53215e+00
2.46693e+01	4.48733e+00	2.79873e+00
2.58086e+01	5.01733e+00	3.13645e+00
2.70006e+01	5.54343e+00	3.49404e+00
2.82475e+01	6.06287e+00	3.85396e+00
2.95521e+01	6.57327e+00	4.21344e+00
3.09169e+01	7.07250e+00	4.57011e+00
3.23448e+01	7.55875e+00	4.92188e+00
3.38385e+01	8.03043e+00	5.26691e+00
3.54013e+01	8.48618e+00	5.60364e+00
3.70363e+01	8.92481e+00	5.93070e+00
3.87467e+01	9.34532e+00	6.25114e+00
4.05362e+01	9.75024e+00	6.57503e+00
4.24083e+01	1.01567e+01	6.88772e+00
4.43669e+01	1.05549e+01	7.18811e+00
4.64159e+01	1.09346e+01	7.47529e+00
4.85595e+01	1.12949e+01	7.74847e+00
5.08022e+01	1.16349e+01	8.00701e+00
5.31484e+01	1.19540e+01	8.25039e+00
5.56030e+01	1.22517e+01	8.47821e+00
5.81709e+01	1.25276e+01	8.69016e+00
6.08575e+01	1.27814e+01	8.88602e+00
6.36681e+01	1.30130e+01	9.06567e+00
6.66085e+01	1.32223e+01	9.22905e+00
6.96847e+01	1.34094e+01	9.37618e+00
7.29030e+01	1.35744e+01	9.50713e+00
7.62699e+01	1.37176e+01	9.62204e+00
7.97923e+01	1.38392e+01	9.72110e+00
8.34773e+01	1.39395e+01	9.80457e+00
8.73326e+01	1.40190e+01	9.87271e+00
9.13659e+01	1.40782e+01	9.92587e+00
9.55855e+01	1.41174e+01	9.96440e+00
1.00000e+02	1.41374e+01	9.98872e+00
1.04618e+02	1.41388e+01	9.99924e+00
1.09450e+02	1.41220e+01	9.99643e+00
1.14505e+02	1.40879e+01	9.98078e+00
1.19793e+02	1.40372e+01	9.95278e+00
1.25325e+02	1.39704e+01	9.91296e+00
1.31113e+02	1.38885e+01	9.86184e+00
1.37169e+02	1.37921e+01	9.79999e+00
1.43504e+02	1.36820e+01	9.72796e+00
1.50131e+02	1.35590e+01	9.64630e+00
1.57065e+02	1.34238e+01	9.55559e+00
1.64318e+02	1.32773e+01	9.45640e+00
1.71907e+02	1.31202e+01	9.34929e+00
1.79846e+02	1.29533e+01	9.23483e+00
1.88152e+02	1.27774e+01	9.11357e+00
1.96842e+02	1.25931e+01	8.98606e+00
2.05933e+02	1.24014e+01	8.85285e+00
2.15444e+02	1.22027e+01	8.71447e+00
2.25393e+02	1.19980e+01	8.57144e+00
2.35803e+02	1.17878e+01	8.42425e+00
2.46693e+02	1.15729e+01	8.27340e+00
2.58086e+02	1.13538e+01	8.11936e+00
2.70005e+02	1.11312e+01	7.96298e+00
2.82475e+02	1.09057e+01	7.80464e+00
2.95521e+02	1.06779e+01	7.64445e+00
3.09169e+02	1.04483e+01	7.48308e+00
3.23448e+02	1.02177e+01	7.32091e+00
3.38385e+02	9.98634e+00	7.15805e+00
3.54013e+02	9.75470e+00	6.99481e+00
3.70363e+02	9.52320e+00	6.83149e+00
3.87467e+02	9.29222e+00	6.66840e+00
4.05362e+02	9.06216e+00	6.50579e+00
4.24083e+02	8.83337e+00	6.34393e+00
4.43669e+02	8.60617e+00	6.18306e+00
4.64159e+02	8.38086e+00	6.02339e+00
4.85595e+02	8.15774e+00	5.86513e+00
5.08022e+02	7.93705e+00	5.70848e+00
5.31484e+02	7.71903e+00	5.55360e+00
5.56030e+02	7.50390e+00	5.40065e+00
5.81709e+02	7.29200e+00	5.24977e+00
6.08574e+02	7.08340e+00	5.10110e+00
6.36681e+02	6.87823e+00	4.95475e+00
6.66085e+02	6.67659e+00	4.81082e+00
6.96847e+02	6.47861e+00	4.66941e+00
7.29029e+02	6.28439e+00	4.53058e+00
7.62699e+02	6.09401e+00	4.39441e+00
7.97923e+02	5.90754e+00	4.26096e+00
8.34773e+02	5.72502e+00	4.13026e+00
8.73326e+02	5.54652e+00	4.00235e+00
9.13659e+02	5.37204e+00	3.87728e+00
9.55855e+02	5.20163e+00	3.75504e+00
1.00000e+03	5.03528e+00	3.63567e+00
1.04618e+03	4.87299e+00	3.51915e+00
1.09450e+03	4.71475e+00	3.40550e+00
1.14505e+03	4.56056e+00	3.29469e+00
1.19793e+03	4.41038e+00	3.18673e+00
1.25325e+03	4.26419e+00	3.08159e+00
1.31113e+03	4.12194e+00	2.97925e+00
1.37169e+03	3.98360e+00	2.87969e+00
1.43504e+03	3.84912e+00	2.78287e+00
1.50131e+03	3.71845e+00	2.68875e+00
1.57065e+03	3.59152e+00	2.59731e+00
1.64318e+03	3.46829e+00	2.50850e+00
1.71907e+03	3.34869e+00	2.42228e+00
1.79846e+03	3.23266e+00	2.33861e+00
1.88152e+03	3.12012e+00	2.25745e+00
1.96842e+03	3.01102e+00	2.17873e+00
2.05933e+03	2.90528e+00	2.10242e+00
2.15443e+03	2.80282e+00	2.02847e+00
2.25393e+03	2.70358e+00	1.95682e+00
2.35803e+03	2.60749e+00	1.88743e+00
2.46693e+03	2.51446e+00	1.82024e+00
2.58086e+03	2.42443e+00	1.75520e+00
2.70005e+03	2.33733e+00	1.69226e+00
2.82475e+03	2.25307e+00	1.63137e+00
2.95521e+03	2.17158e+00	1.57247e+00
3.09169e+03	2.09280e+00	1.51552e+00
3.23448e+03	2.01664e+00	1.46046e+00
3.38386e+03	1.94304e+00	1.40724e+00
3.54013e+03	1.87192e+00	1.35580e+00
3.70363e+03	1.80323e+00	1.30611e+00
3.87468e+03	1.73687e+00	1.25812e+00
4.05362e+03	1.67280e+00	1.21176e+00
4.24083e+03	1.61093e+00	1.16700e+00
4.43669e+03	1.55121e+00	1.12379e+00
4.64159e+03	1.49357e+00	1.08207e+00
4.85595e+03	1.43795e+00	1.04182e+00
5.08022e+03	1.38428e+00	1.00297e+00
5.31484e+03	1.33250e+00	9.65492e-01
5.56030e+03	1.28256e+00	9.29339e-01
5.81709e+03	1.23440e+00	8.94469e-01
6.08574e+03	1.18795e+00	8.60842e-01
6.36681e+03	1.14317e+00	8.28417e-01
6.66085e+03	1.10000e+00	7.97155e-01
6.96847e+03	1.05838e+00	7.67019e-01
7.29030e+03	1.01827e+00	7.37972e-01
7.62699e+03	9.79615e-01	7.09977e-01
7.97923e+03	9.42367e-01	6.83000e-01
8.34773e+03	9.06479e-01	6.57007e-01
8.73326e+03	8.71904e-01	6.31964e-01
9.13659e+03	8.38599e-01	6.07839e-01
9.55855e+03	8.06519e-01	5.84601e-01
1.00000e+04	7.75622e-01	5.62219e-01
1.04618e+04	7.45869e-01	5.40665e-01
1.09450e+04	7.17218e-01	5.19908e-01
1.14505e+04	6.89631e-01	4.99923e-01
1.19793e+04	6.63072e-01	4.80680e-01
1.25325e+04	6.37504e-01	4.62156e-01
1.31113e+04	6.12892e-01	4.44323e-01
1.37169e+04	5.89203e-01	4.27158e-01
1.43504e+04	5.66403e-01	4.10637e-01
1.50131e+04	5.44460e-01	3.94738e-01
1.57065e+04	5.23344e-01	3.79437e-01
1.64318e+04	5.03026e-01	3.64713e-01
1.71907e+04	4.83475e-01	3.50545e-01
1.79847e+04	4.64666e-01	3.36914e-01
1.88152e+04	4.46570e-01	3.23800e-01
1.96842e+04	4.29162e-01	3.11184e-01
2.05933e+04	4.12416e-01	2.99048e-01
2.15443e+04	3.96309e-01	2.87374e-01
2.25393e+04	3.80816e-01	2.76145e-01
2.35803e+04	3.65916e-01	2.65346e-01
2.46693e+04	3.51587e-01	2.54960e-01
2.58086e+04	3.37806e-01	2.44972e-01
2.70005e+04	3.24555e-01	2.35367e-01
2.82475e+04	3.11813e-01	2.26131e-01
2.95521e+04	2.99561e-01	2.17250e-01
3.09169e+04	2.87782e-01	2.08711e-01
3.23448e+04	2.76457e-01	2.00501e-01
3.38386e+04	2.65569e-01	1.92609e-01
3.54013e+04	2.55102e-01	1.85021e-01
3.70363e+04	2.45040e-01	1.77727e-01
3.87468e+04	2.35369e-01	1.70715e-01
4.05362e+04	2.26072e-01	1.63975e-01
4.24083e+04	2.17137e-01	1.57497e-01
4.43669e+04	2.08548e-01	1.51271e-01
4.64159e+04	2.00294e-01	1.45286e-01
4.85595e+04	1.92362e-01	1.39535e-01
5.08022e+04	1.84738e-01	1.34008e-01
5.31484e+04	1.77413e-01	1.28696e-01
5.56030e+04	1.70373e-01	1.23592e-01
5.81709e+04	1.63608e-01	1.18687e-01
6.08574e+04	1.57108e-01	1.13973e-01
6.36681e+04	1.50863e-01	1.09445e-01
6.66085e+04	1.44862e-01	1.05093e-01
6.96847e+04	1.39097e-01	1.00913e-01
7.29029e+04	1.33558e-01	9.68959e-02
7.62699e+04	1.28236e-01	9.30369e-02
7.97923e+04	1.23124e-01	8.93295e-02
8.34773e+04	1.18213e-01	8.57680e-02
8.73326e+04	1.13495e-01	8.23466e-02
9.13659e+04	1.08963e-01	7.90599e-02
9.55855e+04	1.04610e-01	7.59027e-02
1.00000e+05	1.00429e-01	7.28701e-02
1.04618e+05	9.64125e-02	6.99572e-02
1.09450e+05	9.25549e-02	6.71593e-02
1.14505e+05	8.88498e-02	6.44719e-02
1.19793e+05	8.52913e-02	6.18909e-02
1.25325e+05	8.18737e-02	5.94119e-02
1.31113e+05	7.85915e-02	5.70312e-02
1.37169e+05	7.54394e-02	5.47447e-02
1.43504e+05	7.24123e-02	5.25489e-02
1.50131e+05	6.95053e-02	5.04402e-02
1.57065e+05	6.67138e-02	4.84153e-02
1.64318e+05	6.40332e-02	4.64707e-02
1.71907e+05	6.14592e-02	4.46034e-02
1.79846e+05	5.89876e-02	4.28104e-02
1.88152e+05	5.66144e-02	4.10887e-02
1.96842e+05	5.43356e-02	3.94355e-02
2.05933e+05	5.21477e-02	3.78482e-02
2.15444e+05	5.00470e-02	3.63241e-02
2.25393e+05	4.80301e-02	3.48608e-02
2.35803e+05	4.60937e-02	3.34559e-02
2.46693e+05	4.42346e-02	3.21070e-02
2.58086e+05	4.24498e-02	3.08121e-02
2.70006e+05	4.07363e-02	2.95688e-02
2.82475e+05	3.90914e-02	2.83753e-02
2.95521e+05	3.75123e-02	2.72294e-02
3.09169e+05	3.59963e-02	2.61295e-02
3.23448e+05	3.45411e-02	2.50735e-02
3.38386e+05	3.31442e-02	2.40599e-02
3.54013e+05	3.18033e-02	2.30869e-02
3.70363e+05	3.05162e-02	2.21529e-02
3.87468e+05	2.92807e-02	2.12563e-02
4.05362e+05	2.80949e-02	2.03957e-02
4.24083e+05	2.69566e-02	1.95697e-02
4.43669e+05	2.58641e-02	1.87768e-02
4.64159e+05	2.48155e-02	1.80158e-02
4.85595e+05	2.38090e-02	1.72854e-02
5.08022e+05	2.28431e-02	1.65844e-02
5.31484e+05	2.19160e-02	1.59115e-02
5.56030e+05	2.10262e-02	1.52657e-02
5.81709e+05	2.01723e-02	1.46460e-02
6.08574e+05	1.93528e-02	1.40512e-02
6.36680e+05	1.85663e-02	1.34804e-02
6.66085e+05	1.78116e-02	1.29325e-02
6.96847e+05	1.70873e-02	1.24068e-02
7.29030e+05	1.63922e-02	1.19023e-02
7.62699e+05	1.57252e-02	1.14181e-02
7.97923e+05	1.50851e-02	1.09535e-02
8.34773e+05	1.44709e-02	1.05077e-02
8.73326e+05	1.38815e-02	1.00799e-02
9.13659e+05	1.33160e-02	9.66933e-03
9.55855e+05	1.27733e-02	9.27540e-03
1.00000e+06	1.22526e-02	8.89740e-03
