# CP cross section
256
1.00000e+01	0.00000e+00
1.02746e+01	0.00000e+00
1.05567e+01	0.00000e+00
1.08466e+01	0.00000e+00
1.11445e+01	1.13304e-01
1.14505e+01	3.45118e-01
1.17649e+01	5.89412e-01
1.20880e+01	8.44509e-01
1.24199e+01	1.12095e+00
1.27609e+01	1.43267e+00
1.31113e+01	1.75316e+00
1.34714e+01	2.08091e+00
1.38413e+01	2.41453e+00
1.42214e+01	2.75273e+00
1.46119e+01	3.09722e+00
1.50131e+01	3.46936e+00
1.54254e+01	3.84448e+00
1.58489e+01	4.22144e+00
1.62841e+01	4.59919e+00
1.67313e+01	4.97675e+00
1.71907e+01	5.35324e+00
1.76628e+01	5.72783e+00
1.81478e+01	6.10507e+00
1.86461e+01	6.49550e+00
1.91581e+01	6.88317e+00
1.96842e+01	7.26733e+00
2.02247e+01	7.64728e+00
2.07801e+01	8.02240e+00
2.13507e+01	8.39211e+00
2.19370e+01	8.75587e+00
2.25393e+01	9.11320e+00
2.31583e+01	9.46366e+00
2.37942e+01	9.80684e+00
2.44475e+01	1.01424e+01
2.51189e+01	1.04759e+01
2.58086e+01	1.08093e+01
2.65173e+01	1.11395e+01
2.72455e+01	1.14695e+01
2.79936e+01	1.17917e+01
2.87623e+01	1.21057e+01
2.95521e+01	1.24111e+01
3.03636e+01	1.27077e+01
3.11974e+01	1.29953e+01
3.20540e+01	1.32735e+01
3.29342e+01	1.35421e+01
3.38385e+01	1.38011e+01
3.47677e+01	1.40502e+01
3.57225e+01	1.42892e+01
3.67034e+01	1.45182e+01
3.77112e+01	1.47369e+01
3.87467e+01	1.49454e+01
3.98107e+01	1.51436e+01
4.09039e+01	1.53315e+01
4.20271e+01	1.55091e+01
4.31811e+01	1.56763e+01
4.43669e+01	1.58332e+01
4.55852e+01	1.59798e+01
4.68369e+01	1.61162e+01
4.81230e+01	1.62425e+01
4.94445e+01	1.63587e+01
5.08022e+01	1.64649e+01
5.21972e+01	1.65612e+01
5.36305e+01	1.66477e+01
5.51032e+01	1.67246e+01
5.66163e+01	1.67919e+01
5.81709e+01	1.68498e+01
5.97683e+01	1.68985e+01
6.14095e+01	1.69382e+01
6.30957e+01	1.69688e+01
6.48283e+01	1.69907e+01
6.66085e+01	1.70040e+01
6.84375e+01	1.70089e+01
7.03168e+01	1.70056e+01
7.22476e+01	1.69943e+01
7.42315e+01	1.69751e+01
7.62699e+01	1.69482e+01
7.83642e+01	1.69139e+01
8.05160e+01	1.68724e+01
8.27270e+01	1.68238e+01
8.49986e+01	1.67684e+01
8.73326e+01	1.67064e+01
8.97307e+01	1.66379e+01
9.21947e+01	1.65633e+01
9.47263e+01	1.64827e+01
9.73274e+01	1.63964e+01
1.00000e+02	1.63044e+01
1.02746e+02	1.62072e+01
1.05567e+02	1.61049e+01
1.08466e+02	1.59976e+01
1.11445e+02	1.58857e+01
1.14505e+02	1.57692e+01
1.17649e+02	1.56485e+01
1.20880e+02	1.55238e+01
1.24199e+02	1.53951e+01
1.27609e+02	1.52629e+01
1.31113e+02	1.51271e+01
1.34714e+02	1.49881e+01
1.38413e+02	1.48461e+01
1.42214e+02	1.47012e+01
1.46119e+02	1.45535e+01
1.50131e+02	1.44046e+01
1.54254e+02	1.42542e+01
1.58489e+02	1.41017e+01
1.62841e+02	1.39473e+01
1.67313e+02	1.37912e+01
1.71907e+02	1.36336e+01
1.76628e+02	1.34745e+01
1.81478e+02	1.33142e+01
1.86461e+02	1.31528e+01
1.91581e+02	1.29903e+01
1.96842e+02	1.28271e+01
2.02247e+02	1.26631e+01
2.07801e+02	1.24987e+01
2.13507e+02	1.23341e+01
2.19370e+02	1.21692e+01
2.25393e+02	1.20040e+01
2.31583e+02	1.18388e+01
2.37942e+02	1.16736e+01
2.44476e+02	1.15085e+01
2.51189e+02	1.13436e+01
2.58086e+02	1.11791e+01
2.65173e+02	1.10149e+01
2.72455e+02	1.08513e+01
2.79936e+02	1.06883e+01
2.87623e+02	1.05259e+01
2.95521e+02	1.03643e+01
3.03636e+02	1.02035e+01
3.11974e+02	1.00436e+01
3.20540e+02	9.88483e+00
3.29342e+02	9.72709e+00
3.38385e+02	9.57045e+00
3.47677e+02	9.41494e+00
3.57224e+02	9.26064e+00
3.67034e+02	9.10758e+00
3.77112e+02	8.95581e+00
3.87467e+02	8.80537e+00
3.98107e+02	8.65631e+00
4.09039e+02	8.50866e+00
4.20271e+02	8.36247e+00
4.31811e+02	8.21775e+00
4.43669e+02	8.07454e+00
4.55852e+02	7.93287e+00
4.68369e+02	7.79276e+00
4.81230e+02	7.65423e+00
4.94445e+02	7.51732e+00
5.08022e+02	7.38202e+00
5.21972e+02	7.24837e+00
5.36305e+02	7.11637e+00
5.51032e+02	6.98604e+00
5.66163e+02	6.85738e+00
5.81709e+02	6.73041e+00
5.97683e+02	6.60513e+00
6.14095e+02	6.48156e+00
6.30957e+02	6.35968e+00
6.48283e+02	6.23951e+00
6.66085e+02	6.12104e+00
6.84375e+02	6.00428e+00
7.03168e+02	5.88922e+00
7.22476e+02	5.77586e+00
7.42315e+02	5.66420e+00
7.62699e+02	5.55423e+00
7.83642e+02	5.44595e+00
8.05160e+02	5.33934e+00
8.27270e+02	5.23440e+00
8.49986e+02	5.13113e+00
8.73326e+02	5.02951e+00
8.97307e+02	4.92952e+00
9.21947e+02	4.83117e+00
9.47263e+02	4.73444e+00
9.73274e+02	4.63931e+00
1.00000e+03	4.54577e+00
1.02746e+03	4.45382e+00
1.05567e+03	4.36343e+00
1.08466e+03	4.27458e+00
1.11444e+03	4.18728e+00
1.14505e+03	4.10149e+00
1.17649e+03	4.01721e+00
1.20880e+03	3.93441e+00
1.24199e+03	3.85309e+00
1.27609e+03	3.77322e+00
1.31113e+03	3.69478e+00
1.34714e+03	3.61777e+00
1.38413e+03	3.54216e+00
1.42214e+03	3.46794e+00
1.46119e+03	3.39509e+00
1.50131e+03	3.32359e+00
1.54254e+03	3.25341e+00
1.58489e+03	3.18456e+00
1.62841e+03	3.11700e+00
1.67313e+03	3.05072e+00
1.71907e+03	2.98570e+00
1.76628e+03	2.92192e+00
1.81478e+03	2.85936e+00
1.86461e+03	2.79802e+00
1.91581e+03	2.73786e+00
1.96842e+03	2.67887e+00
2.02247e+03	2.62103e+00
2.07801e+03	2.56433e+00
2.13507e+03	2.50875e+00
2.19370e+03	2.45426e+00
2.25393e+03	2.40086e+00
2.31583e+03	2.34853e+00
2.37942e+03	2.29724e+00
2.44476e+03	2.24698e+00
2.51189e+03	2.19773e+00
2.58086e+03	2.14948e+00
2.65173e+03	2.10221e+00
2.72455e+03	2.05590e+00
2.79936e+03	2.01053e+00
2.87623e+03	1.96610e+00
2.95521e+03	1.92258e+00
3.03636e+03	1.87995e+00
3.11974e+03	1.83821e+00
3.20540e+03	1.79733e+00
3.29342e+03	1.75730e+00
3.38386e+03	1.71810e+00
3.47677e+03	1.67972e+00
3.57224e+03	1.64215e+00
3.67034e+03	1.60537e+00
3.77112e+03	1.56936e+00
3.87468e+03	1.53411e+00
3.98107e+03	1.49961e+00
4.09039e+03	1.46584e+00
4.20271e+03	1.43279e+00
4.31811e+03	1.40044e+00
4.43669e+03	1.36879e+00
4.55852e+03	1.33781e+00
4.68369e+03	1.30750e+00
4.81230e+03	1.27784e+00
4.94445e+03	1.24882e+00
5.08022e+03	1.22042e+00
5.21972e+03	1.19264e+00
5.36305e+03	1.16546e+00
5.51032e+03	1.13888e+00
5.66163e+03	1.11287e+00
5.81709e+03	1.08743e+00
5.97683e+03	1.06254e+00
6.14095e+03	1.03821e+00
6.30957e+03	1.01440e+00
6.48283e+03	9.91115e-01
6.66085e+03	9.68344e-01
6.84375e+03	9.46076e-01
7.03168e+03	9.24298e-01
7.22476e+03	9.03003e-01
7.42315e+03	8.82179e-01
7.62699e+03	8.61817e-01
7.83642e+03	8.41908e-01
8.05160e+03	8.22441e-01
8.27270e+03	8.03409e-01
8.49986e+03	7.84801e-01
8.73326e+03	7.66609e-01
8.97307e+03	7.48824e-01
9.21947e+03	7.31438e-01
9.47263e+03	7.14442e-01
9.73274e+03	6.97828e-01
1.00000e+04	6.81587e-01
