# CS cross section
256
1.00000e+01	0.00000e+00
1.02746e+01	0.00000e+00
1.05567e+01	0.00000e+00
1.08466e+01	0.00000e+00
1.11445e+01	0.00000e+00
1.14505e+01	0.00000e+00
1.17649e+01	2.21332e-02
1.20880e+01	1.06448e-01
1.24199e+01	1.95675e-01
1.27609e+01	2.89203e-01
1.31113e+01	4.36405e-01
1.34714e+01	6.89994e-01
1.38413e+01	9.54940e-01
1.42214e+01	1.22968e+00
1.46119e+01	1.51276e+00
1.50131e+01	1.80285e+00
1.54254e+01	2.09871e+00
1.58489e+01	2.39920e+00
1.62841e+01	2.70326e+00
1.67313e+01	3.00992e+00
1.71907e+01	3.31827e+00
1.76628e+01	3.66813e+00
1.81478e+01	4.02075e+00
1.86461e+01	4.37494e+00
1.91581e+01	4.72974e+00
1.96842e+01	5.08430e+00
2.02247e+01	5.43780e+00
2.07801e+01	5.78952e+00
2.13507e+01	6.13877e+00
2.19370e+01	6.48493e+00
2.25393e+01	6.82741e+00
2.31583e+01	7.16569e+00
2.37942e+01	7.49928e+00
2.44475e+01	7.82773e+00
2.51189e+01	8.15063e+00
2.58086e+01	8.46760e+00
2.65173e+01	8.77830e+00
2.72455e+01	9.08241e+00
2.79936e+01	9.37966e+00
2.87623e+01	9.66976e+00
2.95521e+01	9.95251e+00
3.03636e+01	1.02363e+01
3.11974e+01	1.05224e+01
3.20540e+01	1.08015e+01
3.29342e+01	1.10734e+01
3.38385e+01	1.13377e+01
3.47677e+01	1.15943e+01
3.57225e+01	1.18429e+01
3.67034e+01	1.20833e+01
3.77112e+01	1.23154e+01
3.87467e+01	1.25390e+01
3.98107e+01	1.27540e+01
4.09039e+01	1.29604e+01
4.20271e+01	1.31579e+01
4.31811e+01	1.33467e+01
4.43669e+01	1.35265e+01
4.55852e+01	1.36974e+01
4.68369e+01	1.38593e+01
4.81230e+01	1.40122e+01
4.94445e+01	1.41562e+01
5.08022e+01	1.42913e+01
5.21972e+01	1.44175e+01
5.36305e+01	1.45348e+01
5.51032e+01	1.46432e+01
5.66163e+01	1.47429e+01
5.81709e+01	1.48340e+01
5.97683e+01	1.49164e+01
6.14095e+01	1.49903e+01
6.30957e+01	1.50558e+01
6.48283e+01	1.51130e+01
6.66085e+01	1.51620e+01
6.84375e+01	1.52030e+01
7.03168e+01	1.52360e+01
7.22476e+01	1.52612e+01
7.42315e+01	1.52787e+01
7.62699e+01	1.52887e+01
7.83642e+01	1.52913e+01
8.05160e+01	1.52867e+01
8.27270e+01	1.52751e+01
8.49986e+01	1.52566e+01
8.73326e+01	1.52314e+01
8.97307e+01	1.51996e+01
9.21947e+01	1.51614e+01
9.47263e+01	1.51170e+01
9.73274e+01	1.50666e+01
1.00000e+02	1.50104e+01
1.02746e+02	1.49485e+01
1.05567e+02	1.48812e+01
1.08466e+02	1.48086e+01
1.11445e+02	1.47308e+01
1.14505e+02	1.46482e+01
1.17649e+02	1.45608e+01
1.20880e+02	1.44689e+01
1.24199e+02	1.43726e+01
1.27609e+02	1.42722e+01
1.31113e+02	1.41677e+01
1.34714e+02	1.40595e+01
1.38413e+02	1.39476e+01
1.42214e+02	1.38323e+01
1.46119e+02	1.37138e+01
1.50131e+02	1.35921e+01
1.54254e+02	1.34676e+01
1.58489e+02	1.33403e+01
1.62841e+02	1.32104e+01
1.67313e+02	1.30782e+01
1.71907e+02	1.29436e+01
1.76628e+02	1.28071e+01
1.81478e+02	1.26685e+01
1.86461e+02	1.25294e+01
1.91581e+02	1.23888e+01
1.96842e+02	1.22469e+01
2.02247e+02	1.21036e+01
2.07801e+02	1.19593e+01
2.13507e+02	1.18139e+01
2.19370e+02	1.16677e+01
2.25393e+02	1.15206e+01
2.31583e+02	1.13730e+01
2.37942e+02	1.12248e+01
2.44476e+02	1.10762e+01
2.51189e+02	1.09276e+01
2.58086e+02	1.07788e+01
2.65173e+02	1.06299e+01
2.72455e+02	1.04810e+01
2.79936e+02	1.03323e+01
2.87623e+02	1.01837e+01
2.95521e+02	1.00355e+01
3.03636e+02	9.88759e+00
3.11974e+02	9.74022e+00
3.20540e+02	9.59351e+00
3.29342e+02	9.44742e+00
3.38385e+02	9.30200e+00
3.47677e+02	9.15734e+00
3.57224e+02	9.01348e+00
3.67034e+02	8.87049e+00
3.77112e+02	8.72842e+00
3.87467e+02	8.58734e+00
3.98107e+02	8.44728e+00
4.09039e+02	8.30830e+00
4.20271e+02	8.17044e+00
4.31811e+02	8.03375e+00
4.43669e+02	7.89826e+00
4.55852e+02	7.76401e+00
4.68369e+02	7.63103e+00
4.81230e+02	7.49936e+00
4.94445e+02	7.36903e+00
5.08022e+02	7.24006e+00
5.21972e+02	7.11248e+00
5.36305e+02	6.98632e+00
5.51032e+02	6.86158e+00
5.66163e+02	6.73830e+00
5.81709e+02	6.61648e+00
5.97683e+02	6.49615e+00
6.14095e+02	6.37731e+00
6.30957e+02	6.25999e+00
6.48283e+02	6.14417e+00
6.66085e+02	6.02989e+00
6.84375e+02	5.91713e+00
7.03168e+02	5.80591e+00
7.22476e+02	5.69624e+00
7.42315e+02	5.58810e+00
7.62699e+02	5.48151e+00
7.83642e+02	5.37646e+00
8.05160e+02	5.27295e+00
8.27270e+02	5.17098e+00
8.49986e+02	5.07054e+00
8.73326e+02	4.97164e+00
8.97307e+02	4.87426e+00
9.21947e+02	4.77840e+00
9.47263e+02	4.68405e+00
9.73274e+02	4.59121e+00
1.00000e+03	4.49986e+00
1.02746e+03	4.40999e+00
1.05567e+03	4.32160e+00
1.08466e+03	4.23467e+00
1.11444e+03	4.14919e+00
1.14505e+03	4.06515e+00
1.17649e+03	3.98254e+00
1.20880e+03	3.90135e+00
1.24199e+03	3.82156e+00
1.27609e+03	3.74315e+00
1.31113e+03	3.66612e+00
1.34714e+03	3.59045e+00
1.38413e+03	3.51612e+00
1.42214e+03	3.44313e+00
1.46119e+03	3.37144e+00
1.50131e+03	3.30106e+00
1.54254e+03	3.23196e+00
1.58489e+03	3.16413e+00
1.62841e+03	3.09754e+00
1.67313e+03	3.03220e+00
1.71907e+03	2.96807e+00
1.76628e+03	2.90515e+00
1.81478e+03	2.84341e+00
1.86461e+03	2.78284e+00
1.91581e+03	2.72342e+00
1.96842e+03	2.66515e+00
2.02247e+03	2.60799e+00
2.07801e+03	2.55194e+00
2.13507e+03	2.49697e+00
2.19370e+03	2.44308e+00
2.25393e+03	2.39024e+00
2.31583e+03	2.33844e+00
2.37942e+03	2.28766e+00
2.44476e+03	2.23789e+00
2.51189e+03	2.18911e+00
2.58086e+03	2.14131e+00
2.65173e+03	2.09446e+00
2.72455e+03	2.04856e+00
2.79936e+03	2.00358e+00
2.87623e+03	1.95951e+00
2.95521e+03	1.91634e+00
3.03636e+03	1.87406e+00
3.11974e+03	1.83263e+00
3.20540e+03	1.79206e+00
3.29342e+03	1.75232e+00
3.38386e+03	1.71340e+00
3.47677e+03	1.67529e+00
3.57224e+03	1.63797e+00
3.67034e+03	1.60143e+00
3.77112e+03	1.56565e+00
3.87468e+03	1.53062e+00
3.98107e+03	1.49633e+00
4.09039e+03	1.46276e+00
4.20271e+03	1.42990e+00
4.31811e+03	1.39773e+00
4.43669e+03	1.36624e+00
4.55852e+03	1.33543e+00
4.68369e+03	1.30527e+00
4.81230e+03	1.27576e+00
4.94445e+03	1.24688e+00
5.08022e+03	1.21862e+00
5.21972e+03	1.19096e+00
5.36305e+03	1.16391e+00
5.51032e+03	1.13743e+00
5.66163e+03	1.11153e+00
5.81709e+03	1.08620e+00
5.97683e+03	1.06141e+00
6.14095e+03	1.03716e+00
6.30957e+03	1.01344e+00
6.48283e+03	9.90243e-01
6.66085e+03	9.67550e-01
6.84375e+03	9.45356e-01
7.03168e+03	9.23650e-01
7.22476e+03	9.02421e-01
7.42315e+03	8.81660e-01
7.62699e+03	8.61358e-01
7.83642e+03	8.41505e-01
8.05160e+03	8.22092e-01
8.27270e+03	8.03110e-01
8.49986e+03	7.84549e-01
8.73326e+03	7.66402e-01
8.97307e+03	7.48660e-01
9.21947e+03	7.31313e-01
9.47263e+03	7.14354e-01
9.73274e+03	6.97775e-01
1.00000e+04	6.81568e-01
