# H2C3O cross section
64
1.00000e+01	9.14154e-02
1.11588e+01	1.12438e+00
1.24520e+01	2.65182e+00
1.38949e+01	4.37533e+00
1.55052e+01	6.47429e+00
1.73020e+01	8.81245e+00
1.93070e+01	1.14791e+01
2.15444e+01	1.41722e+01
2.40410e+01	1.68631e+01
2.68270e+01	1.95066e+01
2.99358e+01	2.19508e+01
3.34049e+01	2.41887e+01
3.72759e+01	2.61873e+01
4.15956e+01	2.79000e+01
4.64159e+01	2.93143e+01
5.17948e+01	3.04269e+01
5.77969e+01	3.12415e+01
6.44947e+01	3.17680e+01
7.19686e+01	3.20210e+01
8.03086e+01	3.20187e+01
8.96150e+01	3.17825e+01
1.00000e+02	3.13355e+01
1.11588e+02	3.07025e+01
1.24520e+02	2.99086e+01
1.38950e+02	2.89791e+01
1.55052e+02	2.79386e+01
1.73020e+02	2.68107e+01
1.93070e+02	2.56174e+01
2.15444e+02	2.43792e+01
2.40410e+02	2.31145e+01
2.68270e+02	2.18396e+01
2.99358e+02	2.05706e+01
3.34048e+02	1.93196e+01
3.72759e+02	1.80953e+01
4.15956e+02	1.69061e+01
4.64159e+02	1.57583e+01
5.17947e+02	1.46568e+01
5.77969e+02	1.36055e+01
6.44947e+02	1.26066e+01
7.19686e+02	1.16613e+01
8.03086e+02	1.07702e+01
8.96150e+02	9.93290e+00
1.00000e+03	9.14861e+00
1.11588e+03	8.41597e+00
1.24520e+03	7.73330e+00
1.38949e+03	7.09863e+00
1.55052e+03	6.50979e+00
1.73020e+03	5.96450e+00
1.93070e+03	5.46040e+00
2.15443e+03	4.99511e+00
2.40410e+03	4.56624e+00
2.68270e+03	4.17147e+00
2.99358e+03	3.80850e+00
3.34049e+03	3.47516e+00
3.72759e+03	3.16932e+00
4.15956e+03	2.88897e+00
4.64159e+03	2.63222e+00
5.17948e+03	2.39725e+00
5.77969e+03	2.18239e+00
6.44947e+03	1.98603e+00
7.19686e+03	1.80671e+00
8.03086e+03	1.64303e+00
8.96150e+03	1.49371e+00
1.00000e+04	1.35756e+00
