# H2CCS cross section
256
1.00000e+01	6.07404e-01
1.02746e+01	7.62183e-01
1.05567e+01	9.21270e-01
1.08466e+01	1.08400e+00
1.11445e+01	1.24974e+00
1.14505e+01	1.41794e+00
1.17649e+01	1.64556e+00
1.20880e+01	1.91041e+00
1.24199e+01	2.18123e+00
1.27609e+01	2.50885e+00
1.31113e+01	2.87962e+00
1.34714e+01	3.25820e+00
1.38413e+01	3.64308e+00
1.42214e+01	4.03289e+00
1.46119e+01	4.42634e+00
1.50131e+01	4.85167e+00
1.54254e+01	5.30314e+00
1.58489e+01	5.77069e+00
1.62841e+01	6.29916e+00
1.67313e+01	6.83232e+00
1.71907e+01	7.36847e+00
1.76628e+01	7.92625e+00
1.81478e+01	8.51382e+00
1.86461e+01	9.10276e+00
1.91581e+01	9.69149e+00
1.96842e+01	1.02786e+01
2.02247e+01	1.08626e+01
2.07801e+01	1.14424e+01
2.13507e+01	1.20169e+01
2.19370e+01	1.25848e+01
2.25393e+01	1.31455e+01
2.31583e+01	1.36978e+01
2.37942e+01	1.42411e+01
2.44475e+01	1.47745e+01
2.51189e+01	1.52975e+01
2.58086e+01	1.58095e+01
2.65173e+01	1.63097e+01
2.72455e+01	1.68048e+01
2.79936e+01	1.73035e+01
2.87623e+01	1.77905e+01
2.95521e+01	1.82651e+01
3.03636e+01	1.87286e+01
3.11974e+01	1.91966e+01
3.20540e+01	1.96520e+01
3.29342e+01	2.00944e+01
3.38385e+01	2.05233e+01
3.47677e+01	2.09382e+01
3.57225e+01	2.13389e+01
3.67034e+01	2.17251e+01
3.77112e+01	2.20964e+01
3.87467e+01	2.24527e+01
3.98107e+01	2.27938e+01
4.09039e+01	2.31195e+01
4.20271e+01	2.34296e+01
4.31811e+01	2.37243e+01
4.43669e+01	2.40032e+01
4.55852e+01	2.42666e+01
4.68369e+01	2.45142e+01
4.81230e+01	2.47462e+01
4.94445e+01	2.49627e+01
5.08022e+01	2.51636e+01
5.21972e+01	2.53490e+01
5.36305e+01	2.55192e+01
5.51032e+01	2.56742e+01
5.66163e+01	2.58141e+01
5.81709e+01	2.59391e+01
5.97683e+01	2.60494e+01
6.14095e+01	2.61452e+01
6.30957e+01	2.62266e+01
6.48283e+01	2.62940e+01
6.66085e+01	2.63476e+01
6.84375e+01	2.63875e+01
7.03168e+01	2.64141e+01
7.22476e+01	2.64276e+01
7.42315e+01	2.64282e+01
7.62699e+01	2.64164e+01
7.83642e+01	2.63922e+01
8.05160e+01	2.63562e+01
8.27270e+01	2.63084e+01
8.49986e+01	2.62493e+01
8.73326e+01	2.61792e+01
8.97307e+01	2.60984e+01
9.21947e+01	2.60072e+01
9.47263e+01	2.59059e+01
9.73274e+01	2.57949e+01
1.00000e+02	2.56744e+01
1.02746e+02	2.55449e+01
1.05567e+02	2.54066e+01
1.08466e+02	2.52599e+01
1.11445e+02	2.51050e+01
1.14505e+02	2.49424e+01
1.17649e+02	2.47724e+01
1.20880e+02	2.45952e+01
1.24199e+02	2.44112e+01
1.27609e+02	2.42208e+01
1.31113e+02	2.40242e+01
1.34714e+02	2.38218e+01
1.38413e+02	2.36139e+01
1.42214e+02	2.34007e+01
1.46119e+02	2.31826e+01
1.50131e+02	2.29599e+01
1.54254e+02	2.27329e+01
1.58489e+02	2.25019e+01
1.62841e+02	2.22671e+01
1.67313e+02	2.20288e+01
1.71907e+02	2.17873e+01
1.76628e+02	2.15430e+01
1.81478e+02	2.12960e+01
1.86461e+02	2.10478e+01
1.91581e+02	2.07975e+01
1.96842e+02	2.05454e+01
2.02247e+02	2.02916e+01
2.07801e+02	2.00364e+01
2.13507e+02	1.97800e+01
2.19370e+02	1.95226e+01
2.25393e+02	1.92645e+01
2.31583e+02	1.90057e+01
2.37942e+02	1.87465e+01
2.44476e+02	1.84871e+01
2.51189e+02	1.82279e+01
2.58086e+02	1.79689e+01
2.65173e+02	1.77102e+01
2.72455e+02	1.74519e+01
2.79936e+02	1.71942e+01
2.87623e+02	1.69373e+01
2.95521e+02	1.66812e+01
3.03636e+02	1.64262e+01
3.11974e+02	1.61726e+01
3.20540e+02	1.59204e+01
3.29342e+02	1.56696e+01
3.38385e+02	1.54203e+01
3.47677e+02	1.51726e+01
3.57224e+02	1.49266e+01
3.67034e+02	1.46824e+01
3.77112e+02	1.44400e+01
3.87467e+02	1.41997e+01
3.98107e+02	1.39613e+01
4.09039e+02	1.37250e+01
4.20271e+02	1.34909e+01
4.31811e+02	1.32591e+01
4.43669e+02	1.30295e+01
4.55852e+02	1.28023e+01
4.68369e+02	1.25774e+01
4.81230e+02	1.23549e+01
4.94445e+02	1.21350e+01
5.08022e+02	1.19175e+01
5.21972e+02	1.17026e+01
5.36305e+02	1.14902e+01
5.51032e+02	1.12804e+01
5.66163e+02	1.10733e+01
5.81709e+02	1.08687e+01
5.97683e+02	1.06669e+01
6.14095e+02	1.04677e+01
6.30957e+02	1.02712e+01
6.48283e+02	1.00773e+01
6.66085e+02	9.88623e+00
6.84375e+02	9.69781e+00
7.03168e+02	9.51208e+00
7.22476e+02	9.32906e+00
7.42315e+02	9.14874e+00
7.62699e+02	8.97112e+00
7.83642e+02	8.79618e+00
8.05160e+02	8.62392e+00
8.27270e+02	8.45434e+00
8.49986e+02	8.28741e+00
8.73326e+02	8.12313e+00
8.97307e+02	7.96148e+00
9.21947e+02	7.80245e+00
9.47263e+02	7.64602e+00
9.73274e+02	7.49217e+00
1.00000e+03	7.34088e+00
1.02746e+03	7.19213e+00
1.05567e+03	7.04591e+00
1.08466e+03	6.90219e+00
1.11444e+03	6.76094e+00
1.14505e+03	6.62214e+00
1.17649e+03	6.48578e+00
1.20880e+03	6.35181e+00
1.24199e+03	6.22023e+00
1.27609e+03	6.09100e+00
1.31113e+03	5.96409e+00
1.34714e+03	5.83948e+00
1.38413e+03	5.71715e+00
1.42214e+03	5.59706e+00
1.46119e+03	5.47918e+00
1.50131e+03	5.36349e+00
1.54254e+03	5.24996e+00
1.58489e+03	5.13856e+00
1.62841e+03	5.02927e+00
1.67313e+03	4.92204e+00
1.71907e+03	4.81686e+00
1.76628e+03	4.71370e+00
1.81478e+03	4.61252e+00
1.86461e+03	4.51330e+00
1.91581e+03	4.41600e+00
1.96842e+03	4.32060e+00
2.02247e+03	4.22708e+00
2.07801e+03	4.13539e+00
2.13507e+03	4.04551e+00
2.19370e+03	3.95742e+00
2.25393e+03	3.87109e+00
2.31583e+03	3.78647e+00
2.37942e+03	3.70356e+00
2.44476e+03	3.62232e+00
2.51189e+03	3.54272e+00
2.58086e+03	3.46474e+00
2.65173e+03	3.38834e+00
2.72455e+03	3.31351e+00
2.79936e+03	3.24021e+00
2.87623e+03	3.16842e+00
2.95521e+03	3.09810e+00
3.03636e+03	3.02924e+00
3.11974e+03	2.96181e+00
3.20540e+03	2.89579e+00
3.29342e+03	2.83114e+00
3.38386e+03	2.76784e+00
3.47677e+03	2.70587e+00
3.57224e+03	2.64520e+00
3.67034e+03	2.58582e+00
3.77112e+03	2.52768e+00
3.87468e+03	2.47078e+00
3.98107e+03	2.41509e+00
4.09039e+03	2.36059e+00
4.20271e+03	2.30725e+00
4.31811e+03	2.25505e+00
4.43669e+03	2.20397e+00
4.55852e+03	2.15399e+00
4.68369e+03	2.10508e+00
4.81230e+03	2.05723e+00
4.94445e+03	2.01042e+00
5.08022e+03	1.96461e+00
5.21972e+03	1.91981e+00
5.36305e+03	1.87598e+00
5.51032e+03	1.83310e+00
5.66163e+03	1.79116e+00
5.81709e+03	1.75014e+00
5.97683e+03	1.71002e+00
6.14095e+03	1.67078e+00
6.30957e+03	1.63240e+00
6.48283e+03	1.59486e+00
6.66085e+03	1.55816e+00
6.84375e+03	1.52227e+00
7.03168e+03	1.48717e+00
7.22476e+03	1.45285e+00
7.42315e+03	1.41929e+00
7.62699e+03	1.38648e+00
7.83642e+03	1.35440e+00
8.05160e+03	1.32304e+00
8.27270e+03	1.29238e+00
8.49986e+03	1.26240e+00
8.73326e+03	1.23309e+00
8.97307e+03	1.20444e+00
9.21947e+03	1.17644e+00
9.47263e+03	1.14907e+00
9.73274e+03	1.12231e+00
1.00000e+04	1.09615e+00
