# H2CN cross section
256
1.00000e+01	0.00000e+00	0.00000e+00
1.04618e+01	0.00000e+00	0.00000e+00
1.09450e+01	3.36627e-02	1.75079e-02
1.14505e+01	1.15610e-01	9.69029e-02
1.19793e+01	2.04195e-01	1.83152e-01
1.25325e+01	2.98022e-01	2.74840e-01
1.31113e+01	4.48149e-01	3.70720e-01
1.37169e+01	7.12935e-01	4.69699e-01
1.43504e+01	1.03450e+00	5.70817e-01
1.50131e+01	1.41246e+00	6.73232e-01
1.57065e+01	1.80513e+00	7.76202e-01
1.64318e+01	2.20811e+00	9.50408e-01
1.71907e+01	2.67382e+00	1.15577e+00
1.79846e+01	3.19497e+00	1.39339e+00
1.88152e+01	3.72374e+00	1.65309e+00
1.96842e+01	4.25558e+00	1.91766e+00
2.05933e+01	4.78656e+00	2.20347e+00
2.15444e+01	5.31851e+00	2.50288e+00
2.25393e+01	5.87494e+00	2.80303e+00
2.35803e+01	6.44907e+00	3.10176e+00
2.46693e+01	7.01529e+00	3.39719e+00
2.58086e+01	7.57052e+00	3.68768e+00
2.70006e+01	8.11211e+00	3.97181e+00
2.82475e+01	8.63778e+00	4.24838e+00
2.95521e+01	9.14559e+00	4.52832e+00
3.09169e+01	9.63386e+00	4.81011e+00
3.23448e+01	1.01032e+01	5.09894e+00
3.38385e+01	1.05631e+01	5.38191e+00
3.54013e+01	1.10073e+01	5.65514e+00
3.70363e+01	1.14354e+01	5.91753e+00
3.87467e+01	1.18405e+01	6.16815e+00
4.05362e+01	1.22219e+01	6.40623e+00
4.24083e+01	1.25787e+01	6.63115e+00
4.43669e+01	1.29106e+01	6.84242e+00
4.64159e+01	1.32171e+01	7.03965e+00
4.85595e+01	1.34980e+01	7.22258e+00
5.08022e+01	1.37533e+01	7.39101e+00
5.31484e+01	1.39830e+01	7.54486e+00
5.56030e+01	1.41872e+01	7.68411e+00
5.81709e+01	1.43662e+01	7.80880e+00
6.08575e+01	1.45204e+01	7.92370e+00
6.36681e+01	1.46501e+01	8.02598e+00
6.66085e+01	1.47559e+01	8.11453e+00
6.96847e+01	1.48383e+01	8.19301e+00
7.29030e+01	1.48980e+01	8.25960e+00
7.62699e+01	1.49355e+01	8.31334e+00
7.97923e+01	1.49518e+01	8.35444e+00
8.34773e+01	1.49474e+01	8.38317e+00
8.73326e+01	1.49231e+01	8.39984e+00
9.13659e+01	1.48800e+01	8.40479e+00
9.55855e+01	1.48187e+01	8.39842e+00
1.00000e+02	1.47401e+01	8.38113e+00
1.04618e+02	1.46451e+01	8.35337e+00
1.09450e+02	1.45347e+01	8.31559e+00
1.14505e+02	1.44097e+01	8.26827e+00
1.19793e+02	1.42709e+01	8.21190e+00
1.25325e+02	1.41195e+01	8.14698e+00
1.31113e+02	1.39561e+01	8.07400e+00
1.37169e+02	1.37817e+01	7.99347e+00
1.43504e+02	1.35971e+01	7.90589e+00
1.50131e+02	1.34033e+01	7.81177e+00
1.57065e+02	1.32010e+01	7.71161e+00
1.64318e+02	1.29911e+01	7.60589e+00
1.71907e+02	1.27744e+01	7.49510e+00
1.79846e+02	1.25516e+01	7.37970e+00
1.88152e+02	1.23235e+01	7.26016e+00
1.96842e+02	1.20907e+01	7.13693e+00
2.05933e+02	1.18541e+01	7.01043e+00
2.15444e+02	1.16143e+01	6.88109e+00
2.25393e+02	1.13718e+01	6.74930e+00
2.35803e+02	1.11273e+01	6.61545e+00
2.46693e+02	1.08813e+01	6.48005e+00
2.58086e+02	1.06345e+01	6.34360e+00
2.70005e+02	1.03873e+01	6.20616e+00
2.82475e+02	1.01401e+01	6.06806e+00
2.95521e+02	9.89348e+00	5.92957e+00
3.09169e+02	9.64787e+00	5.79096e+00
3.23448e+02	9.40388e+00	5.65251e+00
3.38385e+02	9.16163e+00	5.51459e+00
3.54013e+02	8.92142e+00	5.37738e+00
3.70363e+02	8.68357e+00	5.24101e+00
3.87467e+02	8.44834e+00	5.10567e+00
4.05362e+02	8.21599e+00	4.97152e+00
4.24083e+02	7.98675e+00	4.83875e+00
4.43669e+02	7.76099e+00	4.70748e+00
4.64159e+02	7.53873e+00	4.57785e+00
4.85595e+02	7.32014e+00	4.45000e+00
5.08022e+02	7.10535e+00	4.32402e+00
5.31484e+02	6.89448e+00	4.20001e+00
5.56030e+02	6.68763e+00	4.07806e+00
5.81709e+02	6.48490e+00	3.95824e+00
6.08574e+02	6.28635e+00	3.84063e+00
6.36681e+02	6.09204e+00	3.72527e+00
6.66085e+02	5.90201e+00	3.61221e+00
6.96847e+02	5.71629e+00	3.50150e+00
7.29029e+02	5.53491e+00	3.39317e+00
7.62699e+02	5.35787e+00	3.28722e+00
7.97923e+02	5.18518e+00	3.18369e+00
8.34773e+02	5.01681e+00	3.08258e+00
8.73326e+02	4.85276e+00	2.98390e+00
9.13659e+02	4.69298e+00	2.88764e+00
9.55855e+02	4.53746e+00	2.79380e+00
1.00000e+03	4.38615e+00	2.70237e+00
1.04618e+03	4.23900e+00	2.61333e+00
1.09450e+03	4.09596e+00	2.52666e+00
1.14505e+03	3.95698e+00	2.44233e+00
1.19793e+03	3.82200e+00	2.36034e+00
1.25325e+03	3.69094e+00	2.28063e+00
1.31113e+03	3.56376e+00	2.20318e+00
1.37169e+03	3.44036e+00	2.12797e+00
1.43504e+03	3.32070e+00	2.05495e+00
1.50131e+03	3.20468e+00	1.98408e+00
1.57065e+03	3.09224e+00	1.91533e+00
1.64318e+03	2.98329e+00	1.84866e+00
1.71907e+03	2.87777e+00	1.78402e+00
1.79846e+03	2.77559e+00	1.72138e+00
1.88152e+03	2.67667e+00	1.66068e+00
1.96842e+03	2.58094e+00	1.60189e+00
2.05933e+03	2.48831e+00	1.54497e+00
2.15443e+03	2.39871e+00	1.48987e+00
2.25393e+03	2.31206e+00	1.43654e+00
2.35803e+03	2.22828e+00	1.38495e+00
2.46693e+03	2.14729e+00	1.33504e+00
2.58086e+03	2.06902e+00	1.28677e+00
2.70005e+03	1.99339e+00	1.24011e+00
2.82475e+03	1.92033e+00	1.19500e+00
2.95521e+03	1.84976e+00	1.15141e+00
3.09169e+03	1.78161e+00	1.10929e+00
3.23448e+03	1.71581e+00	1.06861e+00
3.38386e+03	1.65229e+00	1.02931e+00
3.54013e+03	1.59097e+00	9.91357e-01
3.70363e+03	1.53180e+00	9.54717e-01
3.87468e+03	1.47471e+00	9.19347e-01
4.05362e+03	1.41963e+00	8.85209e-01
4.24083e+03	1.36650e+00	8.52266e-01
4.43669e+03	1.31525e+00	8.20480e-01
4.64159e+03	1.26583e+00	7.89815e-01
4.85595e+03	1.21818e+00	7.60236e-01
5.08022e+03	1.17223e+00	7.31709e-01
5.31484e+03	1.12795e+00	7.04199e-01
5.56030e+03	1.08526e+00	6.77675e-01
5.81709e+03	1.04412e+00	6.52104e-01
6.08574e+03	1.00447e+00	6.27455e-01
6.36681e+03	9.66273e-01	6.03697e-01
6.66085e+03	9.29469e-01	5.80800e-01
6.96847e+03	8.94014e-01	5.58737e-01
7.29030e+03	8.59861e-01	5.37479e-01
7.62699e+03	8.26966e-01	5.16998e-01
7.97923e+03	7.95286e-01	4.97269e-01
8.34773e+03	7.64778e-01	4.78265e-01
8.73326e+03	7.35402e-01	4.59962e-01
9.13659e+03	7.07118e-01	4.42336e-01
9.55855e+03	6.79889e-01	4.25362e-01
1.00000e+04	6.53675e-01	4.09019e-01
1.04618e+04	6.28443e-01	3.93283e-01
1.09450e+04	6.04156e-01	3.78135e-01
1.14505e+04	5.80781e-01	3.63552e-01
1.19793e+04	5.58286e-01	3.49515e-01
1.25325e+04	5.36639e-01	3.36005e-01
1.31113e+04	5.15809e-01	3.23003e-01
1.37169e+04	4.95767e-01	3.10490e-01
1.43504e+04	4.76485e-01	2.98449e-01
1.50131e+04	4.57934e-01	2.86863e-01
1.57065e+04	4.40088e-01	2.75716e-01
1.64318e+04	4.22921e-01	2.64990e-01
1.71907e+04	4.06409e-01	2.54673e-01
1.79847e+04	3.90527e-01	2.44747e-01
1.88152e+04	3.75252e-01	2.35200e-01
1.96842e+04	3.60562e-01	2.26016e-01
2.05933e+04	3.46435e-01	2.17183e-01
2.15443e+04	3.32850e-01	2.08688e-01
2.25393e+04	3.19788e-01	2.00518e-01
2.35803e+04	3.07227e-01	1.92662e-01
2.46693e+04	2.95151e-01	1.85107e-01
2.58086e+04	2.83540e-01	1.77843e-01
2.70005e+04	2.72378e-01	1.70858e-01
2.82475e+04	2.61647e-01	1.64142e-01
2.95521e+04	2.51332e-01	1.57685e-01
3.09169e+04	2.41416e-01	1.51478e-01
3.23448e+04	2.31884e-01	1.45511e-01
3.38386e+04	2.22723e-01	1.39774e-01
3.54013e+04	2.13917e-01	1.34260e-01
3.70363e+04	2.05454e-01	1.28960e-01
3.87468e+04	1.97321e-01	1.23865e-01
4.05362e+04	1.89504e-01	1.18969e-01
4.24083e+04	1.81993e-01	1.14263e-01
4.43669e+04	1.74774e-01	1.09740e-01
4.64159e+04	1.67838e-01	1.05393e-01
4.85595e+04	1.61173e-01	1.01216e-01
5.08022e+04	1.54769e-01	9.72020e-02
5.31484e+04	1.48615e-01	9.33448e-02
5.56030e+04	1.42703e-01	8.96385e-02
5.81709e+04	1.37023e-01	8.60772e-02
6.08574e+04	1.31566e-01	8.26554e-02
6.36681e+04	1.26323e-01	7.93678e-02
6.66085e+04	1.21287e-01	7.62092e-02
6.96847e+04	1.16448e-01	7.31745e-02
7.29029e+04	1.11801e-01	7.02591e-02
7.62699e+04	1.07336e-01	6.74584e-02
7.97923e+04	1.03048e-01	6.47679e-02
8.34773e+04	9.89285e-02	6.21833e-02
8.73326e+04	9.49719e-02	5.97005e-02
9.13659e+04	9.11717e-02	5.73157e-02
9.55855e+04	8.75218e-02	5.50250e-02
1.00000e+05	8.40163e-02	5.28248e-02
1.04618e+05	8.06497e-02	5.07114e-02
1.09450e+05	7.74164e-02	4.86817e-02
1.14505e+05	7.43113e-02	4.67322e-02
1.19793e+05	7.13294e-02	4.48600e-02
1.25325e+05	6.84658e-02	4.30619e-02
1.31113e+05	6.57160e-02	4.13350e-02
1.37169e+05	6.30755e-02	3.96767e-02
1.43504e+05	6.05399e-02	3.80842e-02
1.50131e+05	5.81052e-02	3.65549e-02
1.57065e+05	5.57675e-02	3.50864e-02
1.64318e+05	5.35228e-02	3.36762e-02
1.71907e+05	5.13676e-02	3.23222e-02
1.79846e+05	4.92983e-02	3.10220e-02
1.88152e+05	4.73116e-02	2.97736e-02
1.96842e+05	4.54042e-02	2.85750e-02
2.05933e+05	4.35729e-02	2.74241e-02
2.15444e+05	4.18148e-02	2.63191e-02
2.25393e+05	4.01270e-02	2.52583e-02
2.35803e+05	3.85067e-02	2.42397e-02
2.46693e+05	3.69512e-02	2.32619e-02
2.58086e+05	3.54580e-02	2.23232e-02
2.70006e+05	3.40245e-02	2.14219e-02
2.82475e+05	3.26486e-02	2.05568e-02
2.95521e+05	3.13277e-02	1.97262e-02
3.09169e+05	3.00599e-02	1.89289e-02
3.23448e+05	2.88429e-02	1.81636e-02
3.38386e+05	2.76748e-02	1.74289e-02
3.54013e+05	2.65536e-02	1.67237e-02
3.70363e+05	2.54774e-02	1.60468e-02
3.87468e+05	2.44445e-02	1.53970e-02
4.05362e+05	2.34531e-02	1.47734e-02
4.24083e+05	2.25016e-02	1.41747e-02
4.43669e+05	2.15884e-02	1.36002e-02
4.64159e+05	2.07120e-02	1.30487e-02
4.85595e+05	1.98709e-02	1.25194e-02
5.08022e+05	1.90636e-02	1.20115e-02
5.31484e+05	1.82889e-02	1.15239e-02
5.56030e+05	1.75455e-02	1.10560e-02
5.81709e+05	1.68320e-02	1.06070e-02
6.08574e+05	1.61474e-02	1.01760e-02
6.36680e+05	1.54903e-02	9.76244e-03
6.66085e+05	1.48599e-02	9.36555e-03
6.96847e+05	1.42548e-02	8.98466e-03
7.29030e+05	1.36743e-02	8.61915e-03
7.62699e+05	1.31172e-02	8.26840e-03
7.97923e+05	1.25826e-02	7.93182e-03
8.34773e+05	1.20697e-02	7.60885e-03
8.73326e+05	1.15776e-02	7.29892e-03
9.13659e+05	1.11053e-02	7.00153e-03
9.55855e+05	1.06522e-02	6.71618e-03
1.00000e+06	1.02175e-02	6.44237e-03
