# H2CS cross section
256
1.00000e+01	4.20929e-01	4.20929e-01
1.04618e+01	6.42975e-01	6.42975e-01
1.09450e+01	8.76094e-01	8.76094e-01
1.14505e+01	1.11765e+00	1.11765e+00
1.19793e+01	1.41941e+00	1.36532e+00
1.25325e+01	1.83419e+00	1.61707e+00
1.31113e+01	2.26426e+00	1.87111e+00
1.37169e+01	2.70514e+00	2.12585e+00
1.43504e+01	3.21090e+00	2.37992e+00
1.50131e+01	3.76837e+00	2.63399e+00
1.57065e+01	4.33429e+00	2.99505e+00
1.64318e+01	4.98290e+00	3.36185e+00
1.71907e+01	5.67535e+00	3.73135e+00
1.79846e+01	6.37244e+00	4.10088e+00
1.88152e+01	7.06907e+00	4.46811e+00
1.96842e+01	7.76074e+00	4.83100e+00
2.05933e+01	8.44356e+00	5.18775e+00
2.15444e+01	9.11413e+00	5.53681e+00
2.25393e+01	9.78795e+00	5.88462e+00
2.35803e+01	1.04814e+01	6.26683e+00
2.46693e+01	1.11592e+01	6.64207e+00
2.58086e+01	1.18182e+01	7.00845e+00
2.70006e+01	1.24560e+01	7.36435e+00
2.82475e+01	1.30705e+01	7.70835e+00
2.95521e+01	1.36734e+01	8.03926e+00
3.09169e+01	1.42722e+01	8.35603e+00
3.23448e+01	1.48455e+01	8.68480e+00
3.38385e+01	1.53917e+01	9.01170e+00
3.54013e+01	1.59093e+01	9.32462e+00
3.70363e+01	1.63971e+01	9.62235e+00
3.87467e+01	1.68542e+01	9.90390e+00
4.05362e+01	1.72800e+01	1.01684e+01
4.24083e+01	1.76738e+01	1.04154e+01
4.43669e+01	1.80353e+01	1.06441e+01
4.64159e+01	1.83645e+01	1.08544e+01
4.85595e+01	1.86613e+01	1.10459e+01
5.08022e+01	1.89258e+01	1.12186e+01
5.31484e+01	1.91582e+01	1.13724e+01
5.56030e+01	1.93590e+01	1.15074e+01
5.81709e+01	1.95286e+01	1.16237e+01
6.08575e+01	1.96675e+01	1.17216e+01
6.36681e+01	1.97765e+01	1.18013e+01
6.66085e+01	1.98561e+01	1.18632e+01
6.96847e+01	1.99074e+01	1.19078e+01
7.29030e+01	1.99310e+01	1.19354e+01
7.62699e+01	1.99279e+01	1.19466e+01
7.97923e+01	1.98990e+01	1.19419e+01
8.34773e+01	1.98455e+01	1.19218e+01
8.73326e+01	1.97683e+01	1.18917e+01
9.13659e+01	1.96684e+01	1.18492e+01
9.55855e+01	1.95471e+01	1.17936e+01
1.00000e+02	1.94054e+01	1.17253e+01
1.04618e+02	1.92444e+01	1.16450e+01
1.09450e+02	1.90652e+01	1.15533e+01
1.14505e+02	1.88690e+01	1.14507e+01
1.19793e+02	1.86570e+01	1.13380e+01
1.25325e+02	1.84302e+01	1.12156e+01
1.31113e+02	1.81898e+01	1.10843e+01
1.37169e+02	1.79369e+01	1.09447e+01
1.43504e+02	1.76725e+01	1.07974e+01
1.50131e+02	1.73977e+01	1.06431e+01
1.57065e+02	1.71136e+01	1.04823e+01
1.64318e+02	1.68211e+01	1.03157e+01
1.71907e+02	1.65212e+01	1.01439e+01
1.79846e+02	1.62150e+01	9.96747e+00
1.88152e+02	1.59051e+01	9.78692e+00
1.96842e+02	1.55910e+01	9.60282e+00
2.05933e+02	1.52733e+01	9.41571e+00
2.15444e+02	1.49527e+01	9.22609e+00
2.25393e+02	1.46299e+01	9.03444e+00
2.35803e+02	1.43056e+01	8.84206e+00
2.46693e+02	1.39807e+01	8.64873e+00
2.58086e+02	1.36559e+01	8.45473e+00
2.70005e+02	1.33315e+01	8.26043e+00
2.82475e+02	1.30082e+01	8.06619e+00
2.95521e+02	1.26863e+01	7.87235e+00
3.09169e+02	1.23664e+01	7.67921e+00
3.23448e+02	1.20492e+01	7.48709e+00
3.38385e+02	1.17348e+01	7.29623e+00
3.54013e+02	1.14237e+01	7.10691e+00
3.70363e+02	1.11161e+01	6.91936e+00
3.87467e+02	1.08123e+01	6.73379e+00
4.05362e+02	1.05127e+01	6.55040e+00
4.24083e+02	1.02174e+01	6.36938e+00
4.43669e+02	9.92675e+00	6.19087e+00
4.64159e+02	9.64088e+00	6.01504e+00
4.85595e+02	9.35997e+00	5.84201e+00
5.08022e+02	9.08418e+00	5.67189e+00
5.31484e+02	8.81364e+00	5.50478e+00
5.56030e+02	8.54846e+00	5.34078e+00
5.81709e+02	8.28872e+00	5.17996e+00
6.08574e+02	8.03450e+00	5.02238e+00
6.36681e+02	7.78585e+00	4.86808e+00
6.66085e+02	7.54280e+00	4.71712e+00
6.96847e+02	7.30538e+00	4.56952e+00
7.29029e+02	7.07360e+00	4.42530e+00
7.62699e+02	6.84746e+00	4.28446e+00
7.97923e+02	6.62693e+00	4.14703e+00
8.34773e+02	6.41200e+00	4.01298e+00
8.73326e+02	6.20262e+00	3.88232e+00
9.13659e+02	5.99876e+00	3.75502e+00
9.55855e+02	5.80036e+00	3.63106e+00
1.00000e+03	5.60736e+00	3.51041e+00
1.04618e+03	5.41969e+00	3.39304e+00
1.09450e+03	5.23728e+00	3.27891e+00
1.14505e+03	5.06006e+00	3.16799e+00
1.19793e+03	4.88795e+00	3.06022e+00
1.25325e+03	4.72085e+00	2.95556e+00
1.31113e+03	4.55868e+00	2.85396e+00
1.37169e+03	4.40134e+00	2.75537e+00
1.43504e+03	4.24875e+00	2.65972e+00
1.50131e+03	4.10081e+00	2.56698e+00
1.57065e+03	3.95741e+00	2.47707e+00
1.64318e+03	3.81846e+00	2.38994e+00
1.71907e+03	3.68386e+00	2.30552e+00
1.79846e+03	3.55351e+00	2.22377e+00
1.88152e+03	3.42731e+00	2.14461e+00
1.96842e+03	3.30516e+00	2.06799e+00
2.05933e+03	3.18695e+00	1.99385e+00
2.15443e+03	3.07259e+00	1.92211e+00
2.25393e+03	2.96197e+00	1.85273e+00
2.35803e+03	2.85500e+00	1.78564e+00
2.46693e+03	2.75157e+00	1.72078e+00
2.58086e+03	2.65161e+00	1.65808e+00
2.70005e+03	2.55500e+00	1.59750e+00
2.82475e+03	2.46165e+00	1.53896e+00
2.95521e+03	2.37148e+00	1.48242e+00
3.09169e+03	2.28438e+00	1.42781e+00
3.23448e+03	2.20026e+00	1.37508e+00
3.38386e+03	2.11905e+00	1.32418e+00
3.54013e+03	2.04064e+00	1.27504e+00
3.70363e+03	1.96497e+00	1.22762e+00
3.87468e+03	1.89193e+00	1.18186e+00
4.05362e+03	1.82146e+00	1.13771e+00
4.24083e+03	1.75346e+00	1.09512e+00
4.43669e+03	1.68787e+00	1.05404e+00
4.64159e+03	1.62461e+00	1.01443e+00
4.85595e+03	1.56360e+00	9.76227e-01
5.08022e+03	1.50477e+00	9.39399e-01
5.31484e+03	1.44805e+00	9.03896e-01
5.56030e+03	1.39336e+00	8.69676e-01
5.81709e+03	1.34065e+00	8.36696e-01
6.08574e+03	1.28985e+00	8.04914e-01
6.36681e+03	1.24090e+00	7.74290e-01
6.66085e+03	1.19372e+00	7.44786e-01
6.96847e+03	1.14827e+00	7.16363e-01
7.29030e+03	1.10448e+00	6.88985e-01
7.62699e+03	1.06230e+00	6.62615e-01
7.97923e+03	1.02168e+00	6.37219e-01
8.34773e+03	9.82545e-01	6.12764e-01
8.73326e+03	9.44862e-01	5.89216e-01
9.13659e+03	9.08576e-01	5.66544e-01
9.55855e+03	8.73637e-01	5.44717e-01
1.00000e+04	8.40000e-01	5.23705e-01
1.04618e+04	8.07617e-01	5.03480e-01
1.09450e+04	7.76445e-01	4.84013e-01
1.14505e+04	7.46440e-01	4.65278e-01
1.19793e+04	7.17561e-01	4.47248e-01
1.25325e+04	6.89769e-01	4.29898e-01
1.31113e+04	6.63023e-01	4.13204e-01
1.37169e+04	6.37287e-01	3.97141e-01
1.43504e+04	6.12523e-01	3.81687e-01
1.50131e+04	5.88697e-01	3.66820e-01
1.57065e+04	5.65775e-01	3.52518e-01
1.64318e+04	5.43724e-01	3.38761e-01
1.71907e+04	5.22512e-01	3.25529e-01
1.79847e+04	5.02108e-01	3.12802e-01
1.88152e+04	4.82482e-01	3.00561e-01
1.96842e+04	4.63607e-01	2.88790e-01
2.05933e+04	4.45454e-01	2.77470e-01
2.15443e+04	4.27997e-01	2.66585e-01
2.25393e+04	4.11210e-01	2.56118e-01
2.35803e+04	3.95067e-01	2.46055e-01
2.46693e+04	3.79546e-01	2.36379e-01
2.58086e+04	3.64623e-01	2.27076e-01
2.70005e+04	3.50275e-01	2.18133e-01
2.82475e+04	3.36481e-01	2.09536e-01
2.95521e+04	3.23220e-01	2.01272e-01
3.09169e+04	3.10473e-01	1.93328e-01
3.23448e+04	2.98219e-01	1.85692e-01
3.38386e+04	2.86440e-01	1.78353e-01
3.54013e+04	2.75119e-01	1.71299e-01
3.70363e+04	2.64238e-01	1.64519e-01
3.87468e+04	2.53780e-01	1.58004e-01
4.05362e+04	2.43729e-01	1.51743e-01
4.24083e+04	2.34070e-01	1.45726e-01
4.43669e+04	2.24788e-01	1.39944e-01
4.64159e+04	2.15868e-01	1.34388e-01
4.85595e+04	2.07297e-01	1.29049e-01
5.08022e+04	1.99062e-01	1.23920e-01
5.31484e+04	1.91148e-01	1.18991e-01
5.56030e+04	1.83545e-01	1.14256e-01
5.81709e+04	1.76240e-01	1.09707e-01
6.08574e+04	1.69222e-01	1.05336e-01
6.36681e+04	1.62479e-01	1.01137e-01
6.66085e+04	1.56001e-01	9.71038e-02
6.96847e+04	1.49779e-01	9.32290e-02
7.29029e+04	1.43801e-01	8.95068e-02
7.62699e+04	1.38058e-01	8.59315e-02
7.97923e+04	1.32543e-01	8.24972e-02
8.34773e+04	1.27244e-01	7.91985e-02
8.73326e+04	1.22155e-01	7.60301e-02
9.13659e+04	1.17267e-01	7.29870e-02
9.55855e+04	1.12573e-01	7.00642e-02
1.00000e+05	1.08064e-01	6.72572e-02
1.04618e+05	1.03733e-01	6.45614e-02
1.09450e+05	9.95744e-02	6.19724e-02
1.14505e+05	9.55803e-02	5.94861e-02
1.19793e+05	9.17447e-02	5.70984e-02
1.25325e+05	8.80613e-02	5.48056e-02
1.31113e+05	8.45242e-02	5.26038e-02
1.37169e+05	8.11277e-02	5.04896e-02
1.43504e+05	7.78662e-02	4.84595e-02
1.50131e+05	7.47344e-02	4.65101e-02
1.57065e+05	7.17273e-02	4.46384e-02
1.64318e+05	6.88400e-02	4.28413e-02
1.71907e+05	6.60677e-02	4.11157e-02
1.79846e+05	6.34060e-02	3.94591e-02
1.88152e+05	6.08504e-02	3.78685e-02
1.96842e+05	5.83969e-02	3.63414e-02
2.05933e+05	5.60413e-02	3.48753e-02
2.15444e+05	5.37799e-02	3.34678e-02
2.25393e+05	5.16088e-02	3.21166e-02
2.35803e+05	4.95246e-02	3.08195e-02
2.46693e+05	4.75238e-02	2.95742e-02
2.58086e+05	4.56030e-02	2.83789e-02
2.70006e+05	4.37592e-02	2.72314e-02
2.82475e+05	4.19893e-02	2.61299e-02
2.95521e+05	4.02904e-02	2.50726e-02
3.09169e+05	3.86596e-02	2.40576e-02
3.23448e+05	3.70942e-02	2.30835e-02
3.38386e+05	3.55917e-02	2.21484e-02
3.54013e+05	3.41495e-02	2.12509e-02
3.70363e+05	3.27653e-02	2.03895e-02
3.87468e+05	3.14367e-02	1.95627e-02
4.05362e+05	3.01616e-02	1.87691e-02
4.24083e+05	2.89378e-02	1.80075e-02
4.43669e+05	2.77632e-02	1.72766e-02
4.64159e+05	2.66359e-02	1.65751e-02
4.85595e+05	2.55540e-02	1.59018e-02
5.08022e+05	2.45157e-02	1.52557e-02
5.31484e+05	2.35193e-02	1.46356e-02
5.56030e+05	2.25631e-02	1.40406e-02
5.81709e+05	2.16455e-02	1.34695e-02
6.08574e+05	2.07649e-02	1.29215e-02
6.36680e+05	1.99198e-02	1.23957e-02
6.66085e+05	1.91089e-02	1.18910e-02
6.96847e+05	1.83308e-02	1.14068e-02
7.29030e+05	1.75841e-02	1.09422e-02
7.62699e+05	1.68676e-02	1.04963e-02
7.97923e+05	1.61801e-02	1.00685e-02
8.34773e+05	1.55204e-02	9.65799e-03
8.73326e+05	1.48875e-02	9.26410e-03
9.13659e+05	1.42801e-02	8.88617e-03
9.55855e+05	1.36974e-02	8.52356e-03
1.00000e+06	1.31383e-02	8.17564e-03
