# H2O cross section
256
1.00000e+01	0.00000e+00	0.00000e+00
1.02746e+01	0.00000e+00	0.00000e+00
1.05567e+01	0.00000e+00	0.00000e+00
1.08466e+01	0.00000e+00	0.00000e+00
1.11445e+01	0.00000e+00	0.00000e+00
1.14505e+01	0.00000e+00	0.00000e+00
1.17649e+01	0.00000e+00	0.00000e+00
1.20880e+01	0.00000e+00	0.00000e+00
1.24199e+01	0.00000e+00	1.89632e-02
1.27609e+01	3.60331e-02	8.22645e-02
1.31113e+01	9.88905e-02	1.49332e-01
1.34714e+01	1.65285e-01	2.19722e-01
1.38413e+01	2.34792e-01	2.93021e-01
1.42214e+01	3.07018e-01	3.68851e-01
1.46119e+01	3.81600e-01	4.46857e-01
1.50131e+01	4.83942e-01	5.26714e-01
1.54254e+01	6.13935e-01	6.08119e-01
1.58489e+01	7.48234e-01	6.90792e-01
1.62841e+01	8.86211e-01	7.74475e-01
1.67313e+01	1.02729e+00	8.58929e-01
1.71907e+01	1.17092e+00	9.43931e-01
1.76628e+01	1.31662e+00	1.05934e+00
1.81478e+01	1.46392e+00	1.18716e+00
1.86461e+01	1.61240e+00	1.31719e+00
1.91581e+01	1.78353e+00	1.44896e+00
1.96842e+01	1.97447e+00	1.58206e+00
2.02247e+01	2.16767e+00	1.71609e+00
2.07801e+01	2.36251e+00	1.85072e+00
2.13507e+01	2.55844e+00	1.98558e+00
2.19370e+01	2.75494e+00	2.12039e+00
2.25393e+01	2.95151e+00	2.25487e+00
2.31583e+01	3.14772e+00	2.38873e+00
2.37942e+01	3.34316e+00	2.52175e+00
2.44475e+01	3.53745e+00	2.65370e+00
2.51189e+01	3.73024e+00	2.78437e+00
2.58086e+01	3.92120e+00	2.91357e+00
2.65173e+01	4.11004e+00	3.04113e+00
2.72455e+01	4.29648e+00	3.16688e+00
2.79936e+01	4.48027e+00	3.29066e+00
2.87623e+01	4.66119e+00	3.41235e+00
2.95521e+01	4.83900e+00	3.53182e+00
3.03636e+01	5.01353e+00	3.64978e+00
3.11974e+01	5.18458e+00	3.78410e+00
3.20540e+01	5.35199e+00	3.91696e+00
3.29342e+01	5.51562e+00	4.04810e+00
3.38385e+01	5.67532e+00	4.17729e+00
3.47677e+01	5.83097e+00	4.30433e+00
3.57225e+01	5.98246e+00	4.42901e+00
3.67034e+01	6.12968e+00	4.55118e+00
3.77112e+01	6.28329e+00	4.67066e+00
3.87467e+01	6.43454e+00	4.78730e+00
3.98107e+01	6.58187e+00	4.90099e+00
4.09039e+01	6.72514e+00	5.01159e+00
4.20271e+01	6.86421e+00	5.11901e+00
4.31811e+01	6.99895e+00	5.22313e+00
4.43669e+01	7.12926e+00	5.32389e+00
4.55852e+01	7.25503e+00	5.42119e+00
4.68369e+01	7.37617e+00	5.51498e+00
4.81230e+01	7.49262e+00	5.60520e+00
4.94445e+01	7.60431e+00	5.69179e+00
5.08022e+01	7.71118e+00	5.77471e+00
5.21972e+01	7.81319e+00	5.85393e+00
5.36305e+01	7.91031e+00	5.92943e+00
5.51032e+01	8.00250e+00	6.00118e+00
5.66163e+01	8.08976e+00	6.06916e+00
5.81709e+01	8.17208e+00	6.13338e+00
5.97683e+01	8.24944e+00	6.19382e+00
6.14095e+01	8.32186e+00	6.25049e+00
6.30957e+01	8.38934e+00	6.30340e+00
6.48283e+01	8.45192e+00	6.35256e+00
6.66085e+01	8.50960e+00	6.39799e+00
6.84375e+01	8.56243e+00	6.43971e+00
7.03168e+01	8.61044e+00	6.47776e+00
7.22476e+01	8.65367e+00	6.51215e+00
7.42315e+01	8.69216e+00	6.54293e+00
7.62699e+01	8.72598e+00	6.57013e+00
7.83642e+01	8.75518e+00	6.59379e+00
8.05160e+01	8.77981e+00	6.61397e+00
8.27270e+01	8.79995e+00	6.63071e+00
8.49986e+01	8.81565e+00	6.64407e+00
8.73326e+01	8.82701e+00	6.65409e+00
8.97307e+01	8.83408e+00	6.66083e+00
9.21947e+01	8.83696e+00	6.66436e+00
9.47263e+01	8.83572e+00	6.66474e+00
9.73274e+01	8.83045e+00	6.66203e+00
1.00000e+02	8.82124e+00	6.65629e+00
1.02746e+02	8.80817e+00	6.64761e+00
1.05567e+02	8.79135e+00	6.63603e+00
1.08466e+02	8.77086e+00	6.62165e+00
1.11445e+02	8.74680e+00	6.60453e+00
1.14505e+02	8.71927e+00	6.58474e+00
1.17649e+02	8.68837e+00	6.56236e+00
1.20880e+02	8.65420e+00	6.53747e+00
1.24199e+02	8.61686e+00	6.51015e+00
1.27609e+02	8.57646e+00	6.48046e+00
1.31113e+02	8.53309e+00	6.44850e+00
1.34714e+02	8.48686e+00	6.41434e+00
1.38413e+02	8.43788e+00	6.37806e+00
1.42214e+02	8.38625e+00	6.33973e+00
1.46119e+02	8.33208e+00	6.29945e+00
1.50131e+02	8.27546e+00	6.25728e+00
1.54254e+02	8.21650e+00	6.21331e+00
1.58489e+02	8.15531e+00	6.16762e+00
1.62841e+02	8.09199e+00	6.12028e+00
1.67313e+02	8.02664e+00	6.07137e+00
1.71907e+02	7.95936e+00	6.02098e+00
1.76628e+02	7.89026e+00	5.96917e+00
1.81478e+02	7.81942e+00	5.91603e+00
1.86461e+02	7.74696e+00	5.86162e+00
1.91581e+02	7.67296e+00	5.80603e+00
1.96842e+02	7.59753e+00	5.74932e+00
2.02247e+02	7.52075e+00	5.69157e+00
2.07801e+02	7.44273e+00	5.63285e+00
2.13507e+02	7.36354e+00	5.57322e+00
2.19370e+02	7.28328e+00	5.51277e+00
2.25393e+02	7.20203e+00	5.45154e+00
2.31583e+02	7.11989e+00	5.38962e+00
2.37942e+02	7.03693e+00	5.32706e+00
2.44476e+02	6.95324e+00	5.26422e+00
2.51189e+02	6.86890e+00	5.20108e+00
2.58086e+02	6.78398e+00	5.13750e+00
2.65173e+02	6.69855e+00	5.07354e+00
2.72455e+02	6.61271e+00	5.00925e+00
2.79936e+02	6.52650e+00	4.94469e+00
2.87623e+02	6.44001e+00	4.87990e+00
2.95521e+02	6.35329e+00	4.81493e+00
3.03636e+02	6.26642e+00	4.74984e+00
3.11974e+02	6.17946e+00	4.68466e+00
3.20540e+02	6.09246e+00	4.61944e+00
3.29342e+02	6.00550e+00	4.55422e+00
3.38385e+02	5.91861e+00	4.48905e+00
3.47677e+02	5.83186e+00	4.42396e+00
3.57224e+02	5.74529e+00	4.35900e+00
3.67034e+02	5.65896e+00	4.29420e+00
3.77112e+02	5.57292e+00	4.22959e+00
3.87467e+02	5.48721e+00	4.16521e+00
3.98107e+02	5.40187e+00	4.10110e+00
4.09039e+02	5.31695e+00	4.03728e+00
4.20271e+02	5.23248e+00	3.97378e+00
4.31811e+02	5.14850e+00	3.91064e+00
4.43669e+02	5.06506e+00	3.84787e+00
4.55852e+02	4.98217e+00	3.78551e+00
4.68369e+02	4.89988e+00	3.72358e+00
4.81230e+02	4.81821e+00	3.66210e+00
4.94445e+02	4.73719e+00	3.60110e+00
5.08022e+02	4.65685e+00	3.54059e+00
5.21972e+02	4.57722e+00	3.48059e+00
5.36305e+02	4.49831e+00	3.42113e+00
5.51032e+02	4.42016e+00	3.36221e+00
5.66163e+02	4.34279e+00	3.30386e+00
5.81709e+02	4.26626e+00	3.24608e+00
5.97683e+02	4.19053e+00	3.18890e+00
6.14095e+02	4.11562e+00	3.13232e+00
6.30957e+02	4.04155e+00	3.07636e+00
6.48283e+02	3.96834e+00	3.02103e+00
6.66085e+02	3.89598e+00	2.96633e+00
6.84375e+02	3.82450e+00	2.91227e+00
7.03168e+02	3.75390e+00	2.85887e+00
7.22476e+02	3.68419e+00	2.80613e+00
7.42315e+02	3.61537e+00	2.75405e+00
7.62699e+02	3.54746e+00	2.70264e+00
7.83642e+02	3.48046e+00	2.65190e+00
8.05160e+02	3.41437e+00	2.60185e+00
8.27270e+02	3.34919e+00	2.55247e+00
8.49986e+02	3.28494e+00	2.50378e+00
8.73326e+02	3.22160e+00	2.45578e+00
8.97307e+02	3.15918e+00	2.40845e+00
9.21947e+02	3.09768e+00	2.36182e+00
9.47263e+02	3.03710e+00	2.31587e+00
9.73274e+02	2.97744e+00	2.27061e+00
1.00000e+03	2.91869e+00	2.22604e+00
1.02746e+03	2.86086e+00	2.18214e+00
1.05567e+03	2.80393e+00	2.13893e+00
1.08466e+03	2.74791e+00	2.09640e+00
1.11444e+03	2.69279e+00	2.05454e+00
1.14505e+03	2.63857e+00	2.01335e+00
1.17649e+03	2.58523e+00	1.97284e+00
1.20880e+03	2.53279e+00	1.93298e+00
1.24199e+03	2.48122e+00	1.89379e+00
1.27609e+03	2.43052e+00	1.85526e+00
1.31113e+03	2.38069e+00	1.81737e+00
1.34714e+03	2.33171e+00	1.78013e+00
1.38413e+03	2.28359e+00	1.74353e+00
1.42214e+03	2.23630e+00	1.70756e+00
1.46119e+03	2.18986e+00	1.67223e+00
1.50131e+03	2.14423e+00	1.63751e+00
1.54254e+03	2.09943e+00	1.60341e+00
1.58489e+03	2.05543e+00	1.56992e+00
1.62841e+03	2.01223e+00	1.53704e+00
1.67313e+03	1.96982e+00	1.50475e+00
1.71907e+03	1.92819e+00	1.47305e+00
1.76628e+03	1.88734e+00	1.44193e+00
1.81478e+03	1.84724e+00	1.41139e+00
1.86461e+03	1.80790e+00	1.38142e+00
1.91581e+03	1.76930e+00	1.35201e+00
1.96842e+03	1.73143e+00	1.32315e+00
2.02247e+03	1.69428e+00	1.29484e+00
2.07801e+03	1.65785e+00	1.26707e+00
2.13507e+03	1.62212e+00	1.23983e+00
2.19370e+03	1.58708e+00	1.21311e+00
2.25393e+03	1.55272e+00	1.18692e+00
2.31583e+03	1.51903e+00	1.16123e+00
2.37942e+03	1.48601e+00	1.13604e+00
2.44476e+03	1.45364e+00	1.11135e+00
2.51189e+03	1.42191e+00	1.08714e+00
2.58086e+03	1.39081e+00	1.06342e+00
2.65173e+03	1.36033e+00	1.04016e+00
2.72455e+03	1.33047e+00	1.01737e+00
2.79936e+03	1.30120e+00	9.95042e-01
2.87623e+03	1.27253e+00	9.73160e-01
2.95521e+03	1.24445e+00	9.51720e-01
3.03636e+03	1.21693e+00	9.30714e-01
3.11974e+03	1.18998e+00	9.10137e-01
3.20540e+03	1.16358e+00	8.89980e-01
3.29342e+03	1.13772e+00	8.70237e-01
3.38386e+03	1.11240e+00	8.50900e-01
3.47677e+03	1.08760e+00	8.31962e-01
3.57224e+03	1.06332e+00	8.13417e-01
3.67034e+03	1.03954e+00	7.95257e-01
3.77112e+03	1.01626e+00	7.77475e-01
3.87468e+03	9.93475e-01	7.60066e-01
3.98107e+03	9.71165e-01	7.43021e-01
4.09039e+03	9.49326e-01	7.26335e-01
4.20271e+03	9.27949e-01	7.10001e-01
4.31811e+03	9.07025e-01	6.94012e-01
4.43669e+03	8.86546e-01	6.78362e-01
4.55852e+03	8.66504e-01	6.63045e-01
4.68369e+03	8.46890e-01	6.48055e-01
4.81230e+03	8.27696e-01	6.33385e-01
4.94445e+03	8.08914e-01	6.19028e-01
5.08022e+03	7.90537e-01	6.04981e-01
5.21972e+03	7.72556e-01	5.91235e-01
5.36305e+03	7.54964e-01	5.77786e-01
5.51032e+03	7.37752e-01	5.64628e-01
5.66163e+03	7.20915e-01	5.51754e-01
5.81709e+03	7.04444e-01	5.39161e-01
5.97683e+03	6.88332e-01	5.26841e-01
6.14095e+03	6.72572e-01	5.14789e-01
6.30957e+03	6.57156e-01	5.03001e-01
6.48283e+03	6.42079e-01	4.91471e-01
6.66085e+03	6.27333e-01	4.80194e-01
6.84375e+03	6.12911e-01	4.69164e-01
7.03168e+03	5.98808e-01	4.58377e-01
7.22476e+03	5.85015e-01	4.47828e-01
7.42315e+03	5.71528e-01	4.37512e-01
7.62699e+03	5.58340e-01	4.27424e-01
7.83642e+03	5.45444e-01	4.17559e-01
8.05160e+03	5.32835e-01	4.07914e-01
8.27270e+03	5.20507e-01	3.98483e-01
8.49986e+03	5.08453e-01	3.89262e-01
8.73326e+03	4.96669e-01	3.80246e-01
8.97307e+03	4.85148e-01	3.71432e-01
9.21947e+03	4.73886e-01	3.62815e-01
9.47263e+03	4.62875e-01	3.54391e-01
9.73274e+03	4.52113e-01	3.46156e-01
1.00000e+04	4.41592e-01	3.38106e-01
