# HC2O cross section
256
1.00000e+01	0.00000e+00	1.76001e-01
1.02746e+01	3.14214e-02	2.47475e-01
1.05567e+01	8.89155e-02	3.28239e-01
1.08466e+01	1.60854e-01	4.57762e-01
1.11445e+01	2.75924e-01	5.92394e-01
1.14505e+01	4.35669e-01	7.46315e-01
1.17649e+01	6.11435e-01	9.37336e-01
1.20880e+01	7.93838e-01	1.13422e+00
1.24199e+01	9.81918e-01	1.33606e+00
1.27609e+01	1.17479e+00	1.54199e+00
1.31113e+01	1.37162e+00	1.75124e+00
1.34714e+01	1.57166e+00	1.96307e+00
1.38413e+01	1.77421e+00	2.17682e+00
1.42214e+01	1.97862e+00	2.39187e+00
1.46119e+01	2.18428e+00	2.60764e+00
1.50131e+01	2.39065e+00	2.82361e+00
1.54254e+01	2.59721e+00	3.03927e+00
1.58489e+01	2.83486e+00	3.25420e+00
1.62841e+01	3.12004e+00	3.46796e+00
1.67313e+01	3.42875e+00	3.68018e+00
1.71907e+01	3.74384e+00	3.89049e+00
1.76628e+01	4.07870e+00	4.09857e+00
1.81478e+01	4.44519e+00	4.30413e+00
1.86461e+01	4.83067e+00	4.50687e+00
1.91581e+01	5.22456e+00	4.70656e+00
1.96842e+01	5.62071e+00	4.90294e+00
2.02247e+01	6.01795e+00	5.09582e+00
2.07801e+01	6.41523e+00	5.28498e+00
2.13507e+01	6.81277e+00	5.47025e+00
2.19370e+01	7.22133e+00	5.65146e+00
2.25393e+01	7.62803e+00	5.82846e+00
2.31583e+01	8.03202e+00	6.00139e+00
2.37942e+01	8.43248e+00	6.18491e+00
2.44475e+01	8.82868e+00	6.37466e+00
2.51189e+01	9.21995e+00	6.57823e+00
2.58086e+01	9.60566e+00	6.77912e+00
2.65173e+01	9.98523e+00	6.97948e+00
2.72455e+01	1.03582e+01	7.18560e+00
2.79936e+01	1.07309e+01	7.38862e+00
2.87623e+01	1.11010e+01	7.58812e+00
2.95521e+01	1.14659e+01	7.78377e+00
3.03636e+01	1.18315e+01	7.97523e+00
3.11974e+01	1.21895e+01	8.16925e+00
3.20540e+01	1.25394e+01	8.36236e+00
3.29342e+01	1.28807e+01	8.55619e+00
3.38385e+01	1.32132e+01	8.74984e+00
3.47677e+01	1.35365e+01	8.93893e+00
3.57225e+01	1.38502e+01	9.12654e+00
3.67034e+01	1.41542e+01	9.31257e+00
3.77112e+01	1.44483e+01	9.49355e+00
3.87467e+01	1.47321e+01	9.66919e+00
3.98107e+01	1.50056e+01	9.83925e+00
4.09039e+01	1.52715e+01	1.00035e+01
4.20271e+01	1.55331e+01	1.01618e+01
4.31811e+01	1.57855e+01	1.03139e+01
4.43669e+01	1.60275e+01	1.04597e+01
4.55852e+01	1.62590e+01	1.05991e+01
4.68369e+01	1.64799e+01	1.07320e+01
4.81230e+01	1.66902e+01	1.08583e+01
4.94445e+01	1.68897e+01	1.09779e+01
5.08022e+01	1.70785e+01	1.10908e+01
5.21972e+01	1.72564e+01	1.11970e+01
5.36305e+01	1.74235e+01	1.12963e+01
5.51032e+01	1.75798e+01	1.13919e+01
5.66163e+01	1.77254e+01	1.14813e+01
5.81709e+01	1.78602e+01	1.15642e+01
5.97683e+01	1.79843e+01	1.16405e+01
6.14095e+01	1.80979e+01	1.17103e+01
6.30957e+01	1.82010e+01	1.17736e+01
6.48283e+01	1.82937e+01	1.18303e+01
6.66085e+01	1.83760e+01	1.18806e+01
6.84375e+01	1.84483e+01	1.19246e+01
7.03168e+01	1.85105e+01	1.19622e+01
7.22476e+01	1.85628e+01	1.19936e+01
7.42315e+01	1.86053e+01	1.20189e+01
7.62699e+01	1.86383e+01	1.20381e+01
7.83642e+01	1.86619e+01	1.20514e+01
8.05160e+01	1.86763e+01	1.20588e+01
8.27270e+01	1.86816e+01	1.20605e+01
8.49986e+01	1.86781e+01	1.20565e+01
8.73326e+01	1.86659e+01	1.20471e+01
8.97307e+01	1.86452e+01	1.20323e+01
9.21947e+01	1.86163e+01	1.20122e+01
9.47263e+01	1.85793e+01	1.19871e+01
9.73274e+01	1.85345e+01	1.19569e+01
1.00000e+02	1.84821e+01	1.19219e+01
1.02746e+02	1.84223e+01	1.18822e+01
1.05567e+02	1.83553e+01	1.18379e+01
1.08466e+02	1.82813e+01	1.17892e+01
1.11445e+02	1.82006e+01	1.17362e+01
1.14505e+02	1.81135e+01	1.16791e+01
1.17649e+02	1.80200e+01	1.16179e+01
1.20880e+02	1.79205e+01	1.15530e+01
1.24199e+02	1.78152e+01	1.14848e+01
1.27609e+02	1.77043e+01	1.14135e+01
1.31113e+02	1.75881e+01	1.13388e+01
1.34714e+02	1.74667e+01	1.12609e+01
1.38413e+02	1.73404e+01	1.11799e+01
1.42214e+02	1.72094e+01	1.10960e+01
1.46119e+02	1.70740e+01	1.10092e+01
1.50131e+02	1.69343e+01	1.09197e+01
1.54254e+02	1.67906e+01	1.08277e+01
1.58489e+02	1.66431e+01	1.07339e+01
1.62841e+02	1.64920e+01	1.06378e+01
1.67313e+02	1.63375e+01	1.05395e+01
1.71907e+02	1.61798e+01	1.04393e+01
1.76628e+02	1.60192e+01	1.03372e+01
1.81478e+02	1.58558e+01	1.02333e+01
1.86461e+02	1.56898e+01	1.01278e+01
1.91581e+02	1.55214e+01	1.00207e+01
1.96842e+02	1.53509e+01	9.91227e+00
2.02247e+02	1.51783e+01	9.80251e+00
2.07801e+02	1.50039e+01	9.69157e+00
2.13507e+02	1.48278e+01	9.57955e+00
2.19370e+02	1.46503e+01	9.46656e+00
2.25393e+02	1.44714e+01	9.35271e+00
2.31583e+02	1.42914e+01	9.23809e+00
2.37942e+02	1.41104e+01	9.12281e+00
2.44476e+02	1.39286e+01	9.00696e+00
2.51189e+02	1.37460e+01	8.89063e+00
2.58086e+02	1.35630e+01	8.77392e+00
2.65173e+02	1.33795e+01	8.65692e+00
2.72455e+02	1.31957e+01	8.53970e+00
2.79936e+02	1.30118e+01	8.42235e+00
2.87623e+02	1.28279e+01	8.30496e+00
2.95521e+02	1.26441e+01	8.18760e+00
3.03636e+02	1.24605e+01	8.07033e+00
3.11974e+02	1.22774e+01	7.95325e+00
3.20540e+02	1.20950e+01	7.83640e+00
3.29342e+02	1.19132e+01	7.71986e+00
3.38385e+02	1.17320e+01	7.60370e+00
3.47677e+02	1.15516e+01	7.48796e+00
3.57224e+02	1.13720e+01	7.37272e+00
3.67034e+02	1.11933e+01	7.25802e+00
3.77112e+02	1.10156e+01	7.14391e+00
3.87467e+02	1.08391e+01	7.03046e+00
3.98107e+02	1.06636e+01	6.91770e+00
4.09039e+02	1.04894e+01	6.80568e+00
4.20271e+02	1.03164e+01	6.69444e+00
4.31811e+02	1.01448e+01	6.58402e+00
4.43669e+02	9.97462e+00	6.47447e+00
4.55852e+02	9.80587e+00	6.36581e+00
4.68369e+02	9.63861e+00	6.25809e+00
4.81230e+02	9.47289e+00	6.15132e+00
4.94445e+02	9.30877e+00	6.04554e+00
5.08022e+02	9.14628e+00	5.94079e+00
5.21972e+02	8.98545e+00	5.83707e+00
5.36305e+02	8.82633e+00	5.73443e+00
5.51032e+02	8.66895e+00	5.63287e+00
5.66163e+02	8.51334e+00	5.53242e+00
5.81709e+02	8.35957e+00	5.43315e+00
5.97683e+02	8.20761e+00	5.33502e+00
6.14095e+02	8.05749e+00	5.23805e+00
6.30957e+02	7.90922e+00	5.14227e+00
6.48283e+02	7.76283e+00	5.04770e+00
6.66085e+02	7.61832e+00	4.95432e+00
6.84375e+02	7.47571e+00	4.86215e+00
7.03168e+02	7.33500e+00	4.77119e+00
7.22476e+02	7.19621e+00	4.68144e+00
7.42315e+02	7.05935e+00	4.59292e+00
7.62699e+02	6.92440e+00	4.50562e+00
7.83642e+02	6.79138e+00	4.41955e+00
8.05160e+02	6.66029e+00	4.33470e+00
8.27270e+02	6.53113e+00	4.25109e+00
8.49986e+02	6.40389e+00	4.16870e+00
8.73326e+02	6.27858e+00	4.08754e+00
8.97307e+02	6.15518e+00	4.00761e+00
9.21947e+02	6.03369e+00	3.92889e+00
9.47263e+02	5.91411e+00	3.85140e+00
9.73274e+02	5.79642e+00	3.77511e+00
1.00000e+03	5.68062e+00	3.70004e+00
1.02746e+03	5.56670e+00	3.62616e+00
1.05567e+03	5.45463e+00	3.55348e+00
1.08466e+03	5.34442e+00	3.48199e+00
1.11444e+03	5.23605e+00	3.41167e+00
1.14505e+03	5.12950e+00	3.34253e+00
1.17649e+03	5.02477e+00	3.27455e+00
1.20880e+03	4.92182e+00	3.20772e+00
1.24199e+03	4.82066e+00	3.14203e+00
1.27609e+03	4.72126e+00	3.07748e+00
1.31113e+03	4.62360e+00	3.01405e+00
1.34714e+03	4.52767e+00	2.95173e+00
1.38413e+03	4.43345e+00	2.89052e+00
1.42214e+03	4.34093e+00	2.83039e+00
1.46119e+03	4.25007e+00	2.77134e+00
1.50131e+03	4.16087e+00	2.71335e+00
1.54254e+03	4.07330e+00	2.65642e+00
1.58489e+03	3.98734e+00	2.60053e+00
1.62841e+03	3.90298e+00	2.54567e+00
1.67313e+03	3.82019e+00	2.49182e+00
1.71907e+03	3.73895e+00	2.43898e+00
1.76628e+03	3.65925e+00	2.38713e+00
1.81478e+03	3.58106e+00	2.33625e+00
1.86461e+03	3.50436e+00	2.28634e+00
1.91581e+03	3.42913e+00	2.23738e+00
1.96842e+03	3.35535e+00	2.18936e+00
2.02247e+03	3.28300e+00	2.14226e+00
2.07801e+03	3.21206e+00	2.09607e+00
2.13507e+03	3.14250e+00	2.05078e+00
2.19370e+03	3.07431e+00	2.00637e+00
2.25393e+03	3.00746e+00	1.96284e+00
2.31583e+03	2.94194e+00	1.92016e+00
2.37942e+03	2.87772e+00	1.87833e+00
2.44476e+03	2.81478e+00	1.83733e+00
2.51189e+03	2.75311e+00	1.79715e+00
2.58086e+03	2.69267e+00	1.75777e+00
2.65173e+03	2.63346e+00	1.71919e+00
2.72455e+03	2.57544e+00	1.68138e+00
2.79936e+03	2.51861e+00	1.64434e+00
2.87623e+03	2.46294e+00	1.60806e+00
2.95521e+03	2.40840e+00	1.57251e+00
3.03636e+03	2.35499e+00	1.53769e+00
3.11974e+03	2.30268e+00	1.50359e+00
3.20540e+03	2.25145e+00	1.47019e+00
3.29342e+03	2.20129e+00	1.43748e+00
3.38386e+03	2.15217e+00	1.40545e+00
3.47677e+03	2.10407e+00	1.37409e+00
3.57224e+03	2.05698e+00	1.34338e+00
3.67034e+03	2.01088e+00	1.31331e+00
3.77112e+03	1.96575e+00	1.28387e+00
3.87468e+03	1.92157e+00	1.25506e+00
3.98107e+03	1.87833e+00	1.22685e+00
4.09039e+03	1.83600e+00	1.19924e+00
4.20271e+03	1.79457e+00	1.17222e+00
4.31811e+03	1.75403e+00	1.14576e+00
4.43669e+03	1.71436e+00	1.11988e+00
4.55852e+03	1.67553e+00	1.09455e+00
4.68369e+03	1.63754e+00	1.06976e+00
4.81230e+03	1.60036e+00	1.04550e+00
4.94445e+03	1.56399e+00	1.02176e+00
5.08022e+03	1.52840e+00	9.98538e-01
5.21972e+03	1.49358e+00	9.75817e-01
5.36305e+03	1.45952e+00	9.53587e-01
5.51032e+03	1.42620e+00	9.31840e-01
5.66163e+03	1.39361e+00	9.10566e-01
5.81709e+03	1.36173e+00	8.89755e-01
5.97683e+03	1.33054e+00	8.69399e-01
6.14095e+03	1.30004e+00	8.49488e-01
6.30957e+03	1.27021e+00	8.30014e-01
6.48283e+03	1.24103e+00	8.10967e-01
6.66085e+03	1.21250e+00	7.92339e-01
6.84375e+03	1.18459e+00	7.74122e-01
7.03168e+03	1.15731e+00	7.56306e-01
7.22476e+03	1.13062e+00	7.38885e-01
7.42315e+03	1.10453e+00	7.21849e-01
7.62699e+03	1.07902e+00	7.05191e-01
7.83642e+03	1.05408e+00	6.88904e-01
8.05160e+03	1.02969e+00	6.72978e-01
8.27270e+03	1.00584e+00	6.57408e-01
8.49986e+03	9.82530e-01	6.42185e-01
8.73326e+03	9.59740e-01	6.27302e-01
8.97307e+03	9.37461e-01	6.12752e-01
9.21947e+03	9.15681e-01	5.98528e-01
9.47263e+03	8.94391e-01	5.84624e-01
9.73274e+03	8.73580e-01	5.71032e-01
1.00000e+04	8.53237e-01	5.57745e-01
