# HC3O cross section
256
1.00000e+01	0.00000e+00	0.00000e+00
1.04618e+01	0.00000e+00	0.00000e+00
1.09450e+01	0.00000e+00	2.17841e-02
1.14505e+01	6.56280e-02	9.16381e-02
1.19793e+01	1.96545e-01	2.22863e-01
1.25325e+01	4.97186e-01	3.64231e-01
1.31113e+01	9.60912e-01	6.04602e-01
1.37169e+01	1.46410e+00	9.16730e-01
1.43504e+01	1.99095e+00	1.29066e+00
1.50131e+01	2.53502e+00	1.76146e+00
1.57065e+01	3.17776e+00	2.25042e+00
1.64318e+01	3.89354e+00	2.75203e+00
1.71907e+01	4.67628e+00	3.26146e+00
1.79846e+01	5.48708e+00	3.77447e+00
1.88152e+01	6.36981e+00	4.28738e+00
1.96842e+01	7.27343e+00	4.79696e+00
2.05933e+01	8.17807e+00	5.30040e+00
2.15444e+01	9.07772e+00	5.80092e+00
2.25393e+01	9.96711e+00	6.34046e+00
2.35803e+01	1.08417e+01	6.90357e+00
2.46693e+01	1.17046e+01	7.45860e+00
2.58086e+01	1.25773e+01	8.00263e+00
2.70006e+01	1.34355e+01	8.54411e+00
2.82475e+01	1.42688e+01	9.09452e+00
2.95521e+01	1.50783e+01	9.63103e+00
3.09169e+01	1.58822e+01	1.01505e+01
3.23448e+01	1.66614e+01	1.06510e+01
3.38385e+01	1.74085e+01	1.11406e+01
3.54013e+01	1.81213e+01	1.16302e+01
3.70363e+01	1.87982e+01	1.20988e+01
3.87467e+01	1.94376e+01	1.25449e+01
4.05362e+01	2.00489e+01	1.29673e+01
4.24083e+01	2.06296e+01	1.33650e+01
4.43669e+01	2.11717e+01	1.37370e+01
4.64159e+01	2.16743e+01	1.40830e+01
4.85595e+01	2.21369e+01	1.44023e+01
5.08022e+01	2.25594e+01	1.46948e+01
5.31484e+01	2.29416e+01	1.49603e+01
5.56030e+01	2.32835e+01	1.51989e+01
5.81709e+01	2.35856e+01	1.54107e+01
6.08575e+01	2.38481e+01	1.55959e+01
6.36681e+01	2.40716e+01	1.57549e+01
6.66085e+01	2.42569e+01	1.58881e+01
6.96847e+01	2.44046e+01	1.59960e+01
7.29030e+01	2.45157e+01	1.60792e+01
7.62699e+01	2.45911e+01	1.61384e+01
7.97923e+01	2.46319e+01	1.61764e+01
8.34773e+01	2.46393e+01	1.61933e+01
8.73326e+01	2.46143e+01	1.61903e+01
9.13659e+01	2.45584e+01	1.61679e+01
9.55855e+01	2.44727e+01	1.61256e+01
1.00000e+02	2.43586e+01	1.60642e+01
1.04618e+02	2.42174e+01	1.59846e+01
1.09450e+02	2.40505e+01	1.58875e+01
1.14505e+02	2.38594e+01	1.57740e+01
1.19793e+02	2.36454e+01	1.56447e+01
1.25325e+02	2.34099e+01	1.55008e+01
1.31113e+02	2.31544e+01	1.53430e+01
1.37169e+02	2.28802e+01	1.51723e+01
1.43504e+02	2.25888e+01	1.49895e+01
1.50131e+02	2.22814e+01	1.47966e+01
1.57065e+02	2.19595e+01	1.45937e+01
1.64318e+02	2.16243e+01	1.43823e+01
1.71907e+02	2.12772e+01	1.41626e+01
1.79846e+02	2.09194e+01	1.39353e+01
1.88152e+02	2.05522e+01	1.37013e+01
1.96842e+02	2.01766e+01	1.34611e+01
2.05933e+02	1.97938e+01	1.32157e+01
2.15444e+02	1.94049e+01	1.29657e+01
2.25393e+02	1.90111e+01	1.27118e+01
2.35803e+02	1.86132e+01	1.24546e+01
2.46693e+02	1.82122e+01	1.21949e+01
2.58086e+02	1.78090e+01	1.19332e+01
2.70005e+02	1.74045e+01	1.16701e+01
2.82475e+02	1.69996e+01	1.14061e+01
2.95521e+02	1.65948e+01	1.11419e+01
3.09169e+02	1.61912e+01	1.08778e+01
3.23448e+02	1.57901e+01	1.06143e+01
3.38385e+02	1.53914e+01	1.03519e+01
3.54013e+02	1.49956e+01	1.00909e+01
3.70363e+02	1.46031e+01	9.83180e+00
3.87467e+02	1.42146e+01	9.57486e+00
4.05362e+02	1.38304e+01	9.32041e+00
4.24083e+02	1.34509e+01	9.06875e+00
4.43669e+02	1.30765e+01	8.82014e+00
4.64159e+02	1.27075e+01	8.57482e+00
4.85595e+02	1.23442e+01	8.33310e+00
5.08022e+02	1.19868e+01	8.09514e+00
5.31484e+02	1.16356e+01	7.86113e+00
5.56030e+02	1.12908e+01	7.63116e+00
5.81709e+02	1.09527e+01	7.40535e+00
6.08574e+02	1.06212e+01	7.18382e+00
6.36681e+02	1.02966e+01	6.96665e+00
6.66085e+02	9.97885e+00	6.75392e+00
6.96847e+02	9.66810e+00	6.54570e+00
7.29029e+02	9.36438e+00	6.34203e+00
7.62699e+02	9.06773e+00	6.14295e+00
7.97923e+02	8.77815e+00	5.94848e+00
8.34773e+02	8.49564e+00	5.75863e+00
8.73326e+02	8.22020e+00	5.57340e+00
9.13659e+02	7.95178e+00	5.39278e+00
9.55855e+02	7.69035e+00	5.21676e+00
1.00000e+03	7.43585e+00	5.04530e+00
1.04618e+03	7.18821e+00	4.87837e+00
1.09450e+03	6.94737e+00	4.71593e+00
1.14505e+03	6.71324e+00	4.55794e+00
1.19793e+03	6.48572e+00	4.40434e+00
1.25325e+03	6.26473e+00	4.25507e+00
1.31113e+03	6.05015e+00	4.11007e+00
1.37169e+03	5.84189e+00	3.96928e+00
1.43504e+03	5.63983e+00	3.83262e+00
1.50131e+03	5.44384e+00	3.70002e+00
1.57065e+03	5.25382e+00	3.57141e+00
1.64318e+03	5.06965e+00	3.44671e+00
1.71907e+03	4.89119e+00	3.32584e+00
1.79846e+03	4.71832e+00	3.20871e+00
1.88152e+03	4.55091e+00	3.09525e+00
1.96842e+03	4.38884e+00	2.98538e+00
2.05933e+03	4.23198e+00	2.87901e+00
2.15443e+03	4.08020e+00	2.77606e+00
2.25393e+03	3.93337e+00	2.67644e+00
2.35803e+03	3.79136e+00	2.58007e+00
2.46693e+03	3.65405e+00	2.48686e+00
2.58086e+03	3.52131e+00	2.39674e+00
2.70005e+03	3.39302e+00	2.30962e+00
2.82475e+03	3.26905e+00	2.22542e+00
2.95521e+03	3.14928e+00	2.14405e+00
3.09169e+03	3.03359e+00	2.06545e+00
3.23448e+03	2.92186e+00	1.98953e+00
3.38386e+03	2.81398e+00	1.91620e+00
3.54013e+03	2.70983e+00	1.84541e+00
3.70363e+03	2.60930e+00	1.77706e+00
3.87468e+03	2.51228e+00	1.71109e+00
4.05362e+03	2.41866e+00	1.64743e+00
4.24083e+03	2.32834e+00	1.58600e+00
4.43669e+03	2.24121e+00	1.52673e+00
4.64159e+03	2.15717e+00	1.46957e+00
4.85595e+03	2.07613e+00	1.41443e+00
5.08022e+03	1.99798e+00	1.36126e+00
5.31484e+03	1.92264e+00	1.30999e+00
5.56030e+03	1.85000e+00	1.26056e+00
5.81709e+03	1.77999e+00	1.21291e+00
6.08574e+03	1.71252e+00	1.16699e+00
6.36681e+03	1.64749e+00	1.12272e+00
6.66085e+03	1.58483e+00	1.08007e+00
6.96847e+03	1.52447e+00	1.03898e+00
7.29030e+03	1.46632e+00	9.99384e-01
7.62699e+03	1.41030e+00	9.61242e-01
7.97923e+03	1.35634e+00	9.24503e-01
8.34773e+03	1.30438e+00	8.89118e-01
8.73326e+03	1.25433e+00	8.55040e-01
9.13659e+03	1.20615e+00	8.22225e-01
9.55855e+03	1.15976e+00	7.90627e-01
1.00000e+04	1.11509e+00	7.60205e-01
1.04618e+04	1.07209e+00	7.30918e-01
1.09450e+04	1.03070e+00	7.02724e-01
1.14505e+04	9.90864e-01	6.75586e-01
1.19793e+04	9.52522e-01	6.49466e-01
1.25325e+04	9.15622e-01	6.24328e-01
1.31113e+04	8.80114e-01	6.00136e-01
1.37169e+04	8.45946e-01	5.76856e-01
1.43504e+04	8.13070e-01	5.54456e-01
1.50131e+04	7.81440e-01	5.32904e-01
1.57065e+04	7.51010e-01	5.12169e-01
1.64318e+04	7.21737e-01	4.92221e-01
1.71907e+04	6.93578e-01	4.73032e-01
1.79847e+04	6.66492e-01	4.54573e-01
1.88152e+04	6.40441e-01	4.36819e-01
1.96842e+04	6.15386e-01	4.19743e-01
2.05933e+04	5.91289e-01	4.03319e-01
2.15443e+04	5.68117e-01	3.87525e-01
2.25393e+04	5.45834e-01	3.72337e-01
2.35803e+04	5.24408e-01	3.57732e-01
2.46693e+04	5.03806e-01	3.43688e-01
2.58086e+04	4.83997e-01	3.30185e-01
2.70005e+04	4.64953e-01	3.17203e-01
2.82475e+04	4.46645e-01	3.04721e-01
2.95521e+04	4.29044e-01	2.92722e-01
3.09169e+04	4.12124e-01	2.81186e-01
3.23448e+04	3.95860e-01	2.70097e-01
3.38386e+04	3.80227e-01	2.59438e-01
3.54013e+04	3.65201e-01	2.49193e-01
3.70363e+04	3.50759e-01	2.39345e-01
3.87468e+04	3.36879e-01	2.29880e-01
4.05362e+04	3.23539e-01	2.20783e-01
4.24083e+04	3.10719e-01	2.12041e-01
4.43669e+04	2.98399e-01	2.03640e-01
4.64159e+04	2.86561e-01	1.95566e-01
4.85595e+04	2.75185e-01	1.87807e-01
5.08022e+04	2.64254e-01	1.80352e-01
5.31484e+04	2.53751e-01	1.73189e-01
5.56030e+04	2.43660e-01	1.66306e-01
5.81709e+04	2.33964e-01	1.59692e-01
6.08574e+04	2.24649e-01	1.53338e-01
6.36681e+04	2.15700e-01	1.47234e-01
6.66085e+04	2.07102e-01	1.41369e-01
6.96847e+04	1.98843e-01	1.35735e-01
7.29029e+04	1.90909e-01	1.30322e-01
7.62699e+04	1.83287e-01	1.25122e-01
7.97923e+04	1.75966e-01	1.20128e-01
8.34773e+04	1.68933e-01	1.15330e-01
8.73326e+04	1.62179e-01	1.10721e-01
9.13659e+04	1.55691e-01	1.06295e-01
9.55855e+04	1.49459e-01	1.02043e-01
1.00000e+05	1.43475e-01	9.79592e-02
1.04618e+05	1.37727e-01	9.40370e-02
1.09450e+05	1.32206e-01	9.02701e-02
1.14505e+05	1.26905e-01	8.66524e-02
1.19793e+05	1.21813e-01	8.31780e-02
1.25325e+05	1.16924e-01	7.98414e-02
1.31113e+05	1.12229e-01	7.66371e-02
1.37169e+05	1.07720e-01	7.35601e-02
1.43504e+05	1.03391e-01	7.06053e-02
1.50131e+05	9.92336e-02	6.77680e-02
1.57065e+05	9.52418e-02	6.50435e-02
1.64318e+05	9.14090e-02	6.24274e-02
1.71907e+05	8.77288e-02	5.99155e-02
1.79846e+05	8.41954e-02	5.75036e-02
1.88152e+05	8.08028e-02	5.51878e-02
1.96842e+05	7.75457e-02	5.29644e-02
2.05933e+05	7.44186e-02	5.08297e-02
2.15444e+05	7.14164e-02	4.87803e-02
2.25393e+05	6.85341e-02	4.68126e-02
2.35803e+05	6.57671e-02	4.49236e-02
2.46693e+05	6.31109e-02	4.31101e-02
2.58086e+05	6.05609e-02	4.13692e-02
2.70006e+05	5.81130e-02	3.96979e-02
2.82475e+05	5.57632e-02	3.80936e-02
2.95521e+05	5.35076e-02	3.65535e-02
3.09169e+05	5.13424e-02	3.50751e-02
3.23448e+05	4.92640e-02	3.36560e-02
3.38386e+05	4.72691e-02	3.22938e-02
3.54013e+05	4.53543e-02	3.09863e-02
3.70363e+05	4.35164e-02	2.97312e-02
3.87468e+05	4.17524e-02	2.85266e-02
4.05362e+05	4.00593e-02	2.73704e-02
4.24083e+05	3.84343e-02	2.62606e-02
4.43669e+05	3.68747e-02	2.51955e-02
4.64159e+05	3.53778e-02	2.41733e-02
4.85595e+05	3.39413e-02	2.31922e-02
5.08022e+05	3.25626e-02	2.22506e-02
5.31484e+05	3.12395e-02	2.13469e-02
5.56030e+05	2.99697e-02	2.04796e-02
5.81709e+05	2.87512e-02	1.96473e-02
6.08574e+05	2.75818e-02	1.88486e-02
6.36680e+05	2.64597e-02	1.80821e-02
6.66085e+05	2.53828e-02	1.73465e-02
6.96847e+05	2.43495e-02	1.66407e-02
7.29030e+05	2.33579e-02	1.59633e-02
7.62699e+05	2.24064e-02	1.53133e-02
7.97923e+05	2.14934e-02	1.46896e-02
8.34773e+05	2.06173e-02	1.40911e-02
8.73326e+05	1.97767e-02	1.35169e-02
9.13659e+05	1.89701e-02	1.29658e-02
9.55855e+05	1.81962e-02	1.24371e-02
1.00000e+06	1.74537e-02	1.19298e-02
