# HCCCO cross section
256
1.00000e+01	3.21379e-02
1.02746e+01	8.38222e-02
1.05567e+01	1.38385e-01
1.08466e+01	1.95481e-01
1.11445e+01	2.54787e-01
1.14505e+01	3.16007e-01
1.17649e+01	3.80389e-01
1.20880e+01	5.25543e-01
1.24199e+01	7.48069e-01
1.27609e+01	1.00981e+00
1.31113e+01	1.28140e+00
1.34714e+01	1.56136e+00
1.38413e+01	1.84837e+00
1.42214e+01	2.14117e+00
1.46119e+01	2.46173e+00
1.50131e+01	2.79471e+00
1.54254e+01	3.14532e+00
1.58489e+01	3.54006e+00
1.62841e+01	3.96496e+00
1.67313e+01	4.39524e+00
1.71907e+01	4.84643e+00
1.76628e+01	5.32495e+00
1.81478e+01	5.80862e+00
1.86461e+01	6.30356e+00
1.91581e+01	6.83533e+00
1.96842e+01	7.36935e+00
2.02247e+01	7.90416e+00
2.07801e+01	8.43838e+00
2.13507e+01	8.97077e+00
2.19370e+01	9.50016e+00
2.25393e+01	1.00255e+01
2.31583e+01	1.05458e+01
2.37942e+01	1.10607e+01
2.44475e+01	1.15826e+01
2.51189e+01	1.20983e+01
2.58086e+01	1.26190e+01
2.65173e+01	1.31322e+01
2.72455e+01	1.36371e+01
2.79936e+01	1.41329e+01
2.87623e+01	1.46191e+01
2.95521e+01	1.50994e+01
3.03636e+01	1.55853e+01
3.11974e+01	1.60610e+01
3.20540e+01	1.65259e+01
3.29342e+01	1.69795e+01
3.38385e+01	1.74213e+01
3.47677e+01	1.78507e+01
3.57225e+01	1.82676e+01
3.67034e+01	1.86714e+01
3.77112e+01	1.90619e+01
3.87467e+01	1.94388e+01
3.98107e+01	1.98047e+01
4.09039e+01	2.01636e+01
4.20271e+01	2.05099e+01
4.31811e+01	2.08423e+01
4.43669e+01	2.11607e+01
4.55852e+01	2.14649e+01
4.68369e+01	2.17549e+01
4.81230e+01	2.20305e+01
4.94445e+01	2.22916e+01
5.08022e+01	2.25383e+01
5.21972e+01	2.27706e+01
5.36305e+01	2.29883e+01
5.51032e+01	2.31916e+01
5.66163e+01	2.33806e+01
5.81709e+01	2.35553e+01
5.97683e+01	2.37157e+01
6.14095e+01	2.38621e+01
6.30957e+01	2.39945e+01
6.48283e+01	2.41131e+01
6.66085e+01	2.42181e+01
6.84375e+01	2.43095e+01
7.03168e+01	2.43877e+01
7.22476e+01	2.44528e+01
7.42315e+01	2.45050e+01
7.62699e+01	2.45445e+01
7.83642e+01	2.45716e+01
8.05160e+01	2.45865e+01
8.27270e+01	2.45895e+01
8.49986e+01	2.45809e+01
8.73326e+01	2.45607e+01
8.97307e+01	2.45295e+01
9.21947e+01	2.44874e+01
9.47263e+01	2.44347e+01
9.73274e+01	2.43718e+01
1.00000e+02	2.42988e+01
1.02746e+02	2.42161e+01
1.05567e+02	2.41241e+01
1.08466e+02	2.40229e+01
1.11445e+02	2.39129e+01
1.14505e+02	2.37944e+01
1.17649e+02	2.36677e+01
1.20880e+02	2.35331e+01
1.24199e+02	2.33910e+01
1.27609e+02	2.32416e+01
1.31113e+02	2.30851e+01
1.34714e+02	2.29221e+01
1.38413e+02	2.27526e+01
1.42214e+02	2.25771e+01
1.46119e+02	2.23958e+01
1.50131e+02	2.22090e+01
1.54254e+02	2.20170e+01
1.58489e+02	2.18201e+01
1.62841e+02	2.16185e+01
1.67313e+02	2.14126e+01
1.71907e+02	2.12027e+01
1.76628e+02	2.09889e+01
1.81478e+02	2.07716e+01
1.86461e+02	2.05510e+01
1.91581e+02	2.03273e+01
1.96842e+02	2.01009e+01
2.02247e+02	1.98720e+01
2.07801e+02	1.96407e+01
2.13507e+02	1.94074e+01
2.19370e+02	1.91722e+01
2.25393e+02	1.89354e+01
2.31583e+02	1.86971e+01
2.37942e+02	1.84577e+01
2.44476e+02	1.82173e+01
2.51189e+02	1.79760e+01
2.58086e+02	1.77341e+01
2.65173e+02	1.74918e+01
2.72455e+02	1.72493e+01
2.79936e+02	1.70066e+01
2.87623e+02	1.67640e+01
2.95521e+02	1.65216e+01
3.03636e+02	1.62796e+01
3.11974e+02	1.60385e+01
3.20540e+02	1.57983e+01
3.29342e+02	1.55589e+01
3.38385e+02	1.53205e+01
3.47677e+02	1.50832e+01
3.57224e+02	1.48470e+01
3.67034e+02	1.46121e+01
3.77112e+02	1.43786e+01
3.87467e+02	1.41466e+01
3.98107e+02	1.39162e+01
4.09039e+02	1.36874e+01
4.20271e+02	1.34603e+01
4.31811e+02	1.32351e+01
4.43669e+02	1.30118e+01
4.55852e+02	1.27904e+01
4.68369e+02	1.25711e+01
4.81230e+02	1.23538e+01
4.94445e+02	1.21387e+01
5.08022e+02	1.19257e+01
5.21972e+02	1.17150e+01
5.36305e+02	1.15066e+01
5.51032e+02	1.13004e+01
5.66163e+02	1.10967e+01
5.81709e+02	1.08954e+01
5.97683e+02	1.06965e+01
6.14095e+02	1.05000e+01
6.30957e+02	1.03060e+01
6.48283e+02	1.01145e+01
6.66085e+02	9.92545e+00
6.84375e+02	9.73895e+00
7.03168e+02	9.55496e+00
7.22476e+02	9.37351e+00
7.42315e+02	9.19460e+00
7.62699e+02	9.01824e+00
7.83642e+02	8.84441e+00
8.05160e+02	8.67314e+00
8.27270e+02	8.50441e+00
8.49986e+02	8.33821e+00
8.73326e+02	8.17455e+00
8.97307e+02	8.01342e+00
9.21947e+02	7.85480e+00
9.47263e+02	7.69869e+00
9.73274e+02	7.54507e+00
1.00000e+03	7.39394e+00
1.02746e+03	7.24526e+00
1.05567e+03	7.09904e+00
1.08466e+03	6.95526e+00
1.11444e+03	6.81388e+00
1.14505e+03	6.67490e+00
1.17649e+03	6.53830e+00
1.20880e+03	6.40405e+00
1.24199e+03	6.27214e+00
1.27609e+03	6.14254e+00
1.31113e+03	6.01522e+00
1.34714e+03	5.89017e+00
1.38413e+03	5.76736e+00
1.42214e+03	5.64676e+00
1.46119e+03	5.52835e+00
1.50131e+03	5.41211e+00
1.54254e+03	5.29801e+00
1.58489e+03	5.18602e+00
1.62841e+03	5.07611e+00
1.67313e+03	4.96826e+00
1.71907e+03	4.86244e+00
1.76628e+03	4.75863e+00
1.81478e+03	4.65679e+00
1.86461e+03	4.55691e+00
1.91581e+03	4.45894e+00
1.96842e+03	4.36287e+00
2.02247e+03	4.26867e+00
2.07801e+03	4.17630e+00
2.13507e+03	4.08575e+00
2.19370e+03	3.99697e+00
2.25393e+03	3.90996e+00
2.31583e+03	3.82467e+00
2.37942e+03	3.74108e+00
2.44476e+03	3.65916e+00
2.51189e+03	3.57890e+00
2.58086e+03	3.50025e+00
2.65173e+03	3.42319e+00
2.72455e+03	3.34770e+00
2.79936e+03	3.27375e+00
2.87623e+03	3.20131e+00
2.95521e+03	3.13036e+00
3.03636e+03	3.06087e+00
3.11974e+03	2.99281e+00
3.20540e+03	2.92617e+00
3.29342e+03	2.86091e+00
3.38386e+03	2.79702e+00
3.47677e+03	2.73446e+00
3.57224e+03	2.67321e+00
3.67034e+03	2.61325e+00
3.77112e+03	2.55455e+00
3.87468e+03	2.49709e+00
3.98107e+03	2.44086e+00
4.09039e+03	2.38581e+00
4.20271e+03	2.33194e+00
4.31811e+03	2.27922e+00
4.43669e+03	2.22763e+00
4.55852e+03	2.17714e+00
4.68369e+03	2.12774e+00
4.81230e+03	2.07941e+00
4.94445e+03	2.03212e+00
5.08022e+03	1.98585e+00
5.21972e+03	1.94059e+00
5.36305e+03	1.89630e+00
5.51032e+03	1.85299e+00
5.66163e+03	1.81061e+00
5.81709e+03	1.76917e+00
5.97683e+03	1.72863e+00
6.14095e+03	1.68898e+00
6.30957e+03	1.65020e+00
6.48283e+03	1.61228e+00
6.66085e+03	1.57519e+00
6.84375e+03	1.53892e+00
7.03168e+03	1.50345e+00
7.22476e+03	1.46877e+00
7.42315e+03	1.43486e+00
7.62699e+03	1.40170e+00
7.83642e+03	1.36929e+00
8.05160e+03	1.33759e+00
8.27270e+03	1.30660e+00
8.49986e+03	1.27631e+00
8.73326e+03	1.24669e+00
8.97307e+03	1.21774e+00
9.21947e+03	1.18943e+00
9.47263e+03	1.16177e+00
9.73274e+03	1.13472e+00
1.00000e+04	1.10829e+00
