# HCCNC cross section
256
1.00000e+01	0.00000e+00
1.02746e+01	0.00000e+00
1.05567e+01	0.00000e+00
1.08466e+01	0.00000e+00
1.11445e+01	0.00000e+00
1.14505e+01	2.13979e-02
1.17649e+01	2.26664e-01
1.20880e+01	4.43916e-01
1.24199e+01	6.92613e-01
1.27609e+01	1.01095e+00
1.31113e+01	1.34163e+00
1.34714e+01	1.68284e+00
1.38413e+01	2.03288e+00
1.42214e+01	2.39018e+00
1.46119e+01	2.75330e+00
1.50131e+01	3.12092e+00
1.54254e+01	3.49179e+00
1.58489e+01	3.96843e+00
1.62841e+01	4.47251e+00
1.67313e+01	4.98309e+00
1.71907e+01	5.49837e+00
1.76628e+01	6.01670e+00
1.81478e+01	6.53654e+00
1.86461e+01	7.08249e+00
1.91581e+01	7.65230e+00
1.96842e+01	8.22231e+00
2.02247e+01	8.79104e+00
2.07801e+01	9.35712e+00
2.13507e+01	9.91931e+00
2.19370e+01	1.04764e+01
2.25393e+01	1.10275e+01
2.31583e+01	1.15715e+01
2.37942e+01	1.21075e+01
2.44475e+01	1.26348e+01
2.51189e+01	1.31525e+01
2.58086e+01	1.36605e+01
2.65173e+01	1.41817e+01
2.72455e+01	1.46929e+01
2.79936e+01	1.51935e+01
2.87623e+01	1.56828e+01
2.95521e+01	1.61641e+01
3.03636e+01	1.66495e+01
3.11974e+01	1.71232e+01
3.20540e+01	1.75846e+01
3.29342e+01	1.80332e+01
3.38385e+01	1.84686e+01
3.47677e+01	1.88903e+01
3.57225e+01	1.92981e+01
3.67034e+01	1.97009e+01
3.77112e+01	2.00941e+01
3.87467e+01	2.04732e+01
3.98107e+01	2.08379e+01
4.09039e+01	2.11879e+01
4.20271e+01	2.15232e+01
4.31811e+01	2.18433e+01
4.43669e+01	2.21484e+01
4.55852e+01	2.24382e+01
4.68369e+01	2.27127e+01
4.81230e+01	2.29718e+01
4.94445e+01	2.32156e+01
5.08022e+01	2.34440e+01
5.21972e+01	2.36571e+01
5.36305e+01	2.38550e+01
5.51032e+01	2.40378e+01
5.66163e+01	2.42055e+01
5.81709e+01	2.43583e+01
5.97683e+01	2.44964e+01
6.14095e+01	2.46198e+01
6.30957e+01	2.47289e+01
6.48283e+01	2.48238e+01
6.66085e+01	2.49047e+01
6.84375e+01	2.49718e+01
7.03168e+01	2.50253e+01
7.22476e+01	2.50656e+01
7.42315e+01	2.50928e+01
7.62699e+01	2.51073e+01
7.83642e+01	2.51092e+01
8.05160e+01	2.50990e+01
8.27270e+01	2.50769e+01
8.49986e+01	2.50431e+01
8.73326e+01	2.49981e+01
8.97307e+01	2.49420e+01
9.21947e+01	2.48753e+01
9.47263e+01	2.47981e+01
9.73274e+01	2.47110e+01
1.00000e+02	2.46140e+01
1.02746e+02	2.45077e+01
1.05567e+02	2.43924e+01
1.08466e+02	2.42682e+01
1.11445e+02	2.41356e+01
1.14505e+02	2.39950e+01
1.17649e+02	2.38465e+01
1.20880e+02	2.36906e+01
1.24199e+02	2.35276e+01
1.27609e+02	2.33578e+01
1.31113e+02	2.31815e+01
1.34714e+02	2.29990e+01
1.38413e+02	2.28106e+01
1.42214e+02	2.26167e+01
1.46119e+02	2.24175e+01
1.50131e+02	2.22134e+01
1.54254e+02	2.20046e+01
1.58489e+02	2.17915e+01
1.62841e+02	2.15742e+01
1.67313e+02	2.13532e+01
1.71907e+02	2.11287e+01
1.76628e+02	2.09008e+01
1.81478e+02	2.06700e+01
1.86461e+02	2.04365e+01
1.91581e+02	2.02004e+01
1.96842e+02	1.99622e+01
2.02247e+02	1.97219e+01
2.07801e+02	1.94798e+01
2.13507e+02	1.92362e+01
2.19370e+02	1.89912e+01
2.25393e+02	1.87452e+01
2.31583e+02	1.84982e+01
2.37942e+02	1.82505e+01
2.44476e+02	1.80023e+01
2.51189e+02	1.77537e+01
2.58086e+02	1.75050e+01
2.65173e+02	1.72563e+01
2.72455e+02	1.70077e+01
2.79936e+02	1.67595e+01
2.87623e+02	1.65118e+01
2.95521e+02	1.62647e+01
3.03636e+02	1.60184e+01
3.11974e+02	1.57733e+01
3.20540e+02	1.55296e+01
3.29342e+02	1.52870e+01
3.38385e+02	1.50457e+01
3.47677e+02	1.48059e+01
3.57224e+02	1.45675e+01
3.67034e+02	1.43308e+01
3.77112e+02	1.40957e+01
3.87467e+02	1.38624e+01
3.98107e+02	1.36309e+01
4.09039e+02	1.34014e+01
4.20271e+02	1.31739e+01
4.31811e+02	1.29484e+01
4.43669e+02	1.27252e+01
4.55852e+02	1.25042e+01
4.68369e+02	1.22854e+01
4.81230e+02	1.20688e+01
4.94445e+02	1.18547e+01
5.08022e+02	1.16428e+01
5.21972e+02	1.14334e+01
5.36305e+02	1.12265e+01
5.51032e+02	1.10220e+01
5.66163e+02	1.08200e+01
5.81709e+02	1.06205e+01
5.97683e+02	1.04236e+01
6.14095e+02	1.02292e+01
6.30957e+02	1.00374e+01
6.48283e+02	9.84821e+00
6.66085e+02	9.66160e+00
6.84375e+02	9.47758e+00
7.03168e+02	9.29618e+00
7.22476e+02	9.11739e+00
7.42315e+02	8.94120e+00
7.62699e+02	8.76762e+00
7.83642e+02	8.59665e+00
8.05160e+02	8.42827e+00
8.27270e+02	8.26249e+00
8.49986e+02	8.09929e+00
8.73326e+02	7.93865e+00
8.97307e+02	7.78058e+00
9.21947e+02	7.62505e+00
9.47263e+02	7.47205e+00
9.73274e+02	7.32157e+00
1.00000e+03	7.17358e+00
1.02746e+03	7.02807e+00
1.05567e+03	6.88502e+00
1.08466e+03	6.74441e+00
1.11444e+03	6.60621e+00
1.14505e+03	6.47041e+00
1.17649e+03	6.33699e+00
1.20880e+03	6.20591e+00
1.24199e+03	6.07716e+00
1.27609e+03	5.95070e+00
1.31113e+03	5.82653e+00
1.34714e+03	5.70460e+00
1.38413e+03	5.58489e+00
1.42214e+03	5.46738e+00
1.46119e+03	5.35204e+00
1.50131e+03	5.23884e+00
1.54254e+03	5.12776e+00
1.58489e+03	5.01876e+00
1.62841e+03	4.91182e+00
1.67313e+03	4.80692e+00
1.71907e+03	4.70401e+00
1.76628e+03	4.60308e+00
1.81478e+03	4.50410e+00
1.86461e+03	4.40703e+00
1.91581e+03	4.31186e+00
1.96842e+03	4.21854e+00
2.02247e+03	4.12706e+00
2.07801e+03	4.03738e+00
2.13507e+03	3.94948e+00
2.19370e+03	3.86333e+00
2.25393e+03	3.77890e+00
2.31583e+03	3.69616e+00
2.37942e+03	3.61508e+00
2.44476e+03	3.53565e+00
2.51189e+03	3.45782e+00
2.58086e+03	3.38157e+00
2.65173e+03	3.30689e+00
2.72455e+03	3.23373e+00
2.79936e+03	3.16207e+00
2.87623e+03	3.09190e+00
2.95521e+03	3.02317e+00
3.03636e+03	2.95587e+00
3.11974e+03	2.88997e+00
3.20540e+03	2.82544e+00
3.29342e+03	2.76226e+00
3.38386e+03	2.70041e+00
3.47677e+03	2.63986e+00
3.57224e+03	2.58059e+00
3.67034e+03	2.52257e+00
3.77112e+03	2.46578e+00
3.87468e+03	2.41019e+00
3.98107e+03	2.35580e+00
4.09039e+03	2.30256e+00
4.20271e+03	2.25046e+00
4.31811e+03	2.19948e+00
4.43669e+03	2.14960e+00
4.55852e+03	2.10079e+00
4.68369e+03	2.05303e+00
4.81230e+03	2.00631e+00
4.94445e+03	1.96060e+00
5.08022e+03	1.91588e+00
5.21972e+03	1.87214e+00
5.36305e+03	1.82935e+00
5.51032e+03	1.78750e+00
5.66163e+03	1.74656e+00
5.81709e+03	1.70652e+00
5.97683e+03	1.66736e+00
6.14095e+03	1.62906e+00
6.30957e+03	1.59160e+00
6.48283e+03	1.55497e+00
6.66085e+03	1.51916e+00
6.84375e+03	1.48413e+00
7.03168e+03	1.44989e+00
7.22476e+03	1.41640e+00
7.42315e+03	1.38366e+00
7.62699e+03	1.35165e+00
7.83642e+03	1.32035e+00
8.05160e+03	1.28975e+00
8.27270e+03	1.25984e+00
8.49986e+03	1.23060e+00
8.73326e+03	1.20201e+00
8.97307e+03	1.17407e+00
9.21947e+03	1.14676e+00
9.47263e+03	1.12006e+00
9.73274e+03	1.09396e+00
1.00000e+04	1.06845e+00
