# HCNS cross section
256
1.00000e+01	1.06019e+00	1.06019e+00
1.04618e+01	1.53840e+00	1.53840e+00
1.09450e+01	2.03768e+00	2.03768e+00
1.14505e+01	2.55272e+00	2.55272e+00
1.19793e+01	3.07883e+00	3.07883e+00
1.25325e+01	3.61189e+00	3.61189e+00
1.31113e+01	4.14829e+00	4.14829e+00
1.37169e+01	4.68484e+00	4.68484e+00
1.43504e+01	5.21874e+00	5.21874e+00
1.50131e+01	5.74754e+00	5.74754e+00
1.57065e+01	6.28272e+00	6.26906e+00
1.64318e+01	6.87145e+00	6.78141e+00
1.71907e+01	7.62868e+00	7.28289e+00
1.79846e+01	8.40686e+00	7.77203e+00
1.88152e+01	9.18815e+00	8.24754e+00
1.96842e+01	9.96711e+00	8.70827e+00
2.05933e+01	1.07390e+01	9.15321e+00
2.15444e+01	1.14996e+01	9.58150e+00
2.25393e+01	1.22453e+01	9.99236e+00
2.35803e+01	1.30263e+01	1.03851e+01
2.46693e+01	1.37971e+01	1.07593e+01
2.58086e+01	1.45485e+01	1.11143e+01
2.70006e+01	1.52773e+01	1.14497e+01
2.82475e+01	1.59860e+01	1.17653e+01
2.95521e+01	1.66967e+01	1.20607e+01
3.09169e+01	1.73806e+01	1.23358e+01
3.23448e+01	1.80355e+01	1.26142e+01
3.38385e+01	1.86593e+01	1.28786e+01
3.54013e+01	1.92504e+01	1.31242e+01
3.70363e+01	1.98190e+01	1.33721e+01
3.87467e+01	2.03651e+01	1.36351e+01
4.05362e+01	2.08769e+01	1.38821e+01
4.24083e+01	2.13534e+01	1.41120e+01
4.43669e+01	2.17938e+01	1.43237e+01
4.64159e+01	2.21977e+01	1.45164e+01
4.85595e+01	2.25647e+01	1.46897e+01
5.08022e+01	2.28945e+01	1.48431e+01
5.31484e+01	2.31873e+01	1.49764e+01
5.56030e+01	2.34433e+01	1.50894e+01
5.81709e+01	2.36628e+01	1.51822e+01
6.08575e+01	2.38462e+01	1.52548e+01
6.36681e+01	2.39941e+01	1.53076e+01
6.66085e+01	2.41073e+01	1.53408e+01
6.96847e+01	2.41866e+01	1.53548e+01
7.29030e+01	2.42327e+01	1.53501e+01
7.62699e+01	2.42468e+01	1.53272e+01
7.97923e+01	2.42297e+01	1.52866e+01
8.34773e+01	2.41827e+01	1.52290e+01
8.73326e+01	2.41069e+01	1.51550e+01
9.13659e+01	2.40034e+01	1.50654e+01
9.55855e+01	2.38735e+01	1.49608e+01
1.00000e+02	2.37184e+01	1.48446e+01
1.04618e+02	2.35395e+01	1.47174e+01
1.09450e+02	2.33381e+01	1.45777e+01
1.14505e+02	2.31154e+01	1.44263e+01
1.19793e+02	2.28728e+01	1.42639e+01
1.25325e+02	2.26116e+01	1.40911e+01
1.31113e+02	2.23332e+01	1.39086e+01
1.37169e+02	2.20387e+01	1.37173e+01
1.43504e+02	2.17296e+01	1.35177e+01
1.50131e+02	2.14070e+01	1.33107e+01
1.57065e+02	2.10723e+01	1.30968e+01
1.64318e+02	2.07265e+01	1.28769e+01
1.71907e+02	2.03710e+01	1.26515e+01
1.79846e+02	2.00068e+01	1.24214e+01
1.88152e+02	1.96372e+01	1.21871e+01
1.96842e+02	1.92614e+01	1.19493e+01
2.05933e+02	1.88804e+01	1.17086e+01
2.15444e+02	1.84950e+01	1.14655e+01
2.25393e+02	1.81062e+01	1.12214e+01
2.35803e+02	1.77149e+01	1.09763e+01
2.46693e+02	1.73220e+01	1.07305e+01
2.58086e+02	1.69284e+01	1.04844e+01
2.70005e+02	1.65348e+01	1.02384e+01
2.82475e+02	1.61417e+01	9.99304e+00
2.95521e+02	1.57498e+01	9.74859e+00
3.09169e+02	1.53597e+01	9.50544e+00
3.23448e+02	1.49724e+01	9.26392e+00
3.38385e+02	1.45879e+01	9.02435e+00
3.54013e+02	1.42070e+01	8.78701e+00
3.70363e+02	1.38298e+01	8.55216e+00
3.87467e+02	1.34570e+01	8.32006e+00
4.05362e+02	1.30888e+01	8.09093e+00
4.24083e+02	1.27256e+01	7.86496e+00
4.43669e+02	1.23678e+01	7.64235e+00
4.64159e+02	1.20157e+01	7.42325e+00
4.85595e+02	1.16693e+01	7.20780e+00
5.08022e+02	1.13290e+01	6.99614e+00
5.31484e+02	1.09949e+01	6.78838e+00
5.56030e+02	1.06671e+01	6.58460e+00
5.81709e+02	1.03459e+01	6.38489e+00
6.08574e+02	1.00312e+01	6.18931e+00
6.36681e+02	9.72323e+00	5.99792e+00
6.66085e+02	9.42199e+00	5.81075e+00
6.96847e+02	9.12754e+00	5.62789e+00
7.29029e+02	8.83991e+00	5.44936e+00
7.62699e+02	8.55911e+00	5.27511e+00
7.97923e+02	8.28514e+00	5.10513e+00
8.34773e+02	8.01798e+00	4.93942e+00
8.73326e+02	7.75759e+00	4.77794e+00
9.13659e+02	7.50394e+00	4.62068e+00
9.55855e+02	7.25698e+00	4.46760e+00
1.00000e+03	7.01663e+00	4.31865e+00
1.04618e+03	6.78283e+00	4.17379e+00
1.09450e+03	6.55549e+00	4.03297e+00
1.14505e+03	6.33454e+00	3.89613e+00
1.19793e+03	6.11988e+00	3.76322e+00
1.25325e+03	5.91140e+00	3.63417e+00
1.31113e+03	5.70901e+00	3.50893e+00
1.37169e+03	5.51259e+00	3.38741e+00
1.43504e+03	5.32204e+00	3.26955e+00
1.50131e+03	5.13725e+00	3.15528e+00
1.57065e+03	4.95808e+00	3.04452e+00
1.64318e+03	4.78444e+00	2.93721e+00
1.71907e+03	4.61619e+00	2.83325e+00
1.79846e+03	4.45322e+00	2.73259e+00
1.88152e+03	4.29540e+00	2.63514e+00
1.96842e+03	4.14262e+00	2.54082e+00
2.05933e+03	3.99473e+00	2.44956e+00
2.15443e+03	3.85164e+00	2.36128e+00
2.25393e+03	3.71321e+00	2.27590e+00
2.35803e+03	3.57933e+00	2.19335e+00
2.46693e+03	3.44986e+00	2.11355e+00
2.58086e+03	3.32471e+00	2.03643e+00
2.70005e+03	3.20374e+00	1.96191e+00
2.82475e+03	3.08684e+00	1.88991e+00
2.95521e+03	2.97390e+00	1.82038e+00
3.09169e+03	2.86480e+00	1.75322e+00
3.23448e+03	2.75943e+00	1.68839e+00
3.38386e+03	2.65768e+00	1.62580e+00
3.54013e+03	2.55944e+00	1.56539e+00
3.70363e+03	2.46461e+00	1.50709e+00
3.87468e+03	2.37308e+00	1.45084e+00
4.05362e+03	2.28475e+00	1.39657e+00
4.24083e+03	2.19953e+00	1.34423e+00
4.43669e+03	2.11732e+00	1.29374e+00
4.64159e+03	2.03801e+00	1.24506e+00
4.85595e+03	1.96153e+00	1.19812e+00
5.08022e+03	1.88777e+00	1.15286e+00
5.31484e+03	1.81665e+00	1.10924e+00
5.56030e+03	1.74809e+00	1.06720e+00
5.81709e+03	1.68200e+00	1.02668e+00
6.08574e+03	1.61830e+00	9.87637e-01
6.36681e+03	1.55690e+00	9.50018e-01
6.66085e+03	1.49774e+00	9.13777e-01
6.96847e+03	1.44074e+00	8.78866e-01
7.29030e+03	1.38582e+00	8.45240e-01
7.62699e+03	1.33292e+00	8.12854e-01
7.97923e+03	1.28196e+00	7.81666e-01
8.34773e+03	1.23287e+00	7.51634e-01
8.73326e+03	1.18561e+00	7.22719e-01
9.13659e+03	1.14009e+00	6.94880e-01
9.55855e+03	1.09626e+00	6.68080e-01
1.00000e+04	1.05406e+00	6.42282e-01
1.04618e+04	1.01344e+00	6.17452e-01
1.09450e+04	9.74332e-01	5.93553e-01
1.14505e+04	9.36689e-01	5.70554e-01
1.19793e+04	9.00458e-01	5.48422e-01
1.25325e+04	8.65589e-01	5.27125e-01
1.31113e+04	8.32032e-01	5.06634e-01
1.37169e+04	7.99742e-01	4.86919e-01
1.43504e+04	7.68671e-01	4.67952e-01
1.50131e+04	7.38777e-01	4.49707e-01
1.57065e+04	7.10016e-01	4.32156e-01
1.64318e+04	6.82347e-01	4.15274e-01
1.71907e+04	6.55731e-01	3.99037e-01
1.79847e+04	6.30128e-01	3.83421e-01
1.88152e+04	6.05502e-01	3.68402e-01
1.96842e+04	5.81817e-01	3.53960e-01
2.05933e+04	5.59038e-01	3.40072e-01
2.15443e+04	5.37132e-01	3.26718e-01
2.25393e+04	5.16066e-01	3.13878e-01
2.35803e+04	4.95810e-01	3.01533e-01
2.46693e+04	4.76333e-01	2.89664e-01
2.58086e+04	4.57605e-01	2.78254e-01
2.70005e+04	4.39600e-01	2.67285e-01
2.82475e+04	4.22290e-01	2.56741e-01
2.95521e+04	4.05649e-01	2.46606e-01
3.09169e+04	3.89651e-01	2.36863e-01
3.23448e+04	3.74274e-01	2.27499e-01
3.38386e+04	3.59492e-01	2.18500e-01
3.54013e+04	3.45285e-01	2.09850e-01
3.70363e+04	3.31629e-01	2.01537e-01
3.87468e+04	3.18505e-01	1.93549e-01
4.05362e+04	3.05891e-01	1.85872e-01
4.24083e+04	2.93770e-01	1.78495e-01
4.43669e+04	2.82121e-01	1.71407e-01
4.64159e+04	2.70927e-01	1.64596e-01
4.85595e+04	2.60170e-01	1.58052e-01
5.08022e+04	2.49834e-01	1.51764e-01
5.31484e+04	2.39903e-01	1.45723e-01
5.56030e+04	2.30360e-01	1.39919e-01
5.81709e+04	2.21192e-01	1.34343e-01
6.08574e+04	2.12384e-01	1.28986e-01
6.36681e+04	2.03922e-01	1.23841e-01
6.66085e+04	1.95792e-01	1.18897e-01
6.96847e+04	1.87982e-01	1.14149e-01
7.29029e+04	1.80480e-01	1.09588e-01
7.62699e+04	1.73273e-01	1.05207e-01
7.97923e+04	1.66351e-01	1.00999e-01
8.34773e+04	1.59701e-01	9.69570e-02
8.73326e+04	1.53314e-01	9.30751e-02
9.13659e+04	1.47180e-01	8.93468e-02
9.55855e+04	1.41288e-01	8.57661e-02
1.00000e+05	1.35629e-01	8.23273e-02
1.04618e+05	1.30193e-01	7.90248e-02
1.09450e+05	1.24974e-01	7.58534e-02
1.14505e+05	1.19961e-01	7.28078e-02
1.19793e+05	1.15147e-01	6.98832e-02
1.25325e+05	1.10524e-01	6.70748e-02
1.31113e+05	1.06085e-01	6.43781e-02
1.37169e+05	1.01822e-01	6.17888e-02
1.43504e+05	9.77287e-02	5.93024e-02
1.50131e+05	9.37981e-02	5.69152e-02
1.57065e+05	9.00240e-02	5.46230e-02
1.64318e+05	8.64002e-02	5.24223e-02
1.71907e+05	8.29208e-02	5.03094e-02
1.79846e+05	7.95801e-02	4.82808e-02
1.88152e+05	7.63727e-02	4.63332e-02
1.96842e+05	7.32933e-02	4.44635e-02
2.05933e+05	7.03369e-02	4.26685e-02
2.15444e+05	6.74985e-02	4.09453e-02
2.25393e+05	6.47737e-02	3.92910e-02
2.35803e+05	6.21578e-02	3.77030e-02
2.46693e+05	5.96466e-02	3.61786e-02
2.58086e+05	5.72360e-02	3.47153e-02
2.70006e+05	5.49219e-02	3.33107e-02
2.82475e+05	5.27005e-02	3.19624e-02
2.95521e+05	5.05681e-02	3.06682e-02
3.09169e+05	4.85213e-02	2.94259e-02
3.23448e+05	4.65567e-02	2.82336e-02
3.38386e+05	4.46709e-02	2.70892e-02
3.54013e+05	4.28608e-02	2.59907e-02
3.70363e+05	4.11235e-02	2.49365e-02
3.87468e+05	3.94560e-02	2.39247e-02
4.05362e+05	3.78556e-02	2.29536e-02
4.24083e+05	3.63196e-02	2.20216e-02
4.43669e+05	3.48454e-02	2.11271e-02
4.64159e+05	3.34305e-02	2.02687e-02
4.85595e+05	3.20727e-02	1.94449e-02
5.08022e+05	3.07696e-02	1.86544e-02
5.31484e+05	2.95190e-02	1.78957e-02
5.56030e+05	2.83188e-02	1.71676e-02
5.81709e+05	2.71671e-02	1.64690e-02
6.08574e+05	2.60619e-02	1.57986e-02
6.36680e+05	2.50013e-02	1.51553e-02
6.66085e+05	2.39835e-02	1.45379e-02
6.96847e+05	2.30069e-02	1.39456e-02
7.29030e+05	2.20697e-02	1.33772e-02
7.62699e+05	2.11705e-02	1.28318e-02
7.97923e+05	2.03076e-02	1.23085e-02
8.34773e+05	1.94796e-02	1.18064e-02
8.73326e+05	1.86852e-02	1.13246e-02
9.13659e+05	1.79229e-02	1.08623e-02
9.55855e+05	1.71916e-02	1.04188e-02
1.00000e+06	1.64898e-02	9.99332e-03
