# HCOCHO cross section
256
1.00000e+01	0.00000e+00
1.02746e+01	0.00000e+00
1.05567e+01	0.00000e+00
1.08466e+01	3.05104e-02
1.11445e+01	1.09931e-01
1.14505e+01	1.94033e-01
1.17649e+01	2.82272e-01
1.20880e+01	3.74141e-01
1.24199e+01	4.74181e-01
1.27609e+01	6.32458e-01
1.31113e+01	7.96824e-01
1.34714e+01	9.66472e-01
1.38413e+01	1.14065e+00
1.42214e+01	1.31867e+00
1.46119e+01	1.55355e+00
1.50131e+01	1.79812e+00
1.54254e+01	2.04784e+00
1.58489e+01	2.30180e+00
1.62841e+01	2.61446e+00
1.67313e+01	2.97681e+00
1.71907e+01	3.35005e+00
1.76628e+01	3.80560e+00
1.81478e+01	4.27693e+00
1.86461e+01	4.75629e+00
1.91581e+01	5.24197e+00
1.96842e+01	5.73238e+00
2.02247e+01	6.22604e+00
2.07801e+01	6.72162e+00
2.13507e+01	7.21785e+00
2.19370e+01	7.71357e+00
2.25393e+01	8.20773e+00
2.31583e+01	8.72915e+00
2.37942e+01	9.25259e+00
2.44475e+01	9.77337e+00
2.51189e+01	1.02905e+01
2.58086e+01	1.08029e+01
2.65173e+01	1.13102e+01
2.72455e+01	1.18346e+01
2.79936e+01	1.23534e+01
2.87623e+01	1.28655e+01
2.95521e+01	1.33703e+01
3.03636e+01	1.38670e+01
3.11974e+01	1.43549e+01
3.20540e+01	1.48334e+01
3.29342e+01	1.53020e+01
3.38385e+01	1.57602e+01
3.47677e+01	1.62074e+01
3.57225e+01	1.66433e+01
3.67034e+01	1.70674e+01
3.77112e+01	1.74795e+01
3.87467e+01	1.78793e+01
3.98107e+01	1.82816e+01
4.09039e+01	1.86787e+01
4.20271e+01	1.90639e+01
4.31811e+01	1.94367e+01
4.43669e+01	1.97969e+01
4.55852e+01	2.01442e+01
4.68369e+01	2.04784e+01
4.81230e+01	2.07992e+01
4.94445e+01	2.11065e+01
5.08022e+01	2.14002e+01
5.21972e+01	2.16801e+01
5.36305e+01	2.19462e+01
5.51032e+01	2.21983e+01
5.66163e+01	2.24365e+01
5.81709e+01	2.26608e+01
5.97683e+01	2.28710e+01
6.14095e+01	2.30674e+01
6.30957e+01	2.32499e+01
6.48283e+01	2.34185e+01
6.66085e+01	2.35735e+01
6.84375e+01	2.37148e+01
7.03168e+01	2.38426e+01
7.22476e+01	2.39570e+01
7.42315e+01	2.40582e+01
7.62699e+01	2.41463e+01
7.83642e+01	2.42215e+01
8.05160e+01	2.42840e+01
8.27270e+01	2.43340e+01
8.49986e+01	2.43717e+01
8.73326e+01	2.43972e+01
8.97307e+01	2.44109e+01
9.21947e+01	2.44130e+01
9.47263e+01	2.44036e+01
9.73274e+01	2.43832e+01
1.00000e+02	2.43518e+01
1.02746e+02	2.43098e+01
1.05567e+02	2.42574e+01
1.08466e+02	2.41949e+01
1.11445e+02	2.41227e+01
1.14505e+02	2.40409e+01
1.17649e+02	2.39498e+01
1.20880e+02	2.38498e+01
1.24199e+02	2.37412e+01
1.27609e+02	2.36242e+01
1.31113e+02	2.34991e+01
1.34714e+02	2.33662e+01
1.38413e+02	2.32258e+01
1.42214e+02	2.30782e+01
1.46119e+02	2.29238e+01
1.50131e+02	2.27627e+01
1.54254e+02	2.25953e+01
1.58489e+02	2.24219e+01
1.62841e+02	2.22427e+01
1.67313e+02	2.20581e+01
1.71907e+02	2.18684e+01
1.76628e+02	2.16737e+01
1.81478e+02	2.14744e+01
1.86461e+02	2.12708e+01
1.91581e+02	2.10632e+01
1.96842e+02	2.08517e+01
2.02247e+02	2.06366e+01
2.07801e+02	2.04183e+01
2.13507e+02	2.01970e+01
2.19370e+02	1.99728e+01
2.25393e+02	1.97461e+01
2.31583e+02	1.95171e+01
2.37942e+02	1.92859e+01
2.44476e+02	1.90529e+01
2.51189e+02	1.88183e+01
2.58086e+02	1.85822e+01
2.65173e+02	1.83449e+01
2.72455e+02	1.81065e+01
2.79936e+02	1.78673e+01
2.87623e+02	1.76275e+01
2.95521e+02	1.73871e+01
3.03636e+02	1.71465e+01
3.11974e+02	1.69059e+01
3.20540e+02	1.66656e+01
3.29342e+02	1.64255e+01
3.38385e+02	1.61858e+01
3.47677e+02	1.59466e+01
3.57224e+02	1.57080e+01
3.67034e+02	1.54702e+01
3.77112e+02	1.52333e+01
3.87467e+02	1.49974e+01
3.98107e+02	1.47627e+01
4.09039e+02	1.45291e+01
4.20271e+02	1.42970e+01
4.31811e+02	1.40662e+01
4.43669e+02	1.38370e+01
4.55852e+02	1.36095e+01
4.68369e+02	1.33836e+01
4.81230e+02	1.31595e+01
4.94445e+02	1.29373e+01
5.08022e+02	1.27170e+01
5.21972e+02	1.24987e+01
5.36305e+02	1.22825e+01
5.51032e+02	1.20684e+01
5.66163e+02	1.18564e+01
5.81709e+02	1.16468e+01
5.97683e+02	1.14394e+01
6.14095e+02	1.12343e+01
6.30957e+02	1.10316e+01
6.48283e+02	1.08312e+01
6.66085e+02	1.06333e+01
6.84375e+02	1.04377e+01
7.03168e+02	1.02446e+01
7.22476e+02	1.00540e+01
7.42315e+02	9.86585e+00
7.62699e+02	9.68020e+00
7.83642e+02	9.49706e+00
8.05160e+02	9.31645e+00
8.27270e+02	9.13835e+00
8.49986e+02	8.96279e+00
8.73326e+02	8.78977e+00
8.97307e+02	8.61927e+00
9.21947e+02	8.45131e+00
9.47263e+02	8.28588e+00
9.73274e+02	8.12297e+00
1.00000e+03	7.96257e+00
1.02746e+03	7.80469e+00
1.05567e+03	7.64929e+00
1.08466e+03	7.49639e+00
1.11444e+03	7.34595e+00
1.14505e+03	7.19797e+00
1.17649e+03	7.05244e+00
1.20880e+03	6.90933e+00
1.24199e+03	6.76862e+00
1.27609e+03	6.63030e+00
1.31113e+03	6.49436e+00
1.34714e+03	6.36075e+00
1.38413e+03	6.22948e+00
1.42214e+03	6.10051e+00
1.46119e+03	5.97382e+00
1.50131e+03	5.84938e+00
1.54254e+03	5.72718e+00
1.58489e+03	5.60719e+00
1.62841e+03	5.48938e+00
1.67313e+03	5.37373e+00
1.71907e+03	5.26021e+00
1.76628e+03	5.14879e+00
1.81478e+03	5.03946e+00
1.86461e+03	4.93218e+00
1.91581e+03	4.82692e+00
1.96842e+03	4.72366e+00
2.02247e+03	4.62238e+00
2.07801e+03	4.52303e+00
2.13507e+03	4.42560e+00
2.19370e+03	4.33006e+00
2.25393e+03	4.23638e+00
2.31583e+03	4.14454e+00
2.37942e+03	4.05449e+00
2.44476e+03	3.96623e+00
2.51189e+03	3.87971e+00
2.58086e+03	3.79492e+00
2.65173e+03	3.71182e+00
2.72455e+03	3.63039e+00
2.79936e+03	3.55060e+00
2.87623e+03	3.47243e+00
2.95521e+03	3.39584e+00
3.03636e+03	3.32081e+00
3.11974e+03	3.24731e+00
3.20540e+03	3.17533e+00
3.29342e+03	3.10482e+00
3.38386e+03	3.03577e+00
3.47677e+03	2.96815e+00
3.57224e+03	2.90194e+00
3.67034e+03	2.83710e+00
3.77112e+03	2.77362e+00
3.87468e+03	2.71148e+00
3.98107e+03	2.65063e+00
4.09039e+03	2.59107e+00
4.20271e+03	2.53277e+00
4.31811e+03	2.47571e+00
4.43669e+03	2.41986e+00
4.55852e+03	2.36519e+00
4.68369e+03	2.31170e+00
4.81230e+03	2.25935e+00
4.94445e+03	2.20812e+00
5.08022e+03	2.15799e+00
5.21972e+03	2.10894e+00
5.36305e+03	2.06096e+00
5.51032e+03	2.01401e+00
5.66163e+03	1.96808e+00
5.81709e+03	1.92315e+00
5.97683e+03	1.87919e+00
6.14095e+03	1.83620e+00
6.30957e+03	1.79415e+00
6.48283e+03	1.75301e+00
6.66085e+03	1.71278e+00
6.84375e+03	1.67344e+00
7.03168e+03	1.63496e+00
7.22476e+03	1.59733e+00
7.42315e+03	1.56053e+00
7.62699e+03	1.52454e+00
7.83642e+03	1.48936e+00
8.05160e+03	1.45495e+00
8.27270e+03	1.42131e+00
8.49986e+03	1.38842e+00
8.73326e+03	1.35626e+00
8.97307e+03	1.32482e+00
9.21947e+03	1.29409e+00
9.47263e+03	1.26404e+00
9.73274e+03	1.23467e+00
1.00000e+04	1.20596e+00
