# HCOOCH3 cross section
256
1.00000e+01	0.00000e+00
1.04618e+01	0.00000e+00
1.09450e+01	0.00000e+00
1.14505e+01	7.56172e-02
1.19793e+01	2.51059e-01
1.25325e+01	5.09013e-01
1.31113e+01	7.85036e-01
1.37169e+01	1.11974e+00
1.43504e+01	1.53841e+00
1.50131e+01	2.08223e+00
1.57065e+01	2.73767e+00
1.64318e+01	3.42741e+00
1.71907e+01	4.23395e+00
1.79846e+01	5.12132e+00
1.88152e+01	6.08183e+00
1.96842e+01	7.07805e+00
2.05933e+01	8.08296e+00
2.15444e+01	9.08923e+00
2.25393e+01	1.00973e+01
2.35803e+01	1.11413e+01
2.46693e+01	1.21740e+01
2.58086e+01	1.31902e+01
2.70006e+01	1.41851e+01
2.82475e+01	1.51962e+01
2.95521e+01	1.61827e+01
3.09169e+01	1.71401e+01
3.23448e+01	1.80651e+01
3.38385e+01	1.89548e+01
3.54013e+01	1.98068e+01
3.70363e+01	2.06191e+01
3.87467e+01	2.14062e+01
4.05362e+01	2.21601e+01
4.24083e+01	2.28858e+01
4.43669e+01	2.35692e+01
4.64159e+01	2.42092e+01
4.85595e+01	2.48045e+01
5.08022e+01	2.53547e+01
5.31484e+01	2.58593e+01
5.56030e+01	2.63179e+01
5.81709e+01	2.67307e+01
6.08575e+01	2.70978e+01
6.36681e+01	2.74196e+01
6.66085e+01	2.76965e+01
6.96847e+01	2.79293e+01
7.29030e+01	2.81187e+01
7.62699e+01	2.82658e+01
7.97923e+01	2.83714e+01
8.34773e+01	2.84367e+01
8.73326e+01	2.84631e+01
9.13659e+01	2.84517e+01
9.55855e+01	2.84039e+01
1.00000e+02	2.83212e+01
1.04618e+02	2.82051e+01
1.09450e+02	2.80570e+01
1.14505e+02	2.78785e+01
1.19793e+02	2.76713e+01
1.25325e+02	2.74368e+01
1.31113e+02	2.71768e+01
1.37169e+02	2.68929e+01
1.43504e+02	2.65865e+01
1.50131e+02	2.62595e+01
1.57065e+02	2.59132e+01
1.64318e+02	2.55494e+01
1.71907e+02	2.51694e+01
1.79846e+02	2.47749e+01
1.88152e+02	2.43673e+01
1.96842e+02	2.39480e+01
2.05933e+02	2.35184e+01
2.15444e+02	2.30798e+01
2.25393e+02	2.26336e+01
2.35803e+02	2.21809e+01
2.46693e+02	2.17230e+01
2.58086e+02	2.12610e+01
2.70005e+02	2.07960e+01
2.82475e+02	2.03289e+01
2.95521e+02	1.98608e+01
3.09169e+02	1.93926e+01
3.23448e+02	1.89258e+01
3.38385e+02	1.84605e+01
3.54013e+02	1.79976e+01
3.70363e+02	1.75376e+01
3.87467e+02	1.70813e+01
4.05362e+02	1.66292e+01
4.24083e+02	1.61818e+01
4.43669e+02	1.57397e+01
4.64159e+02	1.53032e+01
4.85595e+02	1.48729e+01
5.08022e+02	1.44490e+01
5.31484e+02	1.40318e+01
5.56030e+02	1.36217e+01
5.81709e+02	1.32191e+01
6.08574e+02	1.28241e+01
6.36681e+02	1.24367e+01
6.66085e+02	1.20572e+01
6.96847e+02	1.16857e+01
7.29029e+02	1.13223e+01
7.62699e+02	1.09670e+01
7.97923e+02	1.06199e+01
8.34773e+02	1.02811e+01
8.73326e+02	9.95040e+00
9.13659e+02	9.62795e+00
9.55855e+02	9.31369e+00
1.00000e+03	9.00757e+00
1.04618e+03	8.70952e+00
1.09450e+03	8.41949e+00
1.14505e+03	8.13738e+00
1.19793e+03	7.86311e+00
1.25325e+03	7.59657e+00
1.31113e+03	7.33766e+00
1.37169e+03	7.08625e+00
1.43504e+03	6.84222e+00
1.50131e+03	6.60545e+00
1.57065e+03	6.37579e+00
1.64318e+03	6.15312e+00
1.71907e+03	5.93729e+00
1.79846e+03	5.72815e+00
1.88152e+03	5.52556e+00
1.96842e+03	5.32937e+00
2.05933e+03	5.13944e+00
2.15443e+03	4.95561e+00
2.25393e+03	4.77774e+00
2.35803e+03	4.60567e+00
2.46693e+03	4.43925e+00
2.58086e+03	4.27834e+00
2.70005e+03	4.12279e+00
2.82475e+03	3.97246e+00
2.95521e+03	3.82719e+00
3.09169e+03	3.68685e+00
3.23448e+03	3.55129e+00
3.38386e+03	3.42039e+00
3.54013e+03	3.29399e+00
3.70363e+03	3.17197e+00
3.87468e+03	3.05419e+00
4.05362e+03	2.94053e+00
4.24083e+03	2.83086e+00
4.43669e+03	2.72505e+00
4.64159e+03	2.62299e+00
4.85595e+03	2.52456e+00
5.08022e+03	2.42963e+00
5.31484e+03	2.33810e+00
5.56030e+03	2.24986e+00
5.81709e+03	2.16479e+00
6.08574e+03	2.08280e+00
6.36681e+03	2.00379e+00
6.66085e+03	1.92764e+00
6.96847e+03	1.85428e+00
7.29030e+03	1.78359e+00
7.62699e+03	1.71550e+00
7.97923e+03	1.64992e+00
8.34773e+03	1.58675e+00
8.73326e+03	1.52591e+00
9.13659e+03	1.46733e+00
9.55855e+03	1.41092e+00
1.00000e+04	1.35662e+00
1.04618e+04	1.30433e+00
1.09450e+04	1.25401e+00
1.14505e+04	1.20556e+00
1.19793e+04	1.15893e+00
1.25325e+04	1.11406e+00
1.31113e+04	1.07087e+00
1.37169e+04	1.02932e+00
1.43504e+04	9.89334e-01
1.50131e+04	9.50863e-01
1.57065e+04	9.13851e-01
1.64318e+04	8.78244e-01
1.71907e+04	8.43992e-01
1.79847e+04	8.11045e-01
1.88152e+04	7.79355e-01
1.96842e+04	7.48875e-01
2.05933e+04	7.19562e-01
2.15443e+04	6.91372e-01
2.25393e+04	6.64263e-01
2.35803e+04	6.38196e-01
2.46693e+04	6.13131e-01
2.58086e+04	5.89032e-01
2.70005e+04	5.65861e-01
2.82475e+04	5.43585e-01
2.95521e+04	5.22170e-01
3.09169e+04	5.01584e-01
3.23448e+04	4.81794e-01
3.38386e+04	4.62772e-01
3.54013e+04	4.44489e-01
3.70363e+04	4.26915e-01
3.87468e+04	4.10025e-01
4.05362e+04	3.93793e-01
4.24083e+04	3.78193e-01
4.43669e+04	3.63201e-01
4.64159e+04	3.48795e-01
4.85595e+04	3.34951e-01
5.08022e+04	3.21649e-01
5.31484e+04	3.08867e-01
5.56030e+04	2.96586e-01
5.81709e+04	2.84787e-01
6.08574e+04	2.73450e-01
6.36681e+04	2.62559e-01
6.66085e+04	2.52096e-01
6.96847e+04	2.42044e-01
7.29029e+04	2.32387e-01
7.62699e+04	2.23112e-01
7.97923e+04	2.14201e-01
8.34773e+04	2.05642e-01
8.73326e+04	1.97421e-01
9.13659e+04	1.89525e-01
9.55855e+04	1.81940e-01
1.00000e+05	1.74656e-01
1.04618e+05	1.67660e-01
1.09450e+05	1.60941e-01
1.14505e+05	1.54488e-01
1.19793e+05	1.48291e-01
1.25325e+05	1.42340e-01
1.31113e+05	1.36625e-01
1.37169e+05	1.31137e-01
1.43504e+05	1.25867e-01
1.50131e+05	1.20807e-01
1.57065e+05	1.15948e-01
1.64318e+05	1.11282e-01
1.71907e+05	1.06803e-01
1.79846e+05	1.02501e-01
1.88152e+05	9.83718e-02
1.96842e+05	9.44070e-02
2.05933e+05	9.06004e-02
2.15444e+05	8.69458e-02
2.25393e+05	8.34373e-02
2.35803e+05	8.00690e-02
2.46693e+05	7.68355e-02
2.58086e+05	7.37313e-02
2.70006e+05	7.07514e-02
2.82475e+05	6.78909e-02
2.95521e+05	6.51450e-02
3.09169e+05	6.25092e-02
3.23448e+05	5.99792e-02
3.38386e+05	5.75506e-02
3.54013e+05	5.52196e-02
3.70363e+05	5.29821e-02
3.87468e+05	5.08346e-02
4.05362e+05	4.87735e-02
4.24083e+05	4.67952e-02
4.43669e+05	4.48965e-02
4.64159e+05	4.30742e-02
4.85595e+05	4.13253e-02
5.08022e+05	3.96468e-02
5.31484e+05	3.80360e-02
5.56030e+05	3.64902e-02
5.81709e+05	3.50067e-02
6.08574e+05	3.35830e-02
6.36680e+05	3.22168e-02
6.66085e+05	3.09058e-02
6.96847e+05	2.96477e-02
7.29030e+05	2.84405e-02
7.62699e+05	2.72821e-02
7.97923e+05	2.61705e-02
8.34773e+05	2.51039e-02
8.73326e+05	2.40804e-02
9.13659e+05	2.30984e-02
9.55855e+05	2.21562e-02
1.00000e+06	2.12521e-02
