# HNC cross section
256
1.00000e+01	0.00000e+00	0.00000e+00
1.02746e+01	0.00000e+00	0.00000e+00
1.05567e+01	0.00000e+00	0.00000e+00
1.08466e+01	0.00000e+00	0.00000e+00
1.11445e+01	0.00000e+00	0.00000e+00
1.14505e+01	0.00000e+00	0.00000e+00
1.17649e+01	0.00000e+00	0.00000e+00
1.20880e+01	0.00000e+00	0.00000e+00
1.24199e+01	3.87485e-02	1.87781e-02
1.27609e+01	1.23610e-01	1.01652e-01
1.31113e+01	2.13145e-01	1.89307e-01
1.34714e+01	3.06749e-01	2.81130e-01
1.38413e+01	4.03861e-01	3.76555e-01
1.42214e+01	5.49022e-01	4.75060e-01
1.46119e+01	7.92032e-01	5.76161e-01
1.50131e+01	1.04490e+00	6.79409e-01
1.54254e+01	1.30619e+00	7.84392e-01
1.58489e+01	1.57456e+00	8.90727e-01
1.62841e+01	1.84877e+00	9.98063e-01
1.67313e+01	2.12768e+00	1.16409e+00
1.71907e+01	2.41024e+00	1.38568e+00
1.76628e+01	2.69547e+00	1.61328e+00
1.81478e+01	2.98248e+00	1.84580e+00
1.86461e+01	3.27045e+00	2.08226e+00
1.91581e+01	3.55860e+00	2.32173e+00
1.96842e+01	3.84623e+00	2.56335e+00
2.02247e+01	4.13270e+00	2.80635e+00
2.07801e+01	4.41741e+00	3.05000e+00
2.13507e+01	4.69982e+00	3.29364e+00
2.19370e+01	4.97941e+00	3.53665e+00
2.25393e+01	5.25572e+00	3.77847e+00
2.31583e+01	5.52834e+00	4.01858e+00
2.37942e+01	5.79686e+00	4.25651e+00
2.44475e+01	6.08750e+00	4.49182e+00
2.51189e+01	6.37755e+00	4.72412e+00
2.58086e+01	6.66397e+00	4.95302e+00
2.65173e+01	6.94628e+00	5.17820e+00
2.72455e+01	7.22403e+00	5.39935e+00
2.79936e+01	7.49680e+00	5.61620e+00
2.87623e+01	7.76423e+00	5.82850e+00
2.95521e+01	8.02599e+00	6.03600e+00
3.03636e+01	8.28175e+00	6.23851e+00
3.11974e+01	8.53125e+00	6.43583e+00
3.20540e+01	8.77424e+00	6.62781e+00
3.29342e+01	9.01049e+00	6.81429e+00
3.38385e+01	9.23980e+00	6.99513e+00
3.47677e+01	9.46730e+00	7.17023e+00
3.57225e+01	9.69724e+00	7.33948e+00
3.67034e+01	9.92054e+00	7.50279e+00
3.77112e+01	1.01370e+01	7.66009e+00
3.87467e+01	1.03464e+01	7.81132e+00
3.98107e+01	1.05485e+01	7.95642e+00
4.09039e+01	1.07432e+01	8.09536e+00
4.20271e+01	1.09304e+01	8.22811e+00
4.31811e+01	1.11099e+01	8.35465e+00
4.43669e+01	1.12817e+01	8.47497e+00
4.55852e+01	1.14457e+01	8.58908e+00
4.68369e+01	1.16018e+01	8.69698e+00
4.81230e+01	1.17500e+01	8.79868e+00
4.94445e+01	1.18902e+01	8.89422e+00
5.08022e+01	1.20224e+01	8.98363e+00
5.21972e+01	1.21467e+01	9.06694e+00
5.36305e+01	1.22631e+01	9.14420e+00
5.51032e+01	1.23715e+01	9.21547e+00
5.66163e+01	1.24720e+01	9.28080e+00
5.81709e+01	1.25648e+01	9.34027e+00
5.97683e+01	1.26497e+01	9.39392e+00
6.14095e+01	1.27270e+01	9.44186e+00
6.30957e+01	1.27966e+01	9.48740e+00
6.48283e+01	1.28587e+01	9.53043e+00
6.66085e+01	1.29133e+01	9.56828e+00
6.84375e+01	1.29606e+01	9.60098e+00
7.03168e+01	1.30007e+01	9.62858e+00
7.22476e+01	1.30337e+01	9.65115e+00
7.42315e+01	1.30596e+01	9.66875e+00
7.62699e+01	1.30787e+01	9.68145e+00
7.83642e+01	1.30911e+01	9.68933e+00
8.05160e+01	1.30969e+01	9.69249e+00
8.27270e+01	1.30963e+01	9.69100e+00
8.49986e+01	1.30893e+01	9.68496e+00
8.73326e+01	1.30763e+01	9.67446e+00
8.97307e+01	1.30572e+01	9.65962e+00
9.21947e+01	1.30322e+01	9.64053e+00
9.47263e+01	1.30016e+01	9.61731e+00
9.73274e+01	1.29655e+01	9.59007e+00
1.00000e+02	1.29240e+01	9.55892e+00
1.02746e+02	1.28774e+01	9.52397e+00
1.05567e+02	1.28257e+01	9.48534e+00
1.08466e+02	1.27691e+01	9.44316e+00
1.11445e+02	1.27079e+01	9.39754e+00
1.14505e+02	1.26422e+01	9.34860e+00
1.17649e+02	1.25721e+01	9.29647e+00
1.20880e+02	1.24978e+01	9.24127e+00
1.24199e+02	1.24195e+01	9.18311e+00
1.27609e+02	1.23374e+01	9.12213e+00
1.31113e+02	1.22515e+01	9.05844e+00
1.34714e+02	1.21622e+01	8.99216e+00
1.38413e+02	1.20696e+01	8.92342e+00
1.42214e+02	1.19737e+01	8.85234e+00
1.46119e+02	1.18749e+01	8.77902e+00
1.50131e+02	1.17731e+01	8.70360e+00
1.54254e+02	1.16687e+01	8.62619e+00
1.58489e+02	1.15617e+01	8.54689e+00
1.62841e+02	1.14523e+01	8.46584e+00
1.67313e+02	1.13407e+01	8.38312e+00
1.71907e+02	1.12269e+01	8.29886e+00
1.76628e+02	1.11112e+01	8.21317e+00
1.81478e+02	1.09937e+01	8.12614e+00
1.86461e+02	1.08745e+01	8.03787e+00
1.91581e+02	1.07538e+01	7.94849e+00
1.96842e+02	1.06317e+01	7.85807e+00
2.02247e+02	1.05083e+01	7.76671e+00
2.07801e+02	1.03838e+01	7.67452e+00
2.13507e+02	1.02583e+01	7.58157e+00
2.19370e+02	1.01318e+01	7.48856e+00
2.25393e+02	1.00046e+01	7.39503e+00
2.31583e+02	9.87663e+00	7.30103e+00
2.37942e+02	9.74814e+00	7.20664e+00
2.44476e+02	9.61920e+00	7.11194e+00
2.51189e+02	9.48991e+00	7.01699e+00
2.58086e+02	9.36036e+00	6.92186e+00
2.65173e+02	9.23065e+00	6.82663e+00
2.72455e+02	9.10088e+00	6.73135e+00
2.79936e+02	8.97113e+00	6.63610e+00
2.87623e+02	8.84148e+00	6.54092e+00
2.95521e+02	8.71203e+00	6.44589e+00
3.03636e+02	8.58285e+00	6.35105e+00
3.11974e+02	8.45411e+00	6.25646e+00
3.20540e+02	8.32590e+00	6.16217e+00
3.29342e+02	8.19818e+00	6.06823e+00
3.38385e+02	8.07103e+00	5.97469e+00
3.47677e+02	7.94449e+00	5.88160e+00
3.57224e+02	7.81864e+00	5.78899e+00
3.67034e+02	7.69353e+00	5.69691e+00
3.77112e+02	7.56920e+00	5.60539e+00
3.87467e+02	7.44572e+00	5.51448e+00
3.98107e+02	7.32312e+00	5.42421e+00
4.09039e+02	7.20145e+00	5.33461e+00
4.20271e+02	7.08075e+00	5.24571e+00
4.31811e+02	6.96114e+00	5.15754e+00
4.43669e+02	6.84261e+00	5.07013e+00
4.55852e+02	6.72518e+00	4.98350e+00
4.68369e+02	6.60886e+00	4.89769e+00
4.81230e+02	6.49370e+00	4.81270e+00
4.94445e+02	6.37971e+00	4.72857e+00
5.08022e+02	6.26692e+00	4.64530e+00
5.21972e+02	6.15536e+00	4.56293e+00
5.36305e+02	6.04504e+00	4.48146e+00
5.51032e+02	5.93598e+00	4.40090e+00
5.66163e+02	5.82821e+00	4.32128e+00
5.81709e+02	5.72173e+00	4.24260e+00
5.97683e+02	5.61656e+00	4.16488e+00
6.14095e+02	5.51271e+00	4.08812e+00
6.30957e+02	5.41019e+00	4.01234e+00
6.48283e+02	5.30902e+00	3.93753e+00
6.66085e+02	5.20919e+00	3.86370e+00
6.84375e+02	5.11072e+00	3.79087e+00
7.03168e+02	5.01360e+00	3.71903e+00
7.22476e+02	4.91785e+00	3.64819e+00
7.42315e+02	4.82346e+00	3.57835e+00
7.62699e+02	4.73044e+00	3.50951e+00
7.83642e+02	4.63878e+00	3.44167e+00
8.05160e+02	4.54849e+00	3.37483e+00
8.27270e+02	4.45955e+00	3.30899e+00
8.49986e+02	4.37198e+00	3.24415e+00
8.73326e+02	4.28576e+00	3.18030e+00
8.97307e+02	4.20089e+00	3.11744e+00
9.21947e+02	4.11736e+00	3.05557e+00
9.47263e+02	4.03517e+00	2.99468e+00
9.73274e+02	3.95431e+00	2.93477e+00
1.00000e+03	3.87476e+00	2.87584e+00
1.02746e+03	3.79654e+00	2.81786e+00
1.05567e+03	3.71961e+00	2.76085e+00
1.08466e+03	3.64398e+00	2.70480e+00
1.11444e+03	3.56963e+00	2.64968e+00
1.14505e+03	3.49656e+00	2.59551e+00
1.17649e+03	3.42475e+00	2.54227e+00
1.20880e+03	3.35418e+00	2.48995e+00
1.24199e+03	3.28486e+00	2.43854e+00
1.27609e+03	3.21676e+00	2.38803e+00
1.31113e+03	3.14987e+00	2.33842e+00
1.34714e+03	3.08418e+00	2.28970e+00
1.38413e+03	3.01968e+00	2.24186e+00
1.42214e+03	2.95635e+00	2.19487e+00
1.46119e+03	2.89418e+00	2.14875e+00
1.50131e+03	2.83316e+00	2.10347e+00
1.54254e+03	2.77326e+00	2.05903e+00
1.58489e+03	2.71448e+00	2.01541e+00
1.62841e+03	2.65681e+00	1.97261e+00
1.67313e+03	2.60022e+00	1.93061e+00
1.71907e+03	2.54470e+00	1.88941e+00
1.76628e+03	2.49024e+00	1.84899e+00
1.81478e+03	2.43683e+00	1.80934e+00
1.86461e+03	2.38444e+00	1.77045e+00
1.91581e+03	2.33306e+00	1.73232e+00
1.96842e+03	2.28269e+00	1.69492e+00
2.02247e+03	2.23330e+00	1.65825e+00
2.07801e+03	2.18488e+00	1.62230e+00
2.13507e+03	2.13741e+00	1.58706e+00
2.19370e+03	2.09088e+00	1.55251e+00
2.25393e+03	2.04528e+00	1.51865e+00
2.31583e+03	2.00058e+00	1.48547e+00
2.37942e+03	1.95678e+00	1.45294e+00
2.44476e+03	1.91386e+00	1.42107e+00
2.51189e+03	1.87181e+00	1.38984e+00
2.58086e+03	1.83061e+00	1.35925e+00
2.65173e+03	1.79025e+00	1.32927e+00
2.72455e+03	1.75070e+00	1.29991e+00
2.79936e+03	1.71197e+00	1.27115e+00
2.87623e+03	1.67404e+00	1.24297e+00
2.95521e+03	1.63688e+00	1.21538e+00
3.03636e+03	1.60050e+00	1.18836e+00
3.11974e+03	1.56487e+00	1.16190e+00
3.20540e+03	1.52998e+00	1.13598e+00
3.29342e+03	1.49581e+00	1.11061e+00
3.38386e+03	1.46236e+00	1.08577e+00
3.47677e+03	1.42962e+00	1.06145e+00
3.57224e+03	1.39756e+00	1.03764e+00
3.67034e+03	1.36617e+00	1.01433e+00
3.77112e+03	1.33546e+00	9.91515e-01
3.87468e+03	1.30539e+00	9.69183e-01
3.98107e+03	1.27596e+00	9.47326e-01
4.09039e+03	1.24716e+00	9.25935e-01
4.20271e+03	1.21897e+00	9.05000e-01
4.31811e+03	1.19138e+00	8.84514e-01
4.43669e+03	1.16439e+00	8.64467e-01
4.55852e+03	1.13798e+00	8.44851e-01
4.68369e+03	1.11214e+00	8.25658e-01
4.81230e+03	1.08685e+00	8.06879e-01
4.94445e+03	1.06211e+00	7.88507e-01
5.08022e+03	1.03791e+00	7.70533e-01
5.21972e+03	1.01424e+00	7.52950e-01
5.36305e+03	9.91077e-01	7.35750e-01
5.51032e+03	9.68422e-01	7.18925e-01
5.66163e+03	9.46261e-01	7.02468e-01
5.81709e+03	9.24586e-01	6.86372e-01
5.97683e+03	9.03386e-01	6.70628e-01
6.14095e+03	8.82652e-01	6.55231e-01
6.30957e+03	8.62374e-01	6.40172e-01
6.48283e+03	8.42544e-01	6.25446e-01
6.66085e+03	8.23151e-01	6.11045e-01
6.84375e+03	8.04187e-01	5.96963e-01
7.03168e+03	7.85643e-01	5.83193e-01
7.22476e+03	7.67511e-01	5.69729e-01
7.42315e+03	7.49782e-01	5.56564e-01
7.62699e+03	7.32447e-01	5.43692e-01
7.83642e+03	7.15499e-01	5.31108e-01
8.05160e+03	6.98929e-01	5.18804e-01
8.27270e+03	6.82729e-01	5.06776e-01
8.49986e+03	6.66893e-01	4.95017e-01
8.73326e+03	6.51411e-01	4.83522e-01
8.97307e+03	6.36276e-01	4.72285e-01
9.21947e+03	6.21482e-01	4.61300e-01
9.47263e+03	6.07021e-01	4.50563e-01
9.73274e+03	5.92886e-01	4.40069e-01
1.00000e+04	5.79069e-01	4.29811e-01
