# HNCS cross section
256
1.00000e+01	6.33709e-03	6.33709e-03
1.04618e+01	2.06316e-01	1.74502e-01
1.09450e+01	5.54790e-01	4.72325e-01
1.14505e+01	9.30311e-01	8.36659e-01
1.19793e+01	1.32722e+00	1.22331e+00
1.25325e+01	1.74053e+00	1.62722e+00
1.31113e+01	2.16587e+00	2.04392e+00
1.37169e+01	2.59940e+00	2.46951e+00
1.43504e+01	3.12192e+00	2.90054e+00
1.50131e+01	3.80432e+00	3.33400e+00
1.57065e+01	4.53997e+00	3.76723e+00
1.64318e+01	5.33699e+00	4.19791e+00
1.71907e+01	6.14649e+00	4.62399e+00
1.79846e+01	6.96190e+00	5.04367e+00
1.88152e+01	7.77748e+00	5.45537e+00
1.96842e+01	8.58819e+00	5.85773e+00
2.05933e+01	9.38961e+00	6.24951e+00
2.15444e+01	1.01779e+01	6.72404e+00
2.25393e+01	1.09515e+01	7.23147e+00
2.35803e+01	1.17575e+01	7.73459e+00
2.46693e+01	1.25459e+01	8.23028e+00
2.58086e+01	1.33137e+01	8.71584e+00
2.70006e+01	1.40579e+01	9.22804e+00
2.82475e+01	1.47762e+01	9.72917e+00
2.95521e+01	1.54898e+01	1.02166e+01
3.09169e+01	1.61857e+01	1.06883e+01
3.23448e+01	1.68526e+01	1.11423e+01
3.38385e+01	1.74886e+01	1.15770e+01
3.54013e+01	1.81009e+01	1.19911e+01
3.70363e+01	1.86968e+01	1.23835e+01
3.87467e+01	1.92599e+01	1.27533e+01
4.05362e+01	1.97889e+01	1.30999e+01
4.24083e+01	2.02829e+01	1.34225e+01
4.43669e+01	2.07412e+01	1.37210e+01
4.64159e+01	2.11631e+01	1.39949e+01
4.85595e+01	2.15483e+01	1.42442e+01
5.08022e+01	2.18967e+01	1.44688e+01
5.31484e+01	2.22084e+01	1.46689e+01
5.56030e+01	2.24834e+01	1.48445e+01
5.81709e+01	2.27221e+01	1.49960e+01
6.08575e+01	2.29249e+01	1.51237e+01
6.36681e+01	2.30924e+01	1.52280e+01
6.66085e+01	2.32253e+01	1.53094e+01
6.96847e+01	2.33243e+01	1.53685e+01
7.29030e+01	2.33904e+01	1.54057e+01
7.62699e+01	2.34243e+01	1.54225e+01
7.97923e+01	2.34271e+01	1.54255e+01
8.34773e+01	2.34000e+01	1.54094e+01
8.73326e+01	2.33439e+01	1.53747e+01
9.13659e+01	2.32601e+01	1.53220e+01
9.55855e+01	2.31497e+01	1.52522e+01
1.00000e+02	2.30141e+01	1.51658e+01
1.04618e+02	2.28544e+01	1.50637e+01
1.09450e+02	2.26720e+01	1.49467e+01
1.14505e+02	2.24682e+01	1.48156e+01
1.19793e+02	2.22441e+01	1.46711e+01
1.25325e+02	2.20012e+01	1.45141e+01
1.31113e+02	2.17408e+01	1.43455e+01
1.37169e+02	2.14641e+01	1.41661e+01
1.43504e+02	2.11724e+01	1.39766e+01
1.50131e+02	2.08669e+01	1.37780e+01
1.57065e+02	2.05489e+01	1.35709e+01
1.64318e+02	2.02196e+01	1.33563e+01
1.71907e+02	1.98801e+01	1.31348e+01
1.79846e+02	1.95317e+01	1.29078e+01
1.88152e+02	1.91773e+01	1.26764e+01
1.96842e+02	1.88164e+01	1.24405e+01
2.05933e+02	1.84500e+01	1.22006e+01
2.15444e+02	1.80789e+01	1.19575e+01
2.25393e+02	1.77039e+01	1.17117e+01
2.35803e+02	1.73261e+01	1.14638e+01
2.46693e+02	1.69463e+01	1.12143e+01
2.58086e+02	1.65656e+01	1.09638e+01
2.70005e+02	1.61844e+01	1.07128e+01
2.82475e+02	1.58034e+01	1.04618e+01
2.95521e+02	1.54232e+01	1.02111e+01
3.09169e+02	1.50446e+01	9.96127e+00
3.23448e+02	1.46683e+01	9.71264e+00
3.38385e+02	1.42946e+01	9.46557e+00
3.54013e+02	1.39240e+01	9.22041e+00
3.70363e+02	1.35569e+01	8.97748e+00
3.87467e+02	1.31938e+01	8.73706e+00
4.05362e+02	1.28351e+01	8.49955e+00
4.24083e+02	1.24811e+01	8.26524e+00
4.43669e+02	1.21322e+01	8.03418e+00
4.64159e+02	1.17886e+01	7.80654e+00
4.85595e+02	1.14505e+01	7.58251e+00
5.08022e+02	1.11182e+01	7.36223e+00
5.31484e+02	1.07919e+01	7.14583e+00
5.56030e+02	1.04716e+01	6.93341e+00
5.81709e+02	1.01576e+01	6.72509e+00
6.08574e+02	9.84990e+00	6.52094e+00
6.36681e+02	9.54867e+00	6.32103e+00
6.66085e+02	9.25394e+00	6.12541e+00
6.96847e+02	8.96579e+00	5.93412e+00
7.29029e+02	8.68423e+00	5.74718e+00
7.62699e+02	8.40929e+00	5.56462e+00
7.97923e+02	8.14097e+00	5.38645e+00
8.34773e+02	7.87926e+00	5.21264e+00
8.73326e+02	7.62413e+00	5.04321e+00
9.13659e+02	7.37555e+00	4.87811e+00
9.55855e+02	7.13347e+00	4.71733e+00
1.00000e+03	6.89784e+00	4.56083e+00
1.04618e+03	6.66858e+00	4.40857e+00
1.09450e+03	6.44562e+00	4.26050e+00
1.14505e+03	6.22889e+00	4.11657e+00
1.19793e+03	6.01828e+00	3.97673e+00
1.25325e+03	5.81372e+00	3.84090e+00
1.31113e+03	5.61510e+00	3.70903e+00
1.37169e+03	5.42231e+00	3.58106e+00
1.43504e+03	5.23526e+00	3.45690e+00
1.50131e+03	5.05383e+00	3.33650e+00
1.57065e+03	4.87791e+00	3.21976e+00
1.64318e+03	4.70738e+00	3.10663e+00
1.71907e+03	4.54213e+00	2.99702e+00
1.79846e+03	4.38205e+00	2.89085e+00
1.88152e+03	4.22701e+00	2.78805e+00
1.96842e+03	4.07690e+00	2.68854e+00
2.05933e+03	3.93159e+00	2.59223e+00
2.15443e+03	3.79098e+00	2.49905e+00
2.25393e+03	3.65493e+00	2.40892e+00
2.35803e+03	3.52334e+00	2.32176e+00
2.46693e+03	3.39608e+00	2.23749e+00
2.58086e+03	3.27304e+00	2.15603e+00
2.70005e+03	3.15411e+00	2.07731e+00
2.82475e+03	3.03917e+00	2.00125e+00
2.95521e+03	2.92811e+00	1.92777e+00
3.09169e+03	2.82082e+00	1.85681e+00
3.23448e+03	2.71719e+00	1.78828e+00
3.38386e+03	2.61712e+00	1.72212e+00
3.54013e+03	2.52049e+00	1.65825e+00
3.70363e+03	2.42720e+00	1.59661e+00
3.87468e+03	2.33716e+00	1.53713e+00
4.05362e+03	2.25027e+00	1.47974e+00
4.24083e+03	2.16642e+00	1.42437e+00
4.43669e+03	2.08552e+00	1.37097e+00
4.64159e+03	2.00749e+00	1.31947e+00
4.85595e+03	1.93222e+00	1.26980e+00
5.08022e+03	1.85963e+00	1.22192e+00
5.31484e+03	1.78964e+00	1.17576e+00
5.56030e+03	1.72216e+00	1.13127e+00
5.81709e+03	1.65711e+00	1.08838e+00
6.08574e+03	1.59440e+00	1.04705e+00
6.36681e+03	1.53396e+00	1.00723e+00
6.66085e+03	1.47572e+00	9.68864e-01
6.96847e+03	1.41960e+00	9.31902e-01
7.29030e+03	1.36553e+00	8.96297e-01
7.62699e+03	1.31344e+00	8.62003e-01
7.97923e+03	1.26327e+00	8.28974e-01
8.34773e+03	1.21494e+00	7.97168e-01
8.73326e+03	1.16839e+00	7.66542e-01
9.13659e+03	1.12357e+00	7.37054e-01
9.55855e+03	1.08041e+00	7.08664e-01
1.00000e+04	1.03885e+00	6.81334e-01
1.04618e+04	9.98837e-01	6.55027e-01
1.09450e+04	9.60319e-01	6.29706e-01
1.14505e+04	9.23242e-01	6.05336e-01
1.19793e+04	8.87555e-01	5.81883e-01
1.25325e+04	8.53207e-01	5.59314e-01
1.31113e+04	8.20152e-01	5.37597e-01
1.37169e+04	7.88342e-01	5.16702e-01
1.43504e+04	7.57733e-01	4.96599e-01
1.50131e+04	7.28281e-01	4.77258e-01
1.57065e+04	6.99945e-01	4.58653e-01
1.64318e+04	6.72685e-01	4.40756e-01
1.71907e+04	6.46460e-01	4.23542e-01
1.79847e+04	6.21234e-01	4.06985e-01
1.88152e+04	5.96969e-01	3.91061e-01
1.96842e+04	5.73630e-01	3.75746e-01
2.05933e+04	5.51184e-01	3.61019e-01
2.15443e+04	5.29597e-01	3.46858e-01
2.25393e+04	5.08838e-01	3.33241e-01
2.35803e+04	4.88875e-01	3.20147e-01
2.46693e+04	4.69680e-01	3.07559e-01
2.58086e+04	4.51223e-01	2.95456e-01
2.70005e+04	4.33478e-01	2.83821e-01
2.82475e+04	4.16417e-01	2.72635e-01
2.95521e+04	4.00015e-01	2.61883e-01
3.09169e+04	3.84248e-01	2.51547e-01
3.23448e+04	3.69090e-01	2.41612e-01
3.38386e+04	3.54520e-01	2.32063e-01
3.54013e+04	3.40516e-01	2.22885e-01
3.70363e+04	3.27055e-01	2.14064e-01
3.87468e+04	3.14117e-01	2.05587e-01
4.05362e+04	3.01683e-01	1.97440e-01
4.24083e+04	2.89733e-01	1.89612e-01
4.43669e+04	2.78249e-01	1.82089e-01
4.64159e+04	2.67213e-01	1.74860e-01
4.85595e+04	2.56608e-01	1.67913e-01
5.08022e+04	2.46418e-01	1.61239e-01
5.31484e+04	2.36626e-01	1.54827e-01
5.56030e+04	2.27218e-01	1.48665e-01
5.81709e+04	2.18179e-01	1.42746e-01
6.08574e+04	2.09494e-01	1.37059e-01
6.36681e+04	2.01150e-01	1.31596e-01
6.66085e+04	1.93134e-01	1.26348e-01
6.96847e+04	1.85433e-01	1.21306e-01
7.29029e+04	1.78035e-01	1.16463e-01
7.62699e+04	1.70929e-01	1.11810e-01
7.97923e+04	1.64102e-01	1.07342e-01
8.34773e+04	1.57545e-01	1.03050e-01
8.73326e+04	1.51247e-01	9.89272e-02
9.13659e+04	1.45197e-01	9.49676e-02
9.55855e+04	1.39386e-01	9.11646e-02
1.00000e+05	1.33805e-01	8.75121e-02
1.04618e+05	1.28445e-01	8.40044e-02
1.09450e+05	1.23297e-01	8.06357e-02
1.14505e+05	1.18354e-01	7.74005e-02
1.19793e+05	1.13606e-01	7.42938e-02
1.25325e+05	1.09046e-01	7.13104e-02
1.31113e+05	1.04668e-01	6.84455e-02
1.37169e+05	1.00463e-01	6.56945e-02
1.43504e+05	9.64255e-02	6.30530e-02
1.50131e+05	9.25486e-02	6.05166e-02
1.57065e+05	8.88259e-02	5.80811e-02
1.64318e+05	8.52515e-02	5.57427e-02
1.71907e+05	8.18194e-02	5.34975e-02
1.79846e+05	7.85241e-02	5.13419e-02
1.88152e+05	7.53602e-02	4.92723e-02
1.96842e+05	7.23225e-02	4.72853e-02
2.05933e+05	6.94061e-02	4.53777e-02
2.15444e+05	6.66062e-02	4.35463e-02
2.25393e+05	6.39181e-02	4.17881e-02
2.35803e+05	6.13376e-02	4.01003e-02
2.46693e+05	5.88602e-02	3.84801e-02
2.58086e+05	5.64820e-02	3.69247e-02
2.70006e+05	5.41990e-02	3.54316e-02
2.82475e+05	5.20075e-02	3.39984e-02
2.95521e+05	4.99038e-02	3.26226e-02
3.09169e+05	4.78844e-02	3.13020e-02
3.23448e+05	4.59461e-02	3.00345e-02
3.38386e+05	4.40855e-02	2.88178e-02
3.54013e+05	4.22997e-02	2.76500e-02
3.70363e+05	4.05855e-02	2.65292e-02
3.87468e+05	3.89403e-02	2.54534e-02
4.05362e+05	3.73612e-02	2.44209e-02
4.24083e+05	3.58456e-02	2.34299e-02
4.43669e+05	3.43910e-02	2.24788e-02
4.64159e+05	3.29950e-02	2.15660e-02
4.85595e+05	3.16552e-02	2.06900e-02
5.08022e+05	3.03693e-02	1.98493e-02
5.31484e+05	2.91353e-02	1.90425e-02
5.56030e+05	2.79511e-02	1.82683e-02
5.81709e+05	2.68146e-02	1.75252e-02
6.08574e+05	2.57239e-02	1.68122e-02
6.36680e+05	2.46773e-02	1.61280e-02
6.66085e+05	2.36730e-02	1.54714e-02
6.96847e+05	2.27092e-02	1.48414e-02
7.29030e+05	2.17844e-02	1.42368e-02
7.62699e+05	2.08970e-02	1.36567e-02
7.97923e+05	2.00455e-02	1.31001e-02
8.34773e+05	1.92284e-02	1.25659e-02
8.73326e+05	1.84444e-02	1.20534e-02
9.13659e+05	1.76921e-02	1.15617e-02
9.55855e+05	1.69703e-02	1.10899e-02
1.00000e+06	1.62778e-02	1.06372e-02
