# HNO cross section
256
1.00000e+01	0.00000e+00	0.00000e+00
1.02746e+01	0.00000e+00	0.00000e+00
1.05567e+01	2.39451e-02	6.33338e-02
1.08466e+01	1.00021e-01	1.43206e-01
1.11445e+01	1.80694e-01	2.27484e-01
1.14505e+01	2.65441e-01	3.15658e-01
1.17649e+01	3.53778e-01	4.07253e-01
1.20880e+01	4.45254e-01	5.01831e-01
1.24199e+01	5.39456e-01	5.98986e-01
1.27609e+01	6.35998e-01	6.98341e-01
1.31113e+01	7.34523e-01	7.99550e-01
1.34714e+01	8.34702e-01	9.02288e-01
1.38413e+01	9.36229e-01	1.00626e+00
1.42214e+01	1.03882e+00	1.11118e+00
1.46119e+01	1.14222e+00	1.21681e+00
1.50131e+01	1.24617e+00	1.32289e+00
1.54254e+01	1.35046e+00	1.42922e+00
1.58489e+01	1.45488e+00	1.53558e+00
1.62841e+01	1.57551e+00	1.64179e+00
1.67313e+01	1.73927e+00	1.74768e+00
1.71907e+01	1.93878e+00	1.85308e+00
1.76628e+01	2.14268e+00	1.95784e+00
1.81478e+01	2.35018e+00	2.06182e+00
1.86461e+01	2.59237e+00	2.16488e+00
1.91581e+01	2.84556e+00	2.26692e+00
1.96842e+01	3.10237e+00	2.36781e+00
2.02247e+01	3.36194e+00	2.46746e+00
2.07801e+01	3.62348e+00	2.56576e+00
2.13507e+01	3.88625e+00	2.66263e+00
2.19370e+01	4.14957e+00	2.75797e+00
2.25393e+01	4.41281e+00	2.85172e+00
2.31583e+01	4.67538e+00	2.94380e+00
2.37942e+01	4.93676e+00	3.03414e+00
2.44475e+01	5.19643e+00	3.12268e+00
2.51189e+01	5.45395e+00	3.20937e+00
2.58086e+01	5.70888e+00	3.29413e+00
2.65173e+01	5.96085e+00	3.37693e+00
2.72455e+01	6.21179e+00	3.46213e+00
2.79936e+01	6.47693e+00	3.56220e+00
2.87623e+01	6.73926e+00	3.66136e+00
2.95521e+01	6.99834e+00	3.76995e+00
3.03636e+01	7.25376e+00	3.88796e+00
3.11974e+01	7.50516e+00	4.00556e+00
3.20540e+01	7.75219e+00	4.12245e+00
3.29342e+01	7.99455e+00	4.23831e+00
3.38385e+01	8.23195e+00	4.35290e+00
3.47677e+01	8.46413e+00	4.46596e+00
3.57225e+01	8.69085e+00	4.57726e+00
3.67034e+01	8.91190e+00	4.68660e+00
3.77112e+01	9.12708e+00	4.79776e+00
3.87467e+01	9.33622e+00	4.91617e+00
3.98107e+01	9.53916e+00	5.03279e+00
4.09039e+01	9.73575e+00	5.14738e+00
4.20271e+01	9.93063e+00	5.25971e+00
4.31811e+01	1.01246e+01	5.36958e+00
4.43669e+01	1.03123e+01	5.47680e+00
4.55852e+01	1.04938e+01	5.58121e+00
4.68369e+01	1.06688e+01	5.68265e+00
4.81230e+01	1.08372e+01	5.78098e+00
4.94445e+01	1.09990e+01	5.87609e+00
5.08022e+01	1.11539e+01	5.96786e+00
5.21972e+01	1.13020e+01	6.05620e+00
5.36305e+01	1.14431e+01	6.14104e+00
5.51032e+01	1.15773e+01	6.22229e+00
5.66163e+01	1.17045e+01	6.29989e+00
5.81709e+01	1.18246e+01	6.37381e+00
5.97683e+01	1.19377e+01	6.44398e+00
6.14095e+01	1.20437e+01	6.51039e+00
6.30957e+01	1.21427e+01	6.57301e+00
6.48283e+01	1.22347e+01	6.63182e+00
6.66085e+01	1.23196e+01	6.68682e+00
6.84375e+01	1.23977e+01	6.73799e+00
7.03168e+01	1.24687e+01	6.78535e+00
7.22476e+01	1.25330e+01	6.82891e+00
7.42315e+01	1.25904e+01	6.86868e+00
7.62699e+01	1.26411e+01	6.90469e+00
7.83642e+01	1.26851e+01	6.93696e+00
8.05160e+01	1.27226e+01	6.96553e+00
8.27270e+01	1.27536e+01	6.99043e+00
8.49986e+01	1.27782e+01	7.01171e+00
8.73326e+01	1.27965e+01	7.02940e+00
8.97307e+01	1.28086e+01	7.04356e+00
9.21947e+01	1.28146e+01	7.05424e+00
9.47263e+01	1.28147e+01	7.06150e+00
9.73274e+01	1.28090e+01	7.06539e+00
1.00000e+02	1.27975e+01	7.06599e+00
1.02746e+02	1.27804e+01	7.06334e+00
1.05567e+02	1.27579e+01	7.05752e+00
1.08466e+02	1.27301e+01	7.04860e+00
1.11445e+02	1.26971e+01	7.03665e+00
1.14505e+02	1.26590e+01	7.02174e+00
1.17649e+02	1.26160e+01	7.00395e+00
1.20880e+02	1.25682e+01	6.98335e+00
1.24199e+02	1.25159e+01	6.96002e+00
1.27609e+02	1.24590e+01	6.93405e+00
1.31113e+02	1.23978e+01	6.90633e+00
1.34714e+02	1.23325e+01	6.87689e+00
1.38413e+02	1.22631e+01	6.84511e+00
1.42214e+02	1.21898e+01	6.81106e+00
1.46119e+02	1.21128e+01	6.77481e+00
1.50131e+02	1.20322e+01	6.73643e+00
1.54254e+02	1.19482e+01	6.69600e+00
1.58489e+02	1.18609e+01	6.65359e+00
1.62841e+02	1.17705e+01	6.60928e+00
1.67313e+02	1.16770e+01	6.56313e+00
1.71907e+02	1.15808e+01	6.51523e+00
1.76628e+02	1.14818e+01	6.46566e+00
1.81478e+02	1.13803e+01	6.41448e+00
1.86461e+02	1.12763e+01	6.36178e+00
1.91581e+02	1.11701e+01	6.30762e+00
1.96842e+02	1.10617e+01	6.25209e+00
2.02247e+02	1.09514e+01	6.19525e+00
2.07801e+02	1.08392e+01	6.13719e+00
2.13507e+02	1.07252e+01	6.07797e+00
2.19370e+02	1.06097e+01	6.01767e+00
2.25393e+02	1.04926e+01	5.95636e+00
2.31583e+02	1.03743e+01	5.89410e+00
2.37942e+02	1.02546e+01	5.83097e+00
2.44476e+02	1.01339e+01	5.76704e+00
2.51189e+02	1.00122e+01	5.70237e+00
2.58086e+02	9.88958e+00	5.63702e+00
2.65173e+02	9.76620e+00	5.57107e+00
2.72455e+02	9.64215e+00	5.50457e+00
2.79936e+02	9.51753e+00	5.43758e+00
2.87623e+02	9.39245e+00	5.37017e+00
2.95521e+02	9.26701e+00	5.30238e+00
3.03636e+02	9.14130e+00	5.23429e+00
3.11974e+02	9.01542e+00	5.16593e+00
3.20540e+02	8.88944e+00	5.09737e+00
3.29342e+02	8.76346e+00	5.02866e+00
3.38385e+02	8.63756e+00	4.95985e+00
3.47677e+02	8.51182e+00	4.89098e+00
3.57224e+02	8.38631e+00	4.82210e+00
3.67034e+02	8.26111e+00	4.75325e+00
3.77112e+02	8.13629e+00	4.68449e+00
3.87467e+02	8.01192e+00	4.61584e+00
3.98107e+02	7.88806e+00	4.54736e+00
4.09039e+02	7.76476e+00	4.47907e+00
4.20271e+02	7.64210e+00	4.41102e+00
4.31811e+02	7.52016e+00	4.34324e+00
4.43669e+02	7.39903e+00	4.27577e+00
4.55852e+02	7.27869e+00	4.20863e+00
4.68369e+02	7.15919e+00	4.14186e+00
4.81230e+02	7.04057e+00	4.07548e+00
4.94445e+02	6.92289e+00	4.00953e+00
5.08022e+02	6.80617e+00	3.94402e+00
5.21972e+02	6.69044e+00	3.87899e+00
5.36305e+02	6.57576e+00	3.81446e+00
5.51032e+02	6.46214e+00	3.75044e+00
5.66163e+02	6.34964e+00	3.68696e+00
5.81709e+02	6.23832e+00	3.62404e+00
5.97683e+02	6.12814e+00	3.56170e+00
6.14095e+02	6.01915e+00	3.49995e+00
6.30957e+02	5.91135e+00	3.43881e+00
6.48283e+02	5.80478e+00	3.37830e+00
6.66085e+02	5.69944e+00	3.31841e+00
6.84375e+02	5.59535e+00	3.25918e+00
7.03168e+02	5.49253e+00	3.20061e+00
7.22476e+02	5.39099e+00	3.14271e+00
7.42315e+02	5.29074e+00	3.08549e+00
7.62699e+02	5.19179e+00	3.02895e+00
7.83642e+02	5.09414e+00	2.97317e+00
8.05160e+02	4.99782e+00	2.91809e+00
8.27270e+02	4.90281e+00	2.86371e+00
8.49986e+02	4.80912e+00	2.81005e+00
8.73326e+02	4.71676e+00	2.75711e+00
8.97307e+02	4.62573e+00	2.70488e+00
9.21947e+02	4.53603e+00	2.65338e+00
9.47263e+02	4.44765e+00	2.60261e+00
9.73274e+02	4.36060e+00	2.55255e+00
1.00000e+03	4.27488e+00	2.50322e+00
1.02746e+03	4.19048e+00	2.45462e+00
1.05567e+03	4.10739e+00	2.40674e+00
1.08466e+03	4.02561e+00	2.35958e+00
1.11444e+03	3.94514e+00	2.31315e+00
1.14505e+03	3.86596e+00	2.26743e+00
1.17649e+03	3.78808e+00	2.22243e+00
1.20880e+03	3.71148e+00	2.17814e+00
1.24199e+03	3.63615e+00	2.13456e+00
1.27609e+03	3.56209e+00	2.09169e+00
1.31113e+03	3.48928e+00	2.04951e+00
1.34714e+03	3.41772e+00	2.00804e+00
1.38413e+03	3.34739e+00	1.96726e+00
1.42214e+03	3.27829e+00	1.92716e+00
1.46119e+03	3.21040e+00	1.88774e+00
1.50131e+03	3.14370e+00	1.84900e+00
1.54254e+03	3.07820e+00	1.81093e+00
1.58489e+03	3.01387e+00	1.77353e+00
1.62841e+03	2.95070e+00	1.73678e+00
1.67313e+03	2.88868e+00	1.70068e+00
1.71907e+03	2.82779e+00	1.66522e+00
1.76628e+03	2.76803e+00	1.63040e+00
1.81478e+03	2.70938e+00	1.59621e+00
1.86461e+03	2.65182e+00	1.56265e+00
1.91581e+03	2.59534e+00	1.52970e+00
1.96842e+03	2.53992e+00	1.49735e+00
2.02247e+03	2.48556e+00	1.46561e+00
2.07801e+03	2.43224e+00	1.43446e+00
2.13507e+03	2.37994e+00	1.40390e+00
2.19370e+03	2.32864e+00	1.37391e+00
2.25393e+03	2.27835e+00	1.34449e+00
2.31583e+03	2.22903e+00	1.31564e+00
2.37942e+03	2.18067e+00	1.28734e+00
2.44476e+03	2.13327e+00	1.25958e+00
2.51189e+03	2.08680e+00	1.23236e+00
2.58086e+03	2.04126e+00	1.20568e+00
2.65173e+03	1.99662e+00	1.17951e+00
2.72455e+03	1.95287e+00	1.15386e+00
2.79936e+03	1.91001e+00	1.12872e+00
2.87623e+03	1.86800e+00	1.10408e+00
2.95521e+03	1.82685e+00	1.07993e+00
3.03636e+03	1.78653e+00	1.05626e+00
3.11974e+03	1.74703e+00	1.03306e+00
3.20540e+03	1.70835e+00	1.01034e+00
3.29342e+03	1.67045e+00	9.88072e-01
3.38386e+03	1.63334e+00	9.66259e-01
3.47677e+03	1.59699e+00	9.44890e-01
3.57224e+03	1.56140e+00	9.23959e-01
3.67034e+03	1.52654e+00	9.03458e-01
3.77112e+03	1.49242e+00	8.83379e-01
3.87468e+03	1.45900e+00	8.63715e-01
3.98107e+03	1.42629e+00	8.44459e-01
4.09039e+03	1.39427e+00	8.25603e-01
4.20271e+03	1.36292e+00	8.07141e-01
4.31811e+03	1.33223e+00	7.89065e-01
4.43669e+03	1.30220e+00	7.71369e-01
4.55852e+03	1.27280e+00	7.54045e-01
4.68369e+03	1.24403e+00	7.37086e-01
4.81230e+03	1.21588e+00	7.20487e-01
4.94445e+03	1.18832e+00	7.04239e-01
5.08022e+03	1.16136e+00	6.88337e-01
5.21972e+03	1.13498e+00	6.72775e-01
5.36305e+03	1.10917e+00	6.57545e-01
5.51032e+03	1.08392e+00	6.42641e-01
5.66163e+03	1.05921e+00	6.28057e-01
5.81709e+03	1.03504e+00	6.13788e-01
5.97683e+03	1.01140e+00	5.99826e-01
6.14095e+03	9.88267e-01	5.86166e-01
6.30957e+03	9.65643e-01	5.72802e-01
6.48283e+03	9.43514e-01	5.59729e-01
6.66085e+03	9.21869e-01	5.46940e-01
6.84375e+03	9.00700e-01	5.34429e-01
7.03168e+03	8.79997e-01	5.22192e-01
7.22476e+03	8.59750e-01	5.10223e-01
7.42315e+03	8.39950e-01	4.98516e-01
7.62699e+03	8.20588e-01	4.87067e-01
7.83642e+03	8.01654e-01	4.75869e-01
8.05160e+03	7.83141e-01	4.64919e-01
8.27270e+03	7.65039e-01	4.54210e-01
8.49986e+03	7.47340e-01	4.43738e-01
8.73326e+03	7.30036e-01	4.33498e-01
8.97307e+03	7.13118e-01	4.23485e-01
9.21947e+03	6.96578e-01	4.13695e-01
9.47263e+03	6.80409e-01	4.04123e-01
9.73274e+03	6.64602e-01	3.94765e-01
1.00000e+04	6.49150e-01	3.85615e-01
