# HOCO cross section
256
1.00000e+01	8.88981e-03	0.00000e+00
1.02746e+01	5.06177e-02	2.29935e-02
1.05567e+01	9.49180e-02	6.47536e-02
1.08466e+01	1.41499e-01	1.08922e-01
1.11445e+01	1.90092e-01	1.55221e-01
1.14505e+01	2.40446e-01	2.03393e-01
1.17649e+01	2.92330e-01	2.53201e-01
1.20880e+01	3.45529e-01	3.04423e-01
1.24199e+01	3.99846e-01	3.56856e-01
1.27609e+01	4.55097e-01	4.10310e-01
1.31113e+01	5.11111e-01	4.64610e-01
1.34714e+01	5.86863e-01	5.19594e-01
1.38413e+01	7.24417e-01	5.75112e-01
1.42214e+01	8.72372e-01	6.31024e-01
1.46119e+01	1.03147e+00	6.87203e-01
1.50131e+01	1.21332e+00	7.43528e-01
1.54254e+01	1.40007e+00	7.99889e-01
1.58489e+01	1.59096e+00	8.56184e-01
1.62841e+01	1.78633e+00	9.12317e-01
1.67313e+01	2.01094e+00	9.68200e-01
1.71907e+01	2.27920e+00	1.02375e+00
1.76628e+01	2.58914e+00	1.07890e+00
1.81478e+01	2.90717e+00	1.13356e+00
1.86461e+01	3.24657e+00	1.18769e+00
1.91581e+01	3.59544e+00	1.24521e+00
1.96842e+01	3.94871e+00	1.32297e+00
2.02247e+01	4.30527e+00	1.42077e+00
2.07801e+01	4.66409e+00	1.52732e+00
2.13507e+01	5.02421e+00	1.63557e+00
2.19370e+01	5.38475e+00	1.74514e+00
2.25393e+01	5.74489e+00	1.85566e+00
2.31583e+01	6.10546e+00	1.96680e+00
2.37942e+01	6.47633e+00	2.08281e+00
2.44475e+01	6.85631e+00	2.20721e+00
2.51189e+01	7.23631e+00	2.33208e+00
2.58086e+01	7.61390e+00	2.45707e+00
2.65173e+01	7.98841e+00	2.58187e+00
2.72455e+01	8.35921e+00	2.70618e+00
2.79936e+01	8.72569e+00	2.82975e+00
2.87623e+01	9.08734e+00	2.95232e+00
2.95521e+01	9.44364e+00	3.07367e+00
3.03636e+01	9.79415e+00	3.19359e+00
3.11974e+01	1.01384e+01	3.31188e+00
3.20540e+01	1.04761e+01	3.43284e+00
3.29342e+01	1.08069e+01	3.55655e+00
3.38385e+01	1.11303e+01	3.67978e+00
3.47677e+01	1.14462e+01	3.81302e+00
3.57225e+01	1.17542e+01	3.94745e+00
3.67034e+01	1.20542e+01	4.08041e+00
3.77112e+01	1.23458e+01	4.22246e+00
3.87467e+01	1.26327e+01	4.36486e+00
3.98107e+01	1.29182e+01	4.50565e+00
4.09039e+01	1.31990e+01	4.64454e+00
4.20271e+01	1.34781e+01	4.78123e+00
4.31811e+01	1.37497e+01	4.91548e+00
4.43669e+01	1.40129e+01	5.05115e+00
4.55852e+01	1.42676e+01	5.18541e+00
4.68369e+01	1.45134e+01	5.31686e+00
4.81230e+01	1.47503e+01	5.44528e+00
4.94445e+01	1.49780e+01	5.57048e+00
5.08022e+01	1.51964e+01	5.69228e+00
5.21972e+01	1.54055e+01	5.81054e+00
5.36305e+01	1.56051e+01	5.92510e+00
5.51032e+01	1.57950e+01	6.03587e+00
5.66163e+01	1.59754e+01	6.14271e+00
5.81709e+01	1.61461e+01	6.24555e+00
5.97683e+01	1.63071e+01	6.34430e+00
6.14095e+01	1.64584e+01	6.43890e+00
6.30957e+01	1.66001e+01	6.52928e+00
6.48283e+01	1.67320e+01	6.61540e+00
6.66085e+01	1.68543e+01	6.69724e+00
6.84375e+01	1.69670e+01	6.77475e+00
7.03168e+01	1.70702e+01	6.84792e+00
7.22476e+01	1.71638e+01	6.91675e+00
7.42315e+01	1.72481e+01	6.98123e+00
7.62699e+01	1.73231e+01	7.04137e+00
7.83642e+01	1.73888e+01	7.09718e+00
8.05160e+01	1.74455e+01	7.14869e+00
8.27270e+01	1.74932e+01	7.19591e+00
8.49986e+01	1.75320e+01	7.23888e+00
8.73326e+01	1.75621e+01	7.27764e+00
8.97307e+01	1.75836e+01	7.31222e+00
9.21947e+01	1.75967e+01	7.34391e+00
9.47263e+01	1.76015e+01	7.37188e+00
9.73274e+01	1.75983e+01	7.39590e+00
1.00000e+02	1.75870e+01	7.41601e+00
1.02746e+02	1.75680e+01	7.43293e+00
1.05567e+02	1.75414e+01	7.44665e+00
1.08466e+02	1.75073e+01	7.45669e+00
1.11445e+02	1.74660e+01	7.46312e+00
1.14505e+02	1.74177e+01	7.46598e+00
1.17649e+02	1.73625e+01	7.46534e+00
1.20880e+02	1.73007e+01	7.46127e+00
1.24199e+02	1.72324e+01	7.45383e+00
1.27609e+02	1.71578e+01	7.44311e+00
1.31113e+02	1.70772e+01	7.42917e+00
1.34714e+02	1.69907e+01	7.41210e+00
1.38413e+02	1.68986e+01	7.39197e+00
1.42214e+02	1.68011e+01	7.36888e+00
1.46119e+02	1.66982e+01	7.34289e+00
1.50131e+02	1.65904e+01	7.31410e+00
1.54254e+02	1.64777e+01	7.28260e+00
1.58489e+02	1.63604e+01	7.24848e+00
1.62841e+02	1.62387e+01	7.21181e+00
1.67313e+02	1.61127e+01	7.17270e+00
1.71907e+02	1.59827e+01	7.13123e+00
1.76628e+02	1.58490e+01	7.08749e+00
1.81478e+02	1.57115e+01	7.04157e+00
1.86461e+02	1.55707e+01	6.99357e+00
1.91581e+02	1.54266e+01	6.94358e+00
1.96842e+02	1.52795e+01	6.89167e+00
2.02247e+02	1.51296e+01	6.83795e+00
2.07801e+02	1.49769e+01	6.78250e+00
2.13507e+02	1.48218e+01	6.72541e+00
2.19370e+02	1.46644e+01	6.66677e+00
2.25393e+02	1.45048e+01	6.60665e+00
2.31583e+02	1.43433e+01	6.54516e+00
2.37942e+02	1.41800e+01	6.48236e+00
2.44476e+02	1.40151e+01	6.41835e+00
2.51189e+02	1.38487e+01	6.35320e+00
2.58086e+02	1.36811e+01	6.28700e+00
2.65173e+02	1.35122e+01	6.21982e+00
2.72455e+02	1.33424e+01	6.15174e+00
2.79936e+02	1.31717e+01	6.08283e+00
2.87623e+02	1.30003e+01	6.01316e+00
2.95521e+02	1.28283e+01	5.94282e+00
3.03636e+02	1.26559e+01	5.87187e+00
3.11974e+02	1.24832e+01	5.80037e+00
3.20540e+02	1.23105e+01	5.72839e+00
3.29342e+02	1.21377e+01	5.65601e+00
3.38385e+02	1.19650e+01	5.58326e+00
3.47677e+02	1.17924e+01	5.51024e+00
3.57224e+02	1.16201e+01	5.43698e+00
3.67034e+02	1.14481e+01	5.36354e+00
3.77112e+02	1.12767e+01	5.28999e+00
3.87467e+02	1.11058e+01	5.21637e+00
3.98107e+02	1.09355e+01	5.14273e+00
4.09039e+02	1.07660e+01	5.06913e+00
4.20271e+02	1.05973e+01	4.99561e+00
4.31811e+02	1.04295e+01	4.92221e+00
4.43669e+02	1.02626e+01	4.84899e+00
4.55852e+02	1.00968e+01	4.77598e+00
4.68369e+02	9.93213e+00	4.70322e+00
4.81230e+02	9.76861e+00	4.63075e+00
4.94445e+02	9.60632e+00	4.55860e+00
5.08022e+02	9.44531e+00	4.48682e+00
5.21972e+02	9.28564e+00	4.41544e+00
5.36305e+02	9.12736e+00	4.34448e+00
5.51032e+02	8.97052e+00	4.27397e+00
5.66163e+02	8.81519e+00	4.20395e+00
5.81709e+02	8.66147e+00	4.13444e+00
5.97683e+02	8.50930e+00	4.06546e+00
6.14095e+02	8.35874e+00	3.99705e+00
6.30957e+02	8.20980e+00	3.92921e+00
6.48283e+02	8.06251e+00	3.86198e+00
6.66085e+02	7.91691e+00	3.79536e+00
6.84375e+02	7.77300e+00	3.72939e+00
7.03168e+02	7.63082e+00	3.66410e+00
7.22476e+02	7.49039e+00	3.59949e+00
7.42315e+02	7.35171e+00	3.53556e+00
7.62699e+02	7.21481e+00	3.47234e+00
7.83642e+02	7.07969e+00	3.40986e+00
8.05160e+02	6.94637e+00	3.34809e+00
8.27270e+02	6.81485e+00	3.28706e+00
8.49986e+02	6.68515e+00	3.22677e+00
8.73326e+02	6.55726e+00	3.16722e+00
8.97307e+02	6.43119e+00	3.10843e+00
9.21947e+02	6.30694e+00	3.05041e+00
9.47263e+02	6.18451e+00	2.99316e+00
9.73274e+02	6.06390e+00	2.93668e+00
1.00000e+03	5.94510e+00	2.88098e+00
1.02746e+03	5.82812e+00	2.82606e+00
1.05567e+03	5.71295e+00	2.77191e+00
1.08466e+03	5.59958e+00	2.71855e+00
1.11444e+03	5.48801e+00	2.66597e+00
1.14505e+03	5.37821e+00	2.61416e+00
1.17649e+03	5.27020e+00	2.56312e+00
1.20880e+03	5.16395e+00	2.51287e+00
1.24199e+03	5.05946e+00	2.46338e+00
1.27609e+03	4.95670e+00	2.41466e+00
1.31113e+03	4.85568e+00	2.36671e+00
1.34714e+03	4.75637e+00	2.31952e+00
1.38413e+03	4.65877e+00	2.27309e+00
1.42214e+03	4.56285e+00	2.22742e+00
1.46119e+03	4.46860e+00	2.18249e+00
1.50131e+03	4.37601e+00	2.13831e+00
1.54254e+03	4.28505e+00	2.09488e+00
1.58489e+03	4.19572e+00	2.05217e+00
1.62841e+03	4.10800e+00	2.01019e+00
1.67313e+03	4.02186e+00	1.96893e+00
1.71907e+03	3.93729e+00	1.92839e+00
1.76628e+03	3.85426e+00	1.88855e+00
1.81478e+03	3.77278e+00	1.84942e+00
1.86461e+03	3.69280e+00	1.81098e+00
1.91581e+03	3.61432e+00	1.77323e+00
1.96842e+03	3.53731e+00	1.73616e+00
2.02247e+03	3.46176e+00	1.69976e+00
2.07801e+03	3.38764e+00	1.66402e+00
2.13507e+03	3.31494e+00	1.62894e+00
2.19370e+03	3.24364e+00	1.59451e+00
2.25393e+03	3.17371e+00	1.56072e+00
2.31583e+03	3.10514e+00	1.52756e+00
2.37942e+03	3.03791e+00	1.49502e+00
2.44476e+03	2.97199e+00	1.46310e+00
2.51189e+03	2.90737e+00	1.43179e+00
2.58086e+03	2.84402e+00	1.40107e+00
2.65173e+03	2.78193e+00	1.37095e+00
2.72455e+03	2.72108e+00	1.34141e+00
2.79936e+03	2.66145e+00	1.31244e+00
2.87623e+03	2.60302e+00	1.28403e+00
2.95521e+03	2.54576e+00	1.25619e+00
3.03636e+03	2.48966e+00	1.22889e+00
3.11974e+03	2.43471e+00	1.20213e+00
3.20540e+03	2.38087e+00	1.17590e+00
3.29342e+03	2.32814e+00	1.15019e+00
3.38386e+03	2.27649e+00	1.12500e+00
3.47677e+03	2.22590e+00	1.10031e+00
3.57224e+03	2.17636e+00	1.07613e+00
3.67034e+03	2.12784e+00	1.05243e+00
3.77112e+03	2.08033e+00	1.02921e+00
3.87468e+03	2.03382e+00	1.00647e+00
3.98107e+03	1.98828e+00	9.84192e-01
4.09039e+03	1.94369e+00	9.62372e-01
4.20271e+03	1.90004e+00	9.41002e-01
4.31811e+03	1.85732e+00	9.20073e-01
4.43669e+03	1.81550e+00	8.99578e-01
4.55852e+03	1.77456e+00	8.79510e-01
4.68369e+03	1.73450e+00	8.59859e-01
4.81230e+03	1.69529e+00	8.40620e-01
4.94445e+03	1.65691e+00	8.21785e-01
5.08022e+03	1.61936e+00	8.03345e-01
5.21972e+03	1.58262e+00	7.85295e-01
5.36305e+03	1.54666e+00	7.67626e-01
5.51032e+03	1.51149e+00	7.50332e-01
5.66163e+03	1.47707e+00	7.33406e-01
5.81709e+03	1.44340e+00	7.16840e-01
5.97683e+03	1.41046e+00	7.00628e-01
6.14095e+03	1.37823e+00	6.84764e-01
6.30957e+03	1.34671e+00	6.69240e-01
6.48283e+03	1.31588e+00	6.54050e-01
6.66085e+03	1.28572e+00	6.39187e-01
6.84375e+03	1.25622e+00	6.24645e-01
7.03168e+03	1.22738e+00	6.10419e-01
7.22476e+03	1.19916e+00	5.96501e-01
7.42315e+03	1.17157e+00	5.82885e-01
7.62699e+03	1.14458e+00	5.69566e-01
7.83642e+03	1.11820e+00	5.56538e-01
8.05160e+03	1.09240e+00	5.43795e-01
8.27270e+03	1.06717e+00	5.31331e-01
8.49986e+03	1.04250e+00	5.19140e-01
8.73326e+03	1.01838e+00	5.07218e-01
8.97307e+03	9.94796e-01	4.95558e-01
9.21947e+03	9.71740e-01	4.84155e-01
9.47263e+03	9.49201e-01	4.73004e-01
9.73274e+03	9.27165e-01	4.62101e-01
1.00000e+04	9.05625e-01	4.51439e-01
