# HPO cross section
256
1.00000e+01	0.00000e+00	0.00000e+00
1.02746e+01	0.00000e+00	0.00000e+00
1.05567e+01	4.47085e-02	8.27976e-02
1.08466e+01	1.41463e-01	1.83165e-01
1.11445e+01	2.43726e-01	2.88855e-01
1.14505e+01	3.50830e-01	3.99208e-01
1.17649e+01	4.62152e-01	5.13616e-01
1.20880e+01	5.77118e-01	6.31512e-01
1.24199e+01	6.95198e-01	7.52375e-01
1.27609e+01	8.15898e-01	8.75721e-01
1.31113e+01	9.38764e-01	1.00110e+00
1.34714e+01	1.11370e+00	1.12810e+00
1.38413e+01	1.36529e+00	1.25635e+00
1.42214e+01	1.62503e+00	1.38547e+00
1.46119e+01	1.89172e+00	1.51516e+00
1.50131e+01	2.19151e+00	1.64509e+00
1.54254e+01	2.52380e+00	1.77500e+00
1.58489e+01	2.86294e+00	1.90463e+00
1.62841e+01	3.20763e+00	2.03373e+00
1.67313e+01	3.55671e+00	2.16208e+00
1.71907e+01	3.90906e+00	2.28947e+00
1.76628e+01	4.26368e+00	2.46973e+00
1.81478e+01	4.61962e+00	2.68320e+00
1.86461e+01	4.97604e+00	2.89987e+00
1.91581e+01	5.33212e+00	3.11898e+00
1.96842e+01	5.68712e+00	3.33981e+00
2.02247e+01	6.04036e+00	3.56171e+00
2.07801e+01	6.39122e+00	3.78406e+00
2.13507e+01	6.73910e+00	4.00630e+00
2.19370e+01	7.11177e+00	4.22791e+00
2.25393e+01	7.48532e+00	4.46443e+00
2.31583e+01	7.85604e+00	4.71444e+00
2.37942e+01	8.22326e+00	4.96410e+00
2.44475e+01	8.58639e+00	5.21284e+00
2.51189e+01	8.94487e+00	5.46008e+00
2.58086e+01	9.29819e+00	5.70532e+00
2.65173e+01	9.64589e+00	5.94809e+00
2.72455e+01	9.98754e+00	6.18795e+00
2.79936e+01	1.03227e+01	6.42451e+00
2.87623e+01	1.06511e+01	6.65741e+00
2.95521e+01	1.09723e+01	6.88631e+00
3.03636e+01	1.12861e+01	7.11090e+00
3.11974e+01	1.15922e+01	7.33091e+00
3.20540e+01	1.18903e+01	7.54608e+00
3.29342e+01	1.21802e+01	7.75619e+00
3.38385e+01	1.24617e+01	7.96101e+00
3.47677e+01	1.27346e+01	8.16038e+00
3.57225e+01	1.29987e+01	8.35410e+00
3.67034e+01	1.32598e+01	8.54204e+00
3.77112e+01	1.35185e+01	8.72405e+00
3.87467e+01	1.37687e+01	8.90002e+00
3.98107e+01	1.40102e+01	9.06985e+00
4.09039e+01	1.42429e+01	9.23344e+00
4.20271e+01	1.44666e+01	9.39071e+00
4.31811e+01	1.46813e+01	9.54160e+00
4.43669e+01	1.48867e+01	9.68607e+00
4.55852e+01	1.50829e+01	9.82405e+00
4.68369e+01	1.52698e+01	9.95554e+00
4.81230e+01	1.54472e+01	1.00805e+01
4.94445e+01	1.56153e+01	1.01989e+01
5.08022e+01	1.57739e+01	1.03108e+01
5.21972e+01	1.59230e+01	1.04162e+01
5.36305e+01	1.60628e+01	1.05150e+01
5.51032e+01	1.61931e+01	1.06074e+01
5.66163e+01	1.63140e+01	1.06933e+01
5.81709e+01	1.64257e+01	1.07728e+01
5.97683e+01	1.65280e+01	1.08459e+01
6.14095e+01	1.66211e+01	1.09174e+01
6.30957e+01	1.67051e+01	1.09843e+01
6.48283e+01	1.67800e+01	1.10454e+01
6.66085e+01	1.68461e+01	1.11006e+01
6.84375e+01	1.69032e+01	1.11499e+01
7.03168e+01	1.69517e+01	1.11934e+01
7.22476e+01	1.69915e+01	1.12311e+01
7.42315e+01	1.70228e+01	1.12630e+01
7.62699e+01	1.70459e+01	1.12894e+01
7.83642e+01	1.70607e+01	1.13101e+01
8.05160e+01	1.70675e+01	1.13254e+01
8.27270e+01	1.70663e+01	1.13352e+01
8.49986e+01	1.70575e+01	1.13397e+01
8.73326e+01	1.70410e+01	1.13390e+01
8.97307e+01	1.70172e+01	1.13331e+01
9.21947e+01	1.69862e+01	1.13222e+01
9.47263e+01	1.69481e+01	1.13064e+01
9.73274e+01	1.69031e+01	1.12858e+01
1.00000e+02	1.68515e+01	1.12604e+01
1.02746e+02	1.67934e+01	1.12305e+01
1.05567e+02	1.67290e+01	1.11961e+01
1.08466e+02	1.66584e+01	1.11575e+01
1.11445e+02	1.65820e+01	1.11145e+01
1.14505e+02	1.64998e+01	1.10676e+01
1.17649e+02	1.64121e+01	1.10166e+01
1.20880e+02	1.63191e+01	1.09619e+01
1.24199e+02	1.62210e+01	1.09035e+01
1.27609e+02	1.61179e+01	1.08415e+01
1.31113e+02	1.60101e+01	1.07760e+01
1.34714e+02	1.58978e+01	1.07073e+01
1.38413e+02	1.57812e+01	1.06355e+01
1.42214e+02	1.56604e+01	1.05606e+01
1.46119e+02	1.55356e+01	1.04828e+01
1.50131e+02	1.54078e+01	1.04023e+01
1.54254e+02	1.52777e+01	1.03191e+01
1.58489e+02	1.51443e+01	1.02335e+01
1.62841e+02	1.50078e+01	1.01454e+01
1.67313e+02	1.48684e+01	1.00552e+01
1.71907e+02	1.47262e+01	9.96277e+00
1.76628e+02	1.45815e+01	9.86839e+00
1.81478e+02	1.44344e+01	9.77213e+00
1.86461e+02	1.42850e+01	9.67413e+00
1.91581e+02	1.41335e+01	9.57451e+00
1.96842e+02	1.39801e+01	9.47336e+00
2.02247e+02	1.38249e+01	9.37082e+00
2.07801e+02	1.36682e+01	9.26700e+00
2.13507e+02	1.35103e+01	9.16200e+00
2.19370e+02	1.33512e+01	9.05593e+00
2.25393e+02	1.31908e+01	8.94890e+00
2.31583e+02	1.30295e+01	8.84101e+00
2.37942e+02	1.28673e+01	8.73236e+00
2.44476e+02	1.27043e+01	8.62304e+00
2.51189e+02	1.25406e+01	8.51316e+00
2.58086e+02	1.23765e+01	8.40279e+00
2.65173e+02	1.22120e+01	8.29204e+00
2.72455e+02	1.20473e+01	8.18099e+00
2.79936e+02	1.18824e+01	8.06972e+00
2.87623e+02	1.17174e+01	7.95832e+00
2.95521e+02	1.15525e+01	7.84685e+00
3.03636e+02	1.13878e+01	7.73540e+00
3.11974e+02	1.12233e+01	7.62403e+00
3.20540e+02	1.10592e+01	7.51282e+00
3.29342e+02	1.08956e+01	7.40184e+00
3.38385e+02	1.07325e+01	7.29115e+00
3.47677e+02	1.05700e+01	7.18080e+00
3.57224e+02	1.04082e+01	7.07086e+00
3.67034e+02	1.02471e+01	6.96139e+00
3.77112e+02	1.00869e+01	6.85243e+00
3.87467e+02	9.92767e+00	6.74405e+00
3.98107e+02	9.76938e+00	6.63628e+00
4.09039e+02	9.61214e+00	6.52918e+00
4.20271e+02	9.45599e+00	6.42286e+00
4.31811e+02	9.30100e+00	6.31739e+00
4.43669e+02	9.14721e+00	6.21271e+00
4.55852e+02	8.99469e+00	6.10887e+00
4.68369e+02	8.84347e+00	6.00589e+00
4.81230e+02	8.69359e+00	5.90380e+00
4.94445e+02	8.54511e+00	5.80264e+00
5.08022e+02	8.39804e+00	5.70243e+00
5.21972e+02	8.25244e+00	5.60319e+00
5.36305e+02	8.10833e+00	5.50496e+00
5.51032e+02	7.96574e+00	5.40775e+00
5.66163e+02	7.82472e+00	5.31158e+00
5.81709e+02	7.68532e+00	5.21647e+00
5.97683e+02	7.54751e+00	5.12244e+00
6.14095e+02	7.41132e+00	5.02951e+00
6.30957e+02	7.27677e+00	4.93768e+00
6.48283e+02	7.14387e+00	4.84697e+00
6.66085e+02	7.01264e+00	4.75739e+00
6.84375e+02	6.88308e+00	4.66894e+00
7.03168e+02	6.75521e+00	4.58165e+00
7.22476e+02	6.62903e+00	4.49551e+00
7.42315e+02	6.50456e+00	4.41053e+00
7.62699e+02	6.38179e+00	4.32671e+00
7.83642e+02	6.26074e+00	4.24406e+00
8.05160e+02	6.14139e+00	4.16258e+00
8.27270e+02	6.02376e+00	4.08228e+00
8.49986e+02	5.90784e+00	4.00314e+00
8.73326e+02	5.79364e+00	3.92517e+00
8.97307e+02	5.68113e+00	3.84838e+00
9.21947e+02	5.57034e+00	3.77275e+00
9.47263e+02	5.46123e+00	3.69829e+00
9.73274e+02	5.35382e+00	3.62499e+00
1.00000e+03	5.24809e+00	3.55284e+00
1.02746e+03	5.14404e+00	3.48184e+00
1.05567e+03	5.04165e+00	3.41199e+00
1.08466e+03	4.94092e+00	3.34327e+00
1.11444e+03	4.84184e+00	3.27569e+00
1.14505e+03	4.74438e+00	3.20923e+00
1.17649e+03	4.64855e+00	3.14388e+00
1.20880e+03	4.55433e+00	3.07964e+00
1.24199e+03	4.46170e+00	3.01650e+00
1.27609e+03	4.37066e+00	2.95445e+00
1.31113e+03	4.28118e+00	2.89347e+00
1.34714e+03	4.19325e+00	2.83357e+00
1.38413e+03	4.10686e+00	2.77472e+00
1.42214e+03	4.02199e+00	2.71691e+00
1.46119e+03	3.93862e+00	2.66015e+00
1.50131e+03	3.85675e+00	2.60441e+00
1.54254e+03	3.77634e+00	2.54968e+00
1.58489e+03	3.69739e+00	2.49595e+00
1.62841e+03	3.61988e+00	2.44321e+00
1.67313e+03	3.54379e+00	2.39145e+00
1.71907e+03	3.46910e+00	2.34065e+00
1.76628e+03	3.39580e+00	2.29081e+00
1.81478e+03	3.32386e+00	2.24191e+00
1.86461e+03	3.25328e+00	2.19393e+00
1.91581e+03	3.18402e+00	2.14687e+00
1.96842e+03	3.11608e+00	2.10071e+00
2.02247e+03	3.04943e+00	2.05545e+00
2.07801e+03	2.98406e+00	2.01105e+00
2.13507e+03	2.91994e+00	1.96753e+00
2.19370e+03	2.85707e+00	1.92485e+00
2.25393e+03	2.79542e+00	1.88301e+00
2.31583e+03	2.73497e+00	1.84200e+00
2.37942e+03	2.67571e+00	1.80180e+00
2.44476e+03	2.61761e+00	1.76240e+00
2.51189e+03	2.56066e+00	1.72379e+00
2.58086e+03	2.50485e+00	1.68596e+00
2.65173e+03	2.45014e+00	1.64888e+00
2.72455e+03	2.39653e+00	1.61256e+00
2.79936e+03	2.34400e+00	1.57698e+00
2.87623e+03	2.29252e+00	1.54211e+00
2.95521e+03	2.24209e+00	1.50796e+00
3.03636e+03	2.19268e+00	1.47452e+00
3.11974e+03	2.14427e+00	1.44176e+00
3.20540e+03	2.09686e+00	1.40968e+00
3.29342e+03	2.05041e+00	1.37826e+00
3.38386e+03	2.00493e+00	1.34750e+00
3.47677e+03	1.96038e+00	1.31737e+00
3.57224e+03	1.91675e+00	1.28788e+00
3.67034e+03	1.87403e+00	1.25901e+00
3.77112e+03	1.83220e+00	1.23074e+00
3.87468e+03	1.79124e+00	1.20307e+00
3.98107e+03	1.75114e+00	1.17598e+00
4.09039e+03	1.71188e+00	1.14947e+00
4.20271e+03	1.67345e+00	1.12353e+00
4.31811e+03	1.63583e+00	1.09813e+00
4.43669e+03	1.59901e+00	1.07328e+00
4.55852e+03	1.56296e+00	1.04896e+00
4.68369e+03	1.52769e+00	1.02516e+00
4.81230e+03	1.49316e+00	1.00188e+00
4.94445e+03	1.45938e+00	9.79094e-01
5.08022e+03	1.42631e+00	9.56803e-01
5.21972e+03	1.39396e+00	9.34996e-01
5.36305e+03	1.36231e+00	9.13661e-01
5.51032e+03	1.33133e+00	8.92791e-01
5.66163e+03	1.30103e+00	8.72375e-01
5.81709e+03	1.27138e+00	8.52406e-01
5.97683e+03	1.24238e+00	8.32873e-01
6.14095e+03	1.21400e+00	8.13769e-01
6.30957e+03	1.18625e+00	7.95084e-01
6.48283e+03	1.15910e+00	7.76810e-01
6.66085e+03	1.13254e+00	7.58939e-01
6.84375e+03	1.10657e+00	7.41462e-01
7.03168e+03	1.08117e+00	7.24372e-01
7.22476e+03	1.05632e+00	7.07661e-01
7.42315e+03	1.03202e+00	6.91320e-01
7.62699e+03	1.00826e+00	6.75343e-01
7.83642e+03	9.85028e-01	6.59721e-01
8.05160e+03	9.62306e-01	6.44447e-01
8.27270e+03	9.40088e-01	6.29515e-01
8.49986e+03	9.18364e-01	6.14916e-01
8.73326e+03	8.97124e-01	6.00644e-01
8.97307e+03	8.76356e-01	5.86692e-01
9.21947e+03	8.56052e-01	5.73054e-01
9.47263e+03	8.36202e-01	5.59722e-01
9.73274e+03	8.16795e-01	5.46690e-01
1.00000e+04	7.97824e-01	5.33952e-01
