# HSCN cross section
256
1.00000e+01	0.00000e+00	0.00000e+00
1.04618e+01	0.00000e+00	0.00000e+00
1.09450e+01	0.00000e+00	2.28215e-02
1.14505e+01	1.39191e-01	1.73064e-01
1.19793e+01	2.98306e-01	3.36683e-01
1.25325e+01	4.68464e-01	5.10969e-01
1.31113e+01	6.99720e-01	6.93540e-01
1.37169e+01	1.02485e+00	8.82302e-01
1.43504e+01	1.51597e+00	1.07542e+00
1.50131e+01	2.10067e+00	1.27127e+00
1.57065e+01	2.78146e+00	1.55219e+00
1.64318e+01	3.50898e+00	1.86139e+00
1.71907e+01	4.25498e+00	2.17706e+00
1.79846e+01	5.01243e+00	2.55281e+00
1.88152e+01	5.83179e+00	2.98761e+00
1.96842e+01	6.67233e+00	3.47515e+00
2.05933e+01	7.51332e+00	3.97011e+00
2.15444e+01	8.34936e+00	4.46821e+00
2.25393e+01	9.17572e+00	4.99626e+00
2.35803e+01	9.98830e+00	5.54778e+00
2.46693e+01	1.07835e+01	6.09665e+00
2.58086e+01	1.15583e+01	6.63938e+00
2.70006e+01	1.23099e+01	7.17293e+00
2.82475e+01	1.30360e+01	7.69466e+00
2.95521e+01	1.37435e+01	8.20232e+00
3.09169e+01	1.44465e+01	8.69394e+00
3.23448e+01	1.51216e+01	9.16786e+00
3.38385e+01	1.57716e+01	9.62266e+00
3.54013e+01	1.64120e+01	1.00734e+01
3.70363e+01	1.70220e+01	1.05155e+01
3.87467e+01	1.75998e+01	1.09374e+01
4.05362e+01	1.81444e+01	1.13378e+01
4.24083e+01	1.86548e+01	1.17158e+01
4.43669e+01	1.91302e+01	1.20707e+01
4.64159e+01	1.95700e+01	1.24019e+01
4.85595e+01	1.99740e+01	1.27090e+01
5.08022e+01	2.03419e+01	1.29917e+01
5.31484e+01	2.06738e+01	1.32498e+01
5.56030e+01	2.09697e+01	1.34833e+01
5.81709e+01	2.12301e+01	1.36923e+01
6.08575e+01	2.14552e+01	1.38770e+01
6.36681e+01	2.16457e+01	1.40377e+01
6.66085e+01	2.18020e+01	1.41747e+01
6.96847e+01	2.19251e+01	1.42883e+01
7.29030e+01	2.20155e+01	1.43793e+01
7.62699e+01	2.20743e+01	1.44479e+01
7.97923e+01	2.21024e+01	1.44950e+01
8.34773e+01	2.21008e+01	1.45211e+01
8.73326e+01	2.20706e+01	1.45269e+01
9.13659e+01	2.20129e+01	1.45132e+01
9.55855e+01	2.19288e+01	1.44808e+01
1.00000e+02	2.18195e+01	1.44304e+01
1.04618e+02	2.16863e+01	1.43629e+01
1.09450e+02	2.15303e+01	1.42790e+01
1.14505e+02	2.13529e+01	1.41798e+01
1.19793e+02	2.11553e+01	1.40659e+01
1.25325e+02	2.09387e+01	1.39383e+01
1.31113e+02	2.07045e+01	1.37978e+01
1.37169e+02	2.04538e+01	1.36453e+01
1.43504e+02	2.01880e+01	1.34817e+01
1.50131e+02	1.99081e+01	1.33078e+01
1.57065e+02	1.96155e+01	1.31265e+01
1.64318e+02	1.93113e+01	1.29366e+01
1.71907e+02	1.89967e+01	1.27390e+01
1.79846e+02	1.86727e+01	1.25343e+01
1.88152e+02	1.83419e+01	1.23234e+01
1.96842e+02	1.80048e+01	1.21070e+01
2.05933e+02	1.76616e+01	1.18856e+01
2.15444e+02	1.73134e+01	1.16600e+01
2.25393e+02	1.69611e+01	1.14308e+01
2.35803e+02	1.66054e+01	1.11987e+01
2.46693e+02	1.62472e+01	1.09642e+01
2.58086e+02	1.58877e+01	1.07280e+01
2.70005e+02	1.55273e+01	1.04912e+01
2.82475e+02	1.51667e+01	1.02537e+01
2.95521e+02	1.48065e+01	1.00159e+01
3.09169e+02	1.44473e+01	9.77823e+00
3.23448e+02	1.40900e+01	9.54118e+00
3.38385e+02	1.37349e+01	9.30510e+00
3.54013e+02	1.33825e+01	9.07035e+00
3.70363e+02	1.30331e+01	8.83727e+00
3.87467e+02	1.26873e+01	8.60615e+00
4.05362e+02	1.23453e+01	8.37729e+00
4.24083e+02	1.20076e+01	8.15095e+00
4.43669e+02	1.16746e+01	7.92737e+00
4.64159e+02	1.13465e+01	7.70675e+00
4.85595e+02	1.10234e+01	7.48930e+00
5.08022e+02	1.07057e+01	7.27519e+00
5.31484e+02	1.03935e+01	7.06458e+00
5.56030e+02	1.00870e+01	6.85759e+00
5.81709e+02	9.78636e+00	6.65435e+00
6.08574e+02	9.49164e+00	6.45497e+00
6.36681e+02	9.20297e+00	6.25951e+00
6.66085e+02	8.92043e+00	6.06807e+00
6.96847e+02	8.64408e+00	5.88068e+00
7.29029e+02	8.37396e+00	5.69740e+00
7.62699e+02	8.11010e+00	5.51827e+00
7.97923e+02	7.85251e+00	5.34329e+00
8.34773e+02	7.60118e+00	5.17248e+00
8.73326e+02	7.35610e+00	5.00584e+00
9.13659e+02	7.11724e+00	4.84336e+00
9.55855e+02	6.88456e+00	4.68502e+00
1.00000e+03	6.65801e+00	4.53081e+00
1.04618e+03	6.43754e+00	4.38068e+00
1.09450e+03	6.22307e+00	4.23460e+00
1.14505e+03	6.01454e+00	4.09253e+00
1.19793e+03	5.81186e+00	3.95442e+00
1.25325e+03	5.61494e+00	3.82021e+00
1.31113e+03	5.42371e+00	3.68986e+00
1.37169e+03	5.23806e+00	3.56329e+00
1.43504e+03	5.05789e+00	3.44045e+00
1.50131e+03	4.88311e+00	3.32127e+00
1.57065e+03	4.71360e+00	3.20568e+00
1.64318e+03	4.54926e+00	3.09362e+00
1.71907e+03	4.38998e+00	2.98500e+00
1.79846e+03	4.23565e+00	2.87976e+00
1.88152e+03	4.08615e+00	2.77782e+00
1.96842e+03	3.94139e+00	2.67911e+00
2.05933e+03	3.80124e+00	2.58355e+00
2.15443e+03	3.66559e+00	2.49106e+00
2.25393e+03	3.53433e+00	2.40158e+00
2.35803e+03	3.40735e+00	2.31502e+00
2.46693e+03	3.28454e+00	2.23131e+00
2.58086e+03	3.16578e+00	2.15037e+00
2.70005e+03	3.05098e+00	2.07214e+00
2.82475e+03	2.94001e+00	1.99653e+00
2.95521e+03	2.83278e+00	1.92347e+00
3.09169e+03	2.72917e+00	1.85289e+00
3.23448e+03	2.62909e+00	1.78472e+00
3.38386e+03	2.53242e+00	1.71890e+00
3.54013e+03	2.43908e+00	1.65534e+00
3.70363e+03	2.34896e+00	1.59399e+00
3.87468e+03	2.26196e+00	1.53477e+00
4.05362e+03	2.17799e+00	1.47762e+00
4.24083e+03	2.09696e+00	1.42249e+00
4.43669e+03	2.01878e+00	1.36930e+00
4.64159e+03	1.94335e+00	1.31799e+00
4.85595e+03	1.87059e+00	1.26851e+00
5.08022e+03	1.80042e+00	1.22079e+00
5.31484e+03	1.73275e+00	1.17478e+00
5.56030e+03	1.66750e+00	1.13043e+00
5.81709e+03	1.60459e+00	1.08767e+00
6.08574e+03	1.54395e+00	1.04647e+00
6.36681e+03	1.48551e+00	1.00676e+00
6.66085e+03	1.42917e+00	9.68489e-01
6.96847e+03	1.37489e+00	9.31619e-01
7.29030e+03	1.32259e+00	8.96098e-01
7.62699e+03	1.27219e+00	8.61881e-01
7.97923e+03	1.22365e+00	8.28924e-01
8.34773e+03	1.17689e+00	7.97182e-01
8.73326e+03	1.13185e+00	7.66613e-01
9.13659e+03	1.08847e+00	7.37178e-01
9.55855e+03	1.04670e+00	7.08837e-01
1.00000e+04	1.00648e+00	6.81550e-01
1.04618e+04	9.67757e-01	6.55282e-01
1.09450e+04	9.30475e-01	6.29995e-01
1.14505e+04	8.94585e-01	6.05656e-01
1.19793e+04	8.60039e-01	5.82231e-01
1.25325e+04	8.26787e-01	5.59686e-01
1.31113e+04	7.94785e-01	5.37991e-01
1.37169e+04	7.63987e-01	5.17115e-01
1.43504e+04	7.34350e-01	4.97027e-01
1.50131e+04	7.05833e-01	4.77701e-01
1.57065e+04	6.78394e-01	4.59107e-01
1.64318e+04	6.51995e-01	4.41220e-01
1.71907e+04	6.26599e-01	4.24014e-01
1.79847e+04	6.02167e-01	4.07463e-01
1.88152e+04	5.78666e-01	3.91544e-01
1.96842e+04	5.56061e-01	3.76233e-01
2.05933e+04	5.34320e-01	3.61508e-01
2.15443e+04	5.13409e-01	3.47347e-01
2.25393e+04	4.93300e-01	3.33730e-01
2.35803e+04	4.73961e-01	3.20635e-01
2.46693e+04	4.55365e-01	3.08045e-01
2.58086e+04	4.37484e-01	2.95939e-01
2.70005e+04	4.20291e-01	2.84300e-01
2.82475e+04	4.03761e-01	2.73110e-01
2.95521e+04	3.87869e-01	2.62353e-01
3.09169e+04	3.72591e-01	2.52012e-01
3.23448e+04	3.57903e-01	2.42071e-01
3.38386e+04	3.43784e-01	2.32516e-01
3.54013e+04	3.30213e-01	2.23331e-01
3.70363e+04	3.17167e-01	2.14504e-01
3.87468e+04	3.04629e-01	2.06019e-01
4.05362e+04	2.92578e-01	1.97865e-01
4.24083e+04	2.80996e-01	1.90029e-01
4.43669e+04	2.69865e-01	1.82498e-01
4.64159e+04	2.59168e-01	1.75261e-01
4.85595e+04	2.48889e-01	1.68307e-01
5.08022e+04	2.39011e-01	1.61625e-01
5.31484e+04	2.29519e-01	1.55204e-01
5.56030e+04	2.20399e-01	1.49034e-01
5.81709e+04	2.11636e-01	1.43107e-01
6.08574e+04	2.03216e-01	1.37412e-01
6.36681e+04	1.95127e-01	1.31940e-01
6.66085e+04	1.87355e-01	1.26684e-01
6.96847e+04	1.79889e-01	1.21634e-01
7.29029e+04	1.72716e-01	1.16783e-01
7.62699e+04	1.65825e-01	1.12123e-01
7.97923e+04	1.59206e-01	1.07646e-01
8.34773e+04	1.52848e-01	1.03346e-01
8.73326e+04	1.46740e-01	9.92158e-02
9.13659e+04	1.40874e-01	9.52485e-02
9.55855e+04	1.35239e-01	9.14380e-02
1.00000e+05	1.29827e-01	8.77782e-02
1.04618e+05	1.24629e-01	8.42631e-02
1.09450e+05	1.19636e-01	8.08872e-02
1.14505e+05	1.14842e-01	7.76451e-02
1.19793e+05	1.10237e-01	7.45314e-02
1.25325e+05	1.05815e-01	7.15412e-02
1.31113e+05	1.01568e-01	6.86697e-02
1.37169e+05	9.74898e-02	6.59122e-02
1.43504e+05	9.35736e-02	6.32643e-02
1.50131e+05	8.98130e-02	6.07217e-02
1.57065e+05	8.62020e-02	5.82801e-02
1.64318e+05	8.27347e-02	5.59358e-02
1.71907e+05	7.94054e-02	5.36848e-02
1.79846e+05	7.62087e-02	5.15234e-02
1.88152e+05	7.31394e-02	4.94483e-02
1.96842e+05	7.01925e-02	4.74559e-02
2.05933e+05	6.73632e-02	4.55430e-02
2.15444e+05	6.46469e-02	4.37065e-02
2.25393e+05	6.20390e-02	4.19433e-02
2.35803e+05	5.95353e-02	4.02506e-02
2.46693e+05	5.71317e-02	3.86256e-02
2.58086e+05	5.48243e-02	3.70656e-02
2.70006e+05	5.26092e-02	3.55680e-02
2.82475e+05	5.04828e-02	3.41304e-02
2.95521e+05	4.84416e-02	3.27504e-02
3.09169e+05	4.64822e-02	3.14257e-02
3.23448e+05	4.46013e-02	3.01541e-02
3.38386e+05	4.27959e-02	2.89335e-02
3.54013e+05	4.10630e-02	2.77619e-02
3.70363e+05	3.93996e-02	2.66374e-02
3.87468e+05	3.78030e-02	2.55580e-02
4.05362e+05	3.62706e-02	2.45220e-02
4.24083e+05	3.47998e-02	2.35276e-02
4.43669e+05	3.33882e-02	2.25733e-02
4.64159e+05	3.20333e-02	2.16573e-02
4.85595e+05	3.07330e-02	2.07782e-02
5.08022e+05	2.94851e-02	1.99346e-02
5.31484e+05	2.82874e-02	1.91249e-02
5.56030e+05	2.71380e-02	1.83478e-02
5.81709e+05	2.60350e-02	1.76021e-02
6.08574e+05	2.49764e-02	1.68864e-02
6.36680e+05	2.39606e-02	1.61997e-02
6.66085e+05	2.29858e-02	1.55406e-02
6.96847e+05	2.20503e-02	1.49082e-02
7.29030e+05	2.11526e-02	1.43013e-02
7.62699e+05	2.02912e-02	1.37189e-02
7.97923e+05	1.94646e-02	1.31601e-02
8.34773e+05	1.86715e-02	1.26239e-02
8.73326e+05	1.79104e-02	1.21094e-02
9.13659e+05	1.71802e-02	1.16157e-02
9.55855e+05	1.64795e-02	1.11420e-02
1.00000e+06	1.58072e-02	1.06874e-02
