# HSSH cross section
256
1.00000e+01	6.52131e-02	2.93461e-01
1.04618e+01	4.01272e-01	6.63900e-01
1.09450e+01	7.67220e-01	1.06137e+00
1.14505e+01	1.15712e+00	1.48022e+00
1.19793e+01	1.56575e+00	1.91548e+00
1.25325e+01	1.98853e+00	2.36277e+00
1.31113e+01	2.53806e+00	2.81826e+00
1.37169e+01	3.10595e+00	3.27855e+00
1.43504e+01	3.73405e+00	3.74070e+00
1.50131e+01	4.43504e+00	4.20208e+00
1.57065e+01	5.19646e+00	4.66039e+00
1.64318e+01	6.02222e+00	5.19475e+00
1.71907e+01	6.85750e+00	5.73468e+00
1.79846e+01	7.69614e+00	6.27237e+00
1.88152e+01	8.53270e+00	6.80498e+00
1.96842e+01	9.36242e+00	7.33001e+00
2.05933e+01	1.01812e+01	7.85158e+00
2.15444e+01	1.09852e+01	8.41896e+00
2.25393e+01	1.17715e+01	8.97822e+00
2.35803e+01	1.25371e+01	9.52664e+00
2.46693e+01	1.32989e+01	1.00618e+01
2.58086e+01	1.40605e+01	1.05959e+01
2.70006e+01	1.47984e+01	1.11476e+01
2.82475e+01	1.55104e+01	1.16842e+01
2.95521e+01	1.62114e+01	1.22036e+01
3.09169e+01	1.69007e+01	1.27036e+01
3.23448e+01	1.75613e+01	1.31828e+01
3.38385e+01	1.81914e+01	1.36396e+01
3.54013e+01	1.87894e+01	1.40729e+01
3.70363e+01	1.93540e+01	1.44817e+01
3.87467e+01	1.98843e+01	1.48653e+01
4.05362e+01	2.03794e+01	1.52230e+01
4.24083e+01	2.08387e+01	1.55543e+01
4.43669e+01	2.12618e+01	1.58590e+01
4.64159e+01	2.16484e+01	1.61369e+01
4.85595e+01	2.19985e+01	1.63879e+01
5.08022e+01	2.23121e+01	1.66120e+01
5.31484e+01	2.25895e+01	1.68093e+01
5.56030e+01	2.28309e+01	1.69802e+01
5.81709e+01	2.30368e+01	1.71250e+01
6.08575e+01	2.32077e+01	1.72440e+01
6.36681e+01	2.33442e+01	1.73377e+01
6.66085e+01	2.34472e+01	1.74068e+01
6.96847e+01	2.35173e+01	1.74517e+01
7.29030e+01	2.35555e+01	1.74732e+01
7.62699e+01	2.35628e+01	1.74719e+01
7.97923e+01	2.35402e+01	1.74487e+01
8.34773e+01	2.34887e+01	1.74043e+01
8.73326e+01	2.34095e+01	1.73396e+01
9.13659e+01	2.33036e+01	1.72554e+01
9.55855e+01	2.31725e+01	1.71535e+01
1.00000e+02	2.30171e+01	1.70378e+01
1.04618e+02	2.28388e+01	1.69057e+01
1.09450e+02	2.26389e+01	1.67579e+01
1.14505e+02	2.24186e+01	1.65954e+01
1.19793e+02	2.21792e+01	1.64191e+01
1.25325e+02	2.19220e+01	1.62298e+01
1.31113e+02	2.16482e+01	1.60284e+01
1.37169e+02	2.13591e+01	1.58158e+01
1.43504e+02	2.10559e+01	1.55928e+01
1.50131e+02	2.07400e+01	1.53605e+01
1.57065e+02	2.04123e+01	1.51195e+01
1.64318e+02	2.00742e+01	1.48708e+01
1.71907e+02	1.97267e+01	1.46152e+01
1.79846e+02	1.93711e+01	1.43536e+01
1.88152e+02	1.90117e+01	1.40881e+01
1.96842e+02	1.86474e+01	1.38181e+01
2.05933e+02	1.82784e+01	1.35443e+01
2.15444e+02	1.79054e+01	1.32674e+01
2.25393e+02	1.75294e+01	1.29881e+01
2.35803e+02	1.71510e+01	1.27069e+01
2.46693e+02	1.67714e+01	1.24245e+01
2.58086e+02	1.63918e+01	1.21414e+01
2.70005e+02	1.60122e+01	1.18582e+01
2.82475e+02	1.56332e+01	1.15753e+01
2.95521e+02	1.52556e+01	1.12933e+01
3.09169e+02	1.48797e+01	1.10125e+01
3.23448e+02	1.45063e+01	1.07335e+01
3.38385e+02	1.41357e+01	1.04565e+01
3.54013e+02	1.37684e+01	1.01819e+01
3.70363e+02	1.34049e+01	9.91014e+00
3.87467e+02	1.30455e+01	9.64142e+00
4.05362e+02	1.26906e+01	9.37603e+00
4.24083e+02	1.23405e+01	9.11422e+00
4.43669e+02	1.19955e+01	8.85623e+00
4.64159e+02	1.16559e+01	8.60225e+00
4.85595e+02	1.13218e+01	8.35246e+00
5.08022e+02	1.09935e+01	8.10702e+00
5.31484e+02	1.06711e+01	7.86606e+00
5.56030e+02	1.03549e+01	7.62969e+00
5.81709e+02	1.00448e+01	7.39803e+00
6.08574e+02	9.74112e+00	7.17114e+00
6.36681e+02	9.44382e+00	6.94909e+00
6.66085e+02	9.15299e+00	6.73194e+00
6.96847e+02	8.86867e+00	6.51971e+00
7.29029e+02	8.59089e+00	6.31243e+00
7.62699e+02	8.31966e+00	6.11012e+00
7.97923e+02	8.05498e+00	5.91276e+00
8.34773e+02	7.79682e+00	5.72035e+00
8.73326e+02	7.54516e+00	5.53287e+00
9.13659e+02	7.29996e+00	5.35028e+00
9.55855e+02	7.06117e+00	5.17255e+00
1.00000e+03	6.82873e+00	4.99963e+00
1.04618e+03	6.60256e+00	4.83147e+00
1.09450e+03	6.38260e+00	4.66801e+00
1.14505e+03	6.16875e+00	4.50919e+00
1.19793e+03	5.96094e+00	4.35494e+00
1.25325e+03	5.75907e+00	4.20519e+00
1.31113e+03	5.56304e+00	4.05986e+00
1.37169e+03	5.37275e+00	3.91887e+00
1.43504e+03	5.18809e+00	3.78215e+00
1.50131e+03	5.00896e+00	3.64961e+00
1.57065e+03	4.83524e+00	3.52115e+00
1.64318e+03	4.66683e+00	3.39670e+00
1.71907e+03	4.50360e+00	3.27617e+00
1.79846e+03	4.34544e+00	3.15947e+00
1.88152e+03	4.19224e+00	3.04650e+00
1.96842e+03	4.04389e+00	2.93718e+00
2.05933e+03	3.90026e+00	2.83142e+00
2.15443e+03	3.76123e+00	2.72912e+00
2.25393e+03	3.62671e+00	2.63020e+00
2.35803e+03	3.49656e+00	2.53457e+00
2.46693e+03	3.37067e+00	2.44214e+00
2.58086e+03	3.24894e+00	2.35282e+00
2.70005e+03	3.13126e+00	2.26652e+00
2.82475e+03	3.01750e+00	2.18316e+00
2.95521e+03	2.90757e+00	2.10266e+00
3.09169e+03	2.80135e+00	2.02493e+00
3.23448e+03	2.69873e+00	1.94989e+00
3.38386e+03	2.59961e+00	1.87745e+00
3.54013e+03	2.50389e+00	1.80755e+00
3.70363e+03	2.41147e+00	1.74010e+00
3.87468e+03	2.32224e+00	1.67502e+00
4.05362e+03	2.23612e+00	1.61225e+00
4.24083e+03	2.15300e+00	1.55171e+00
4.43669e+03	2.07280e+00	1.49332e+00
4.64159e+03	1.99542e+00	1.43703e+00
4.85595e+03	1.92078e+00	1.38276e+00
5.08022e+03	1.84878e+00	1.33044e+00
5.31484e+03	1.77934e+00	1.28002e+00
5.56030e+03	1.71239e+00	1.23142e+00
5.81709e+03	1.64783e+00	1.18459e+00
6.08574e+03	1.58560e+00	1.13947e+00
6.36681e+03	1.52561e+00	1.09601e+00
6.66085e+03	1.46779e+00	1.05413e+00
6.96847e+03	1.41207e+00	1.01380e+00
7.29030e+03	1.35838e+00	9.74958e-01
7.62699e+03	1.30665e+00	9.37550e-01
7.97923e+03	1.25681e+00	9.01529e-01
8.34773e+03	1.20880e+00	8.66847e-01
8.73326e+03	1.16256e+00	8.33456e-01
9.13659e+03	1.11802e+00	8.01311e-01
9.55855e+03	1.07513e+00	7.70369e-01
1.00000e+04	1.03383e+00	7.40586e-01
1.04618e+04	9.94061e-01	7.11921e-01
1.09450e+04	9.55775e-01	6.84335e-01
1.14505e+04	9.18917e-01	6.57789e-01
1.19793e+04	8.83438e-01	6.32245e-01
1.25325e+04	8.49287e-01	6.07667e-01
1.31113e+04	8.16418e-01	5.84021e-01
1.37169e+04	7.84785e-01	5.61272e-01
1.43504e+04	7.54344e-01	5.39388e-01
1.50131e+04	7.25052e-01	5.18336e-01
1.57065e+04	6.96868e-01	4.98088e-01
1.64318e+04	6.69751e-01	4.78613e-01
1.71907e+04	6.43662e-01	4.59883e-01
1.79847e+04	6.18565e-01	4.41870e-01
1.88152e+04	5.94423e-01	4.24547e-01
1.96842e+04	5.71202e-01	4.07890e-01
2.05933e+04	5.48866e-01	3.91873e-01
2.15443e+04	5.27385e-01	3.76473e-01
2.25393e+04	5.06726e-01	3.61666e-01
2.35803e+04	4.86859e-01	3.47431e-01
2.46693e+04	4.67754e-01	3.33746e-01
2.58086e+04	4.49384e-01	3.20590e-01
2.70005e+04	4.31721e-01	3.07943e-01
2.82475e+04	4.14738e-01	2.95786e-01
2.95521e+04	3.98411e-01	2.84101e-01
3.09169e+04	3.82714e-01	2.72870e-01
3.23448e+04	3.67624e-01	2.62076e-01
3.38386e+04	3.53119e-01	2.51702e-01
3.54013e+04	3.39175e-01	2.41732e-01
3.70363e+04	3.25773e-01	2.32151e-01
3.87468e+04	3.12891e-01	2.22943e-01
4.05362e+04	3.00510e-01	2.14095e-01
4.24083e+04	2.88611e-01	2.05594e-01
4.43669e+04	2.77175e-01	1.97425e-01
4.64159e+04	2.66185e-01	1.89575e-01
4.85595e+04	2.55625e-01	1.82034e-01
5.08022e+04	2.45476e-01	1.74788e-01
5.31484e+04	2.35725e-01	1.67827e-01
5.56030e+04	2.26355e-01	1.61139e-01
5.81709e+04	2.17353e-01	1.54715e-01
6.08574e+04	2.08703e-01	1.48543e-01
6.36681e+04	2.00393e-01	1.42614e-01
6.66085e+04	1.92408e-01	1.36919e-01
6.96847e+04	1.84738e-01	1.31448e-01
7.29029e+04	1.77370e-01	1.26194e-01
7.62699e+04	1.70291e-01	1.21147e-01
7.97923e+04	1.63491e-01	1.16299e-01
8.34773e+04	1.56960e-01	1.11643e-01
8.73326e+04	1.50685e-01	1.07171e-01
9.13659e+04	1.44659e-01	1.02876e-01
9.55855e+04	1.38871e-01	9.87517e-02
1.00000e+05	1.33311e-01	9.47907e-02
1.04618e+05	1.27972e-01	9.09868e-02
1.09450e+05	1.22843e-01	8.73338e-02
1.14505e+05	1.17918e-01	8.38260e-02
1.19793e+05	1.13189e-01	8.04576e-02
1.25325e+05	1.08646e-01	7.72231e-02
1.31113e+05	1.04284e-01	7.41173e-02
1.37169e+05	1.00096e-01	7.11351e-02
1.43504e+05	9.60732e-02	6.82717e-02
1.50131e+05	9.22107e-02	6.55224e-02
1.57065e+05	8.85019e-02	6.28828e-02
1.64318e+05	8.49408e-02	6.03484e-02
1.71907e+05	8.15214e-02	5.79152e-02
1.79846e+05	7.82383e-02	5.55792e-02
1.88152e+05	7.50862e-02	5.33365e-02
1.96842e+05	7.20597e-02	5.11834e-02
2.05933e+05	6.91540e-02	4.91165e-02
2.15444e+05	6.63644e-02	4.71323e-02
2.25393e+05	6.36863e-02	4.52275e-02
2.35803e+05	6.11152e-02	4.33990e-02
2.46693e+05	5.86469e-02	4.16438e-02
2.58086e+05	5.62774e-02	3.99589e-02
2.70006e+05	5.40028e-02	3.83416e-02
2.82475e+05	5.18192e-02	3.67893e-02
2.95521e+05	4.97232e-02	3.52992e-02
3.09169e+05	4.77112e-02	3.38690e-02
3.23448e+05	4.57799e-02	3.24962e-02
3.38386e+05	4.39261e-02	3.11787e-02
3.54013e+05	4.21467e-02	2.99141e-02
3.70363e+05	4.04388e-02	2.87004e-02
3.87468e+05	3.87996e-02	2.75355e-02
4.05362e+05	3.72262e-02	2.64176e-02
4.24083e+05	3.57161e-02	2.53446e-02
4.43669e+05	3.42668e-02	2.43149e-02
4.64159e+05	3.28758e-02	2.33268e-02
4.85595e+05	3.15408e-02	2.23785e-02
5.08022e+05	3.02596e-02	2.14684e-02
5.31484e+05	2.90301e-02	2.05951e-02
5.56030e+05	2.78501e-02	1.97570e-02
5.81709e+05	2.67177e-02	1.89528e-02
6.08574e+05	2.56310e-02	1.81811e-02
6.36680e+05	2.45882e-02	1.74406e-02
6.66085e+05	2.35875e-02	1.67300e-02
6.96847e+05	2.26272e-02	1.60482e-02
7.29030e+05	2.17057e-02	1.53939e-02
7.62699e+05	2.08215e-02	1.47662e-02
7.97923e+05	1.99730e-02	1.41638e-02
8.34773e+05	1.91589e-02	1.35859e-02
8.73326e+05	1.83777e-02	1.30314e-02
9.13659e+05	1.76282e-02	1.24994e-02
9.55855e+05	1.69090e-02	1.19889e-02
1.00000e+06	1.62189e-02	1.14992e-02
