# l-C3H6 cross section
256
1.00000e+01	4.87045e-02	0.00000e+00
1.04618e+01	2.91013e-01	9.67717e-02
1.09450e+01	5.53282e-01	3.31959e-01
1.14505e+01	8.31001e-01	5.85009e-01
1.19793e+01	1.12022e+00	8.51745e-01
1.25325e+01	1.43740e+00	1.12851e+00
1.31113e+01	1.89943e+00	1.41210e+00
1.37169e+01	2.47465e+00	1.69972e+00
1.43504e+01	3.11429e+00	1.98892e+00
1.50131e+01	3.92838e+00	2.27758e+00
1.57065e+01	4.86973e+00	2.56382e+00
1.64318e+01	5.90118e+00	2.84606e+00
1.71907e+01	6.99984e+00	3.16684e+00
1.79846e+01	8.11043e+00	3.54184e+00
1.88152e+01	9.24371e+00	3.91667e+00
1.96842e+01	1.04368e+01	4.29418e+00
2.05933e+01	1.16229e+01	4.74042e+00
2.15444e+01	1.27942e+01	5.18553e+00
2.25393e+01	1.39436e+01	5.62609e+00
2.35803e+01	1.50653e+01	6.05916e+00
2.46693e+01	1.61543e+01	6.48816e+00
2.58086e+01	1.72218e+01	7.00381e+00
2.70006e+01	1.82836e+01	7.52366e+00
2.82475e+01	1.93052e+01	8.03455e+00
2.95521e+01	2.02977e+01	8.53311e+00
3.09169e+01	2.12697e+01	9.01648e+00
3.23448e+01	2.21958e+01	9.50987e+00
3.38385e+01	2.30732e+01	9.99729e+00
3.54013e+01	2.39000e+01	1.04657e+01
3.70363e+01	2.46744e+01	1.09131e+01
3.87467e+01	2.53954e+01	1.13377e+01
4.05362e+01	2.60620e+01	1.17381e+01
4.24083e+01	2.66739e+01	1.21133e+01
4.43669e+01	2.72309e+01	1.24625e+01
4.64159e+01	2.77330e+01	1.27851e+01
4.85595e+01	2.81807e+01	1.30866e+01
5.08022e+01	2.85745e+01	1.33734e+01
5.31484e+01	2.89152e+01	1.36343e+01
5.56030e+01	2.92039e+01	1.38689e+01
5.81709e+01	2.94416e+01	1.40773e+01
6.08575e+01	2.96296e+01	1.42596e+01
6.36681e+01	2.97693e+01	1.44161e+01
6.66085e+01	2.98623e+01	1.45471e+01
6.96847e+01	2.99101e+01	1.46531e+01
7.29030e+01	2.99144e+01	1.47347e+01
7.62699e+01	2.98770e+01	1.47927e+01
7.97923e+01	2.97997e+01	1.48276e+01
8.34773e+01	2.96844e+01	1.48404e+01
8.73326e+01	2.95330e+01	1.48319e+01
9.13659e+01	2.93473e+01	1.48030e+01
9.55855e+01	2.91293e+01	1.47546e+01
1.00000e+02	2.88810e+01	1.46876e+01
1.04618e+02	2.86043e+01	1.46030e+01
1.09450e+02	2.83011e+01	1.45018e+01
1.14505e+02	2.79734e+01	1.43850e+01
1.19793e+02	2.76229e+01	1.42535e+01
1.25325e+02	2.72515e+01	1.41084e+01
1.31113e+02	2.68611e+01	1.39505e+01
1.37169e+02	2.64535e+01	1.37826e+01
1.43504e+02	2.60302e+01	1.36051e+01
1.50131e+02	2.55931e+01	1.34178e+01
1.57065e+02	2.51436e+01	1.32216e+01
1.64318e+02	2.46834e+01	1.30174e+01
1.71907e+02	2.42140e+01	1.28059e+01
1.79846e+02	2.37367e+01	1.25879e+01
1.88152e+02	2.32529e+01	1.23643e+01
1.96842e+02	2.27640e+01	1.21357e+01
2.05933e+02	2.22711e+01	1.19028e+01
2.15444e+02	2.17755e+01	1.16664e+01
2.25393e+02	2.12782e+01	1.14273e+01
2.35803e+02	2.07803e+01	1.11867e+01
2.46693e+02	2.02827e+01	1.09445e+01
2.58086e+02	1.97863e+01	1.07011e+01
2.70005e+02	1.92921e+01	1.04571e+01
2.82475e+02	1.88007e+01	1.02129e+01
2.95521e+02	1.83129e+01	9.96906e+00
3.09169e+02	1.78296e+01	9.72594e+00
3.23448e+02	1.73520e+01	9.48395e+00
3.38385e+02	1.68799e+01	9.24344e+00
3.54013e+02	1.64138e+01	9.00475e+00
3.70363e+02	1.59541e+01	8.76820e+00
3.87467e+02	1.55012e+01	8.53407e+00
4.05362e+02	1.50556e+01	8.30261e+00
4.24083e+02	1.46173e+01	8.07408e+00
4.43669e+02	1.41869e+01	7.84867e+00
4.64159e+02	1.37644e+01	7.62659e+00
4.85595e+02	1.33501e+01	7.40800e+00
5.08022e+02	1.29442e+01	7.19306e+00
5.31484e+02	1.25467e+01	6.98189e+00
5.56030e+02	1.21578e+01	6.77461e+00
5.81709e+02	1.17776e+01	6.57132e+00
6.08574e+02	1.14061e+01	6.37209e+00
6.36681e+02	1.10434e+01	6.17701e+00
6.66085e+02	1.06894e+01	5.98611e+00
6.96847e+02	1.03442e+01	5.79943e+00
7.29029e+02	1.00077e+01	5.61702e+00
7.62699e+02	9.67988e+00	5.43887e+00
7.97923e+02	9.36069e+00	5.26500e+00
8.34773e+02	9.05004e+00	5.09540e+00
8.73326e+02	8.74785e+00	4.93007e+00
9.13659e+02	8.45402e+00	4.76897e+00
9.55855e+02	8.16845e+00	4.61208e+00
1.00000e+03	7.89101e+00	4.45937e+00
1.04618e+03	7.62158e+00	4.31079e+00
1.09450e+03	7.36004e+00	4.16631e+00
1.14505e+03	7.10624e+00	4.02586e+00
1.19793e+03	6.86005e+00	3.88939e+00
1.25325e+03	6.62131e+00	3.75684e+00
1.31113e+03	6.38987e+00	3.62815e+00
1.37169e+03	6.16559e+00	3.50326e+00
1.43504e+03	5.94830e+00	3.38209e+00
1.50131e+03	5.73785e+00	3.26458e+00
1.57065e+03	5.53409e+00	3.15064e+00
1.64318e+03	5.33684e+00	3.04021e+00
1.71907e+03	5.14596e+00	2.93322e+00
1.79846e+03	4.96128e+00	2.82958e+00
1.88152e+03	4.78265e+00	2.72922e+00
1.96842e+03	4.60990e+00	2.63207e+00
2.05933e+03	4.44288e+00	2.53803e+00
2.15443e+03	4.28144e+00	2.44705e+00
2.25393e+03	4.12542e+00	2.35903e+00
2.35803e+03	3.97467e+00	2.27391e+00
2.46693e+03	3.82903e+00	2.19161e+00
2.58086e+03	3.68837e+00	2.11205e+00
2.70005e+03	3.55254e+00	2.03515e+00
2.82475e+03	3.42138e+00	1.96084e+00
2.95521e+03	3.29478e+00	1.88905e+00
3.09169e+03	3.17257e+00	1.81971e+00
3.23448e+03	3.05464e+00	1.75275e+00
3.38386e+03	2.94085e+00	1.68809e+00
3.54013e+03	2.83107e+00	1.62567e+00
3.70363e+03	2.72517e+00	1.56541e+00
3.87468e+03	2.62303e+00	1.50726e+00
4.05362e+03	2.52453e+00	1.45115e+00
4.24083e+03	2.42956e+00	1.39701e+00
4.43669e+03	2.33799e+00	1.34479e+00
4.64159e+03	2.24972e+00	1.29442e+00
4.85595e+03	2.16464e+00	1.24584e+00
5.08022e+03	2.08263e+00	1.19900e+00
5.31484e+03	2.00361e+00	1.15384e+00
5.56030e+03	1.92747e+00	1.11030e+00
5.81709e+03	1.85411e+00	1.06834e+00
6.08574e+03	1.78343e+00	1.02789e+00
6.36681e+03	1.71535e+00	9.88909e-01
6.66085e+03	1.64978e+00	9.51349e-01
6.96847e+03	1.58662e+00	9.15160e-01
7.29030e+03	1.52581e+00	8.80297e-01
7.62699e+03	1.46724e+00	8.46712e-01
7.97923e+03	1.41086e+00	8.14363e-01
8.34773e+03	1.35657e+00	7.83207e-01
8.73326e+03	1.30431e+00	7.53204e-01
9.13659e+03	1.25400e+00	7.24311e-01
9.55855e+03	1.20558e+00	6.96492e-01
1.00000e+04	1.15897e+00	6.69708e-01
1.04618e+04	1.11412e+00	6.43922e-01
1.09450e+04	1.07095e+00	6.19101e-01
1.14505e+04	1.02941e+00	5.95208e-01
1.19793e+04	9.89448e-01	5.72211e-01
1.25325e+04	9.50995e-01	5.50079e-01
1.31113e+04	9.13999e-01	5.28780e-01
1.37169e+04	8.78409e-01	5.08284e-01
1.43504e+04	8.44171e-01	4.88562e-01
1.50131e+04	8.11238e-01	4.69586e-01
1.57065e+04	7.79561e-01	4.51330e-01
1.64318e+04	7.49094e-01	4.33766e-01
1.71907e+04	7.19792e-01	4.16870e-01
1.79847e+04	6.91612e-01	4.00617e-01
1.88152e+04	6.64513e-01	3.84983e-01
1.96842e+04	6.38455e-01	3.69947e-01
2.05933e+04	6.13398e-01	3.55485e-01
2.15443e+04	5.89306e-01	3.41576e-01
2.25393e+04	5.66142e-01	3.28201e-01
2.35803e+04	5.43871e-01	3.15339e-01
2.46693e+04	5.22461e-01	3.02971e-01
2.58086e+04	5.01878e-01	2.91079e-01
2.70005e+04	4.82092e-01	2.79644e-01
2.82475e+04	4.63073e-01	2.68651e-01
2.95521e+04	4.44792e-01	2.58082e-01
3.09169e+04	4.27220e-01	2.47921e-01
3.23448e+04	4.10331e-01	2.38153e-01
3.38386e+04	3.94099e-01	2.28764e-01
3.54013e+04	3.78499e-01	2.19738e-01
3.70363e+04	3.63507e-01	2.11063e-01
3.87468e+04	3.49100e-01	2.02724e-01
4.05362e+04	3.35255e-01	1.94710e-01
4.24083e+04	3.21951e-01	1.87007e-01
4.43669e+04	3.09167e-01	1.79605e-01
4.64159e+04	2.96884e-01	1.72491e-01
4.85595e+04	2.85082e-01	1.65655e-01
5.08022e+04	2.73743e-01	1.59085e-01
5.31484e+04	2.62848e-01	1.52772e-01
5.56030e+04	2.52381e-01	1.46706e-01
5.81709e+04	2.42326e-01	1.40878e-01
6.08574e+04	2.32666e-01	1.35278e-01
6.36681e+04	2.23386e-01	1.29898e-01
6.66085e+04	2.14472e-01	1.24728e-01
6.96847e+04	2.05908e-01	1.19762e-01
7.29029e+04	1.97683e-01	1.14991e-01
7.62699e+04	1.89782e-01	1.10407e-01
7.97923e+04	1.82193e-01	1.06004e-01
8.34773e+04	1.74904e-01	1.01774e-01
8.73326e+04	1.67904e-01	9.77109e-02
9.13659e+04	1.61180e-01	9.38081e-02
9.55855e+04	1.54722e-01	9.00592e-02
1.00000e+05	1.48520e-01	8.64584e-02
1.04618e+05	1.42564e-01	8.29998e-02
1.09450e+05	1.36845e-01	7.96780e-02
1.14505e+05	1.31352e-01	7.64877e-02
1.19793e+05	1.26077e-01	7.34236e-02
1.25325e+05	1.21012e-01	7.04809e-02
1.31113e+05	1.16149e-01	6.76548e-02
1.37169e+05	1.11478e-01	6.49409e-02
1.43504e+05	1.06994e-01	6.23346e-02
1.50131e+05	1.02689e-01	5.98318e-02
1.57065e+05	9.85543e-02	5.74285e-02
1.64318e+05	9.45849e-02	5.51207e-02
1.71907e+05	9.07738e-02	5.29046e-02
1.79846e+05	8.71148e-02	5.07768e-02
1.88152e+05	8.36019e-02	4.87337e-02
1.96842e+05	8.02293e-02	4.67720e-02
2.05933e+05	7.69915e-02	4.48885e-02
2.15444e+05	7.38832e-02	4.30801e-02
2.25393e+05	7.08992e-02	4.13438e-02
2.35803e+05	6.80347e-02	3.96769e-02
2.46693e+05	6.52848e-02	3.80765e-02
2.58086e+05	6.26451e-02	3.65401e-02
2.70006e+05	6.01112e-02	3.50651e-02
2.82475e+05	5.76790e-02	3.36491e-02
2.95521e+05	5.53442e-02	3.22898e-02
3.09169e+05	5.31032e-02	3.09849e-02
3.23448e+05	5.09522e-02	2.97323e-02
3.38386e+05	4.88876e-02	2.85298e-02
3.54013e+05	4.69060e-02	2.73756e-02
3.70363e+05	4.50040e-02	2.62677e-02
3.87468e+05	4.31785e-02	2.52042e-02
4.05362e+05	4.14265e-02	2.41834e-02
4.24083e+05	3.97450e-02	2.32036e-02
4.43669e+05	3.81312e-02	2.22632e-02
4.64159e+05	3.65824e-02	2.13606e-02
4.85595e+05	3.50960e-02	2.04943e-02
5.08022e+05	3.36696e-02	1.96629e-02
5.31484e+05	3.23007e-02	1.88649e-02
5.56030e+05	3.09871e-02	1.80990e-02
5.81709e+05	2.97265e-02	1.73640e-02
6.08574e+05	2.85168e-02	1.66586e-02
6.36680e+05	2.73559e-02	1.59816e-02
6.66085e+05	2.62420e-02	1.53320e-02
6.96847e+05	2.51731e-02	1.47085e-02
7.29030e+05	2.41474e-02	1.41102e-02
7.62699e+05	2.31632e-02	1.35361e-02
7.97923e+05	2.22188e-02	1.29852e-02
8.34773e+05	2.13127e-02	1.24565e-02
8.73326e+05	2.04433e-02	1.19492e-02
9.13659e+05	1.96091e-02	1.14624e-02
9.55855e+05	1.88087e-02	1.09953e-02
1.00000e+06	1.80408e-02	1.05471e-02
