# N2H3 cross section
256
1.00000e+01	5.41811e-01
1.02746e+01	6.19874e-01
1.05567e+01	6.99140e-01
1.08466e+01	7.79383e-01
1.11445e+01	8.85940e-01
1.14505e+01	1.01444e+00
1.17649e+01	1.16357e+00
1.20880e+01	1.36927e+00
1.24199e+01	1.59313e+00
1.27609e+01	1.82301e+00
1.31113e+01	2.05794e+00
1.34714e+01	2.29703e+00
1.38413e+01	2.56139e+00
1.42214e+01	2.84150e+00
1.46119e+01	3.12535e+00
1.50131e+01	3.41204e+00
1.54254e+01	3.70073e+00
1.58489e+01	3.99066e+00
1.62841e+01	4.28171e+00
1.67313e+01	4.60475e+00
1.71907e+01	4.94761e+00
1.76628e+01	5.29193e+00
1.81478e+01	5.63684e+00
1.86461e+01	5.98471e+00
1.91581e+01	6.37279e+00
1.96842e+01	6.76459e+00
2.02247e+01	7.15630e+00
2.07801e+01	7.54699e+00
2.13507e+01	7.93577e+00
2.19370e+01	8.32184e+00
2.25393e+01	8.70445e+00
2.31583e+01	9.08292e+00
2.37942e+01	9.45661e+00
2.44475e+01	9.82495e+00
2.51189e+01	1.01874e+01
2.58086e+01	1.05476e+01
2.65173e+01	1.09098e+01
2.72455e+01	1.12654e+01
2.79936e+01	1.16213e+01
2.87623e+01	1.19739e+01
2.95521e+01	1.23192e+01
3.03636e+01	1.26568e+01
3.11974e+01	1.29862e+01
3.20540e+01	1.33072e+01
3.29342e+01	1.36195e+01
3.38385e+01	1.39226e+01
3.47677e+01	1.42184e+01
3.57225e+01	1.45104e+01
3.67034e+01	1.47994e+01
3.77112e+01	1.50800e+01
3.87467e+01	1.53511e+01
3.98107e+01	1.56126e+01
4.09039e+01	1.58641e+01
4.20271e+01	1.61055e+01
4.31811e+01	1.63366e+01
4.43669e+01	1.65574e+01
4.55852e+01	1.67677e+01
4.68369e+01	1.69674e+01
4.81230e+01	1.71565e+01
4.94445e+01	1.73350e+01
5.08022e+01	1.75028e+01
5.21972e+01	1.76599e+01
5.36305e+01	1.78063e+01
5.51032e+01	1.79421e+01
5.66163e+01	1.80673e+01
5.81709e+01	1.81821e+01
5.97683e+01	1.82863e+01
6.14095e+01	1.83802e+01
6.30957e+01	1.84639e+01
6.48283e+01	1.85374e+01
6.66085e+01	1.86009e+01
6.84375e+01	1.86546e+01
7.03168e+01	1.86984e+01
7.22476e+01	1.87327e+01
7.42315e+01	1.87576e+01
7.62699e+01	1.87732e+01
7.83642e+01	1.87798e+01
8.05160e+01	1.87774e+01
8.27270e+01	1.87663e+01
8.49986e+01	1.87467e+01
8.73326e+01	1.87188e+01
8.97307e+01	1.86828e+01
9.21947e+01	1.86389e+01
9.47263e+01	1.85873e+01
9.73274e+01	1.85282e+01
1.00000e+02	1.84619e+01
1.02746e+02	1.83886e+01
1.05567e+02	1.83084e+01
1.08466e+02	1.82217e+01
1.11445e+02	1.81286e+01
1.14505e+02	1.80294e+01
1.17649e+02	1.79243e+01
1.20880e+02	1.78135e+01
1.24199e+02	1.76973e+01
1.27609e+02	1.75758e+01
1.31113e+02	1.74494e+01
1.34714e+02	1.73182e+01
1.38413e+02	1.71825e+01
1.42214e+02	1.70424e+01
1.46119e+02	1.68983e+01
1.50131e+02	1.67503e+01
1.54254e+02	1.65986e+01
1.58489e+02	1.64435e+01
1.62841e+02	1.62851e+01
1.67313e+02	1.61237e+01
1.71907e+02	1.59595e+01
1.76628e+02	1.57926e+01
1.81478e+02	1.56233e+01
1.86461e+02	1.54517e+01
1.91581e+02	1.52781e+01
1.96842e+02	1.51026e+01
2.02247e+02	1.49254e+01
2.07801e+02	1.47467e+01
2.13507e+02	1.45666e+01
2.19370e+02	1.43854e+01
2.25393e+02	1.42031e+01
2.31583e+02	1.40200e+01
2.37942e+02	1.38361e+01
2.44476e+02	1.36517e+01
2.51189e+02	1.34668e+01
2.58086e+02	1.32817e+01
2.65173e+02	1.30963e+01
2.72455e+02	1.29110e+01
2.79936e+02	1.27258e+01
2.87623e+02	1.25407e+01
2.95521e+02	1.23560e+01
3.03636e+02	1.21718e+01
3.11974e+02	1.19880e+01
3.20540e+02	1.18050e+01
3.29342e+02	1.16226e+01
3.38385e+02	1.14411e+01
3.47677e+02	1.12605e+01
3.57224e+02	1.10809e+01
3.67034e+02	1.09024e+01
3.77112e+02	1.07250e+01
3.87467e+02	1.05489e+01
3.98107e+02	1.03740e+01
4.09039e+02	1.02005e+01
4.20271e+02	1.00284e+01
4.31811e+02	9.85798e+00
4.43669e+02	9.68910e+00
4.55852e+02	9.52181e+00
4.68369e+02	9.35614e+00
4.81230e+02	9.19213e+00
4.94445e+02	9.02982e+00
5.08022e+02	8.86925e+00
5.21972e+02	8.71045e+00
5.36305e+02	8.55344e+00
5.51032e+02	8.39825e+00
5.66163e+02	8.24491e+00
5.81709e+02	8.09343e+00
5.97683e+02	7.94384e+00
6.14095e+02	7.79615e+00
6.30957e+02	7.65038e+00
6.48283e+02	7.50653e+00
6.66085e+02	7.36462e+00
6.84375e+02	7.22465e+00
7.03168e+02	7.08664e+00
7.22476e+02	6.95058e+00
7.42315e+02	6.81647e+00
7.62699e+02	6.68432e+00
7.83642e+02	6.55413e+00
8.05160e+02	6.42590e+00
8.27270e+02	6.29961e+00
8.49986e+02	6.17527e+00
8.73326e+02	6.05287e+00
8.97307e+02	5.93240e+00
9.21947e+02	5.81385e+00
9.47263e+02	5.69722e+00
9.73274e+02	5.58249e+00
1.00000e+03	5.46964e+00
1.02746e+03	5.35868e+00
1.05567e+03	5.24958e+00
1.08466e+03	5.14232e+00
1.11444e+03	5.03690e+00
1.14505e+03	4.93330e+00
1.17649e+03	4.83151e+00
1.20880e+03	4.73149e+00
1.24199e+03	4.63324e+00
1.27609e+03	4.53675e+00
1.31113e+03	4.44198e+00
1.34714e+03	4.34893e+00
1.38413e+03	4.25756e+00
1.42214e+03	4.16787e+00
1.46119e+03	4.07983e+00
1.50131e+03	3.99343e+00
1.54254e+03	3.90863e+00
1.58489e+03	3.82543e+00
1.62841e+03	3.74380e+00
1.67313e+03	3.66371e+00
1.71907e+03	3.58516e+00
1.76628e+03	3.50811e+00
1.81478e+03	3.43255e+00
1.86461e+03	3.35845e+00
1.91581e+03	3.28579e+00
1.96842e+03	3.21456e+00
2.02247e+03	3.14472e+00
2.07801e+03	3.07626e+00
2.13507e+03	3.00916e+00
2.19370e+03	2.94340e+00
2.25393e+03	2.87895e+00
2.31583e+03	2.81580e+00
2.37942e+03	2.75391e+00
2.44476e+03	2.69328e+00
2.51189e+03	2.63388e+00
2.58086e+03	2.57569e+00
2.65173e+03	2.51868e+00
2.72455e+03	2.46285e+00
2.79936e+03	2.40817e+00
2.87623e+03	2.35461e+00
2.95521e+03	2.30217e+00
3.03636e+03	2.25081e+00
3.11974e+03	2.20053e+00
3.20540e+03	2.15130e+00
3.29342e+03	2.10310e+00
3.38386e+03	2.05591e+00
3.47677e+03	2.00971e+00
3.57224e+03	1.96450e+00
3.67034e+03	1.92024e+00
3.77112e+03	1.87692e+00
3.87468e+03	1.83452e+00
3.98107e+03	1.79303e+00
4.09039e+03	1.75243e+00
4.20271e+03	1.71270e+00
4.31811e+03	1.67382e+00
4.43669e+03	1.63579e+00
4.55852e+03	1.59857e+00
4.68369e+03	1.56216e+00
4.81230e+03	1.52653e+00
4.94445e+03	1.49169e+00
5.08022e+03	1.45760e+00
5.21972e+03	1.42425e+00
5.36305e+03	1.39164e+00
5.51032e+03	1.35973e+00
5.66163e+03	1.32853e+00
5.81709e+03	1.29802e+00
5.97683e+03	1.26817e+00
6.14095e+03	1.23899e+00
6.30957e+03	1.21045e+00
6.48283e+03	1.18254e+00
6.66085e+03	1.15525e+00
6.84375e+03	1.12856e+00
7.03168e+03	1.10247e+00
7.22476e+03	1.07696e+00
7.42315e+03	1.05202e+00
7.62699e+03	1.02764e+00
7.83642e+03	1.00380e+00
8.05160e+03	9.80498e-01
8.27270e+03	9.57717e-01
8.49986e+03	9.35448e-01
8.73326e+03	9.13680e-01
8.97307e+03	8.92402e-01
9.21947e+03	8.71604e-01
9.47263e+03	8.51276e-01
9.73274e+03	8.31407e-01
1.00000e+04	8.11988e-01
