# NC6N cross section
256
1.00000e+01	0.00000e+00
1.02746e+01	0.00000e+00
1.05567e+01	0.00000e+00
1.08466e+01	0.00000e+00
1.11445e+01	0.00000e+00
1.14505e+01	1.10735e-01
1.17649e+01	3.15808e-01
1.20880e+01	5.31946e-01
1.24199e+01	7.57699e-01
1.27609e+01	9.91727e-01
1.31113e+01	1.23279e+00
1.34714e+01	1.58800e+00
1.38413e+01	2.00553e+00
1.42214e+01	2.47877e+00
1.46119e+01	3.06546e+00
1.50131e+01	3.78083e+00
1.54254e+01	4.63186e+00
1.58489e+01	5.53589e+00
1.62841e+01	6.46089e+00
1.67313e+01	7.40282e+00
1.71907e+01	8.35792e+00
1.76628e+01	9.32272e+00
1.81478e+01	1.02940e+01
1.86461e+01	1.12689e+01
1.91581e+01	1.22447e+01
1.96842e+01	1.32188e+01
2.02247e+01	1.41889e+01
2.07801e+01	1.51531e+01
2.13507e+01	1.61092e+01
2.19370e+01	1.70556e+01
2.25393e+01	1.79906e+01
2.31583e+01	1.89212e+01
2.37942e+01	1.98596e+01
2.44475e+01	2.07842e+01
2.51189e+01	2.16992e+01
2.58086e+01	2.26188e+01
2.65173e+01	2.35222e+01
2.72455e+01	2.44156e+01
2.79936e+01	2.53072e+01
2.87623e+01	2.61806e+01
2.95521e+01	2.70346e+01
3.03636e+01	2.78741e+01
3.11974e+01	2.87064e+01
3.20540e+01	2.95238e+01
3.29342e+01	3.03317e+01
3.38385e+01	3.11179e+01
3.47677e+01	3.18961e+01
3.57225e+01	3.26670e+01
3.67034e+01	3.34154e+01
3.77112e+01	3.41406e+01
3.87467e+01	3.48418e+01
3.98107e+01	3.55184e+01
4.09039e+01	3.61700e+01
4.20271e+01	3.67959e+01
4.31811e+01	3.73958e+01
4.43669e+01	3.79695e+01
4.55852e+01	3.85166e+01
4.68369e+01	3.90371e+01
4.81230e+01	3.95306e+01
4.94445e+01	3.99972e+01
5.08022e+01	4.04369e+01
5.21972e+01	4.08496e+01
5.36305e+01	4.12354e+01
5.51032e+01	4.15944e+01
5.66163e+01	4.19269e+01
5.81709e+01	4.22328e+01
5.97683e+01	4.25125e+01
6.14095e+01	4.27663e+01
6.30957e+01	4.29944e+01
6.48283e+01	4.31970e+01
6.66085e+01	4.33746e+01
6.84375e+01	4.35276e+01
7.03168e+01	4.36562e+01
7.22476e+01	4.37609e+01
7.42315e+01	4.38422e+01
7.62699e+01	4.39004e+01
7.83642e+01	4.39361e+01
8.05160e+01	4.39497e+01
8.27270e+01	4.39418e+01
8.49986e+01	4.39127e+01
8.73326e+01	4.38631e+01
8.97307e+01	4.37934e+01
9.21947e+01	4.37043e+01
9.47263e+01	4.35962e+01
9.73274e+01	4.34697e+01
1.00000e+02	4.33254e+01
1.02746e+02	4.31638e+01
1.05567e+02	4.29855e+01
1.08466e+02	4.27910e+01
1.11445e+02	4.25810e+01
1.14505e+02	4.23560e+01
1.17649e+02	4.21165e+01
1.20880e+02	4.18632e+01
1.24199e+02	4.15966e+01
1.27609e+02	4.13172e+01
1.31113e+02	4.10257e+01
1.34714e+02	4.07226e+01
1.38413e+02	4.04084e+01
1.42214e+02	4.00837e+01
1.46119e+02	3.97490e+01
1.50131e+02	3.94050e+01
1.54254e+02	3.90520e+01
1.58489e+02	3.86906e+01
1.62841e+02	3.83213e+01
1.67313e+02	3.79447e+01
1.71907e+02	3.75611e+01
1.76628e+02	3.71712e+01
1.81478e+02	3.67754e+01
1.86461e+02	3.63741e+01
1.91581e+02	3.59678e+01
1.96842e+02	3.55569e+01
2.02247e+02	3.51419e+01
2.07801e+02	3.47231e+01
2.13507e+02	3.43011e+01
2.19370e+02	3.38762e+01
2.25393e+02	3.34488e+01
2.31583e+02	3.30192e+01
2.37942e+02	3.25878e+01
2.44476e+02	3.21550e+01
2.51189e+02	3.17212e+01
2.58086e+02	3.12865e+01
2.65173e+02	3.08515e+01
2.72455e+02	3.04163e+01
2.79936e+02	2.99813e+01
2.87623e+02	2.95467e+01
2.95521e+02	2.91129e+01
3.03636e+02	2.86800e+01
3.11974e+02	2.82488e+01
3.20540e+02	2.78198e+01
3.29342e+02	2.73926e+01
3.38385e+02	2.69674e+01
3.47677e+02	2.65443e+01
3.57224e+02	2.61236e+01
3.67034e+02	2.57054e+01
3.77112e+02	2.52900e+01
3.87467e+02	2.48773e+01
3.98107e+02	2.44677e+01
4.09039e+02	2.40613e+01
4.20271e+02	2.36582e+01
4.31811e+02	2.32586e+01
4.43669e+02	2.28626e+01
4.55852e+02	2.24703e+01
4.68369e+02	2.20818e+01
4.81230e+02	2.16972e+01
4.94445e+02	2.13165e+01
5.08022e+02	2.09398e+01
5.21972e+02	2.05673e+01
5.36305e+02	2.01989e+01
5.51032e+02	1.98347e+01
5.66163e+02	1.94748e+01
5.81709e+02	1.91193e+01
5.97683e+02	1.87682e+01
6.14095e+02	1.84215e+01
6.30957e+02	1.80792e+01
6.48283e+02	1.77414e+01
6.66085e+02	1.74081e+01
6.84375e+02	1.70794e+01
7.03168e+02	1.67552e+01
7.22476e+02	1.64355e+01
7.42315e+02	1.61204e+01
7.62699e+02	1.58099e+01
7.83642e+02	1.55039e+01
8.05160e+02	1.52025e+01
8.27270e+02	1.49056e+01
8.49986e+02	1.46132e+01
8.73326e+02	1.43254e+01
8.97307e+02	1.40421e+01
9.21947e+02	1.37632e+01
9.47263e+02	1.34888e+01
9.73274e+02	1.32189e+01
1.00000e+03	1.29533e+01
1.02746e+03	1.26921e+01
1.05567e+03	1.24353e+01
1.08466e+03	1.21828e+01
1.11444e+03	1.19346e+01
1.14505e+03	1.16906e+01
1.17649e+03	1.14509e+01
1.20880e+03	1.12152e+01
1.24199e+03	1.09838e+01
1.27609e+03	1.07564e+01
1.31113e+03	1.05330e+01
1.34714e+03	1.03137e+01
1.38413e+03	1.00983e+01
1.42214e+03	9.88678e+00
1.46119e+03	9.67915e+00
1.50131e+03	9.47534e+00
1.54254e+03	9.27531e+00
1.58489e+03	9.07899e+00
1.62841e+03	8.88635e+00
1.67313e+03	8.69733e+00
1.71907e+03	8.51189e+00
1.76628e+03	8.32998e+00
1.81478e+03	8.15155e+00
1.86461e+03	7.97654e+00
1.91581e+03	7.80492e+00
1.96842e+03	7.63662e+00
2.02247e+03	7.47161e+00
2.07801e+03	7.30982e+00
2.13507e+03	7.15122e+00
2.19370e+03	6.99575e+00
2.25393e+03	6.84337e+00
2.31583e+03	6.69401e+00
2.37942e+03	6.54765e+00
2.44476e+03	6.40422e+00
2.51189e+03	6.26368e+00
2.58086e+03	6.12598e+00
2.65173e+03	5.99107e+00
2.72455e+03	5.85891e+00
2.79936e+03	5.72946e+00
2.87623e+03	5.60265e+00
2.95521e+03	5.47846e+00
3.03636e+03	5.35682e+00
3.11974e+03	5.23770e+00
3.20540e+03	5.12106e+00
3.29342e+03	5.00684e+00
3.38386e+03	4.89501e+00
3.47677e+03	4.78551e+00
3.57224e+03	4.67832e+00
3.67034e+03	4.57338e+00
3.77112e+03	4.47066e+00
3.87468e+03	4.37011e+00
3.98107e+03	4.27170e+00
4.09039e+03	4.17537e+00
4.20271e+03	4.08110e+00
4.31811e+03	3.98885e+00
4.43669e+03	3.89857e+00
4.55852e+03	3.81022e+00
4.68369e+03	3.72378e+00
4.81230e+03	3.63920e+00
4.94445e+03	3.55645e+00
5.08022e+03	3.47549e+00
5.21972e+03	3.39629e+00
5.36305e+03	3.31880e+00
5.51032e+03	3.24301e+00
5.66163e+03	3.16887e+00
5.81709e+03	3.09635e+00
5.97683e+03	3.02542e+00
6.14095e+03	2.95604e+00
6.30957e+03	2.88819e+00
6.48283e+03	2.82183e+00
6.66085e+03	2.75693e+00
6.84375e+03	2.69347e+00
7.03168e+03	2.63142e+00
7.22476e+03	2.57073e+00
7.42315e+03	2.51140e+00
7.62699e+03	2.45338e+00
7.83642e+03	2.39666e+00
8.05160e+03	2.34120e+00
8.27270e+03	2.28698e+00
8.49986e+03	2.23397e+00
8.73326e+03	2.18214e+00
8.97307e+03	2.13148e+00
9.21947e+03	2.08196e+00
9.47263e+03	2.03355e+00
9.73274e+03	1.98623e+00
1.00000e+04	1.93998e+00
