# NH cross section
256
1.00000e+01	0.00000e+00	0.00000e+00
1.02746e+01	0.00000e+00	0.00000e+00
1.05567e+01	0.00000e+00	0.00000e+00
1.08466e+01	0.00000e+00	0.00000e+00
1.11445e+01	0.00000e+00	0.00000e+00
1.14505e+01	0.00000e+00	0.00000e+00
1.17649e+01	0.00000e+00	0.00000e+00
1.20880e+01	0.00000e+00	0.00000e+00
1.24199e+01	0.00000e+00	0.00000e+00
1.27609e+01	0.00000e+00	0.00000e+00
1.31113e+01	0.00000e+00	0.00000e+00
1.34714e+01	4.19623e-02	0.00000e+00
1.38413e+01	1.44360e-01	0.00000e+00
1.42214e+01	2.52507e-01	0.00000e+00
1.46119e+01	3.65672e-01	0.00000e+00
1.50131e+01	4.83180e-01	0.00000e+00
1.54254e+01	6.22537e-01	2.59317e-02
1.58489e+01	7.77104e-01	1.04707e-01
1.62841e+01	9.35863e-01	1.92906e-01
1.67313e+01	1.09811e+00	2.85253e-01
1.71907e+01	1.26318e+00	3.81178e-01
1.76628e+01	1.43048e+00	4.80152e-01
1.81478e+01	1.59945e+00	5.81686e-01
1.86461e+01	1.76957e+00	6.85329e-01
1.91581e+01	1.94036e+00	7.90663e-01
1.96842e+01	2.11138e+00	8.97303e-01
2.02247e+01	2.28224e+00	1.00489e+00
2.07801e+01	2.45255e+00	1.12466e+00
2.13507e+01	2.62197e+00	1.25275e+00
2.19370e+01	2.79018e+00	1.38187e+00
2.25393e+01	2.95689e+00	1.51163e+00
2.31583e+01	3.12182e+00	1.64164e+00
2.37942e+01	3.28474e+00	1.77158e+00
2.44475e+01	3.44541e+00	1.90113e+00
2.51189e+01	3.60362e+00	2.03000e+00
2.58086e+01	3.77075e+00	2.15793e+00
2.65173e+01	3.93728e+00	2.28467e+00
2.72455e+01	4.10147e+00	2.41001e+00
2.79936e+01	4.26308e+00	2.53373e+00
2.87623e+01	4.42187e+00	2.65564e+00
2.95521e+01	4.57766e+00	2.77558e+00
3.03636e+01	4.73024e+00	2.89339e+00
3.11974e+01	4.87945e+00	3.00893e+00
3.20540e+01	5.02555e+00	3.12205e+00
3.29342e+01	5.17591e+00	3.23266e+00
3.38385e+01	5.32293e+00	3.34063e+00
3.47677e+01	5.46645e+00	3.44587e+00
3.57225e+01	5.60629e+00	3.54830e+00
3.67034e+01	5.74231e+00	3.64783e+00
3.77112e+01	5.87437e+00	3.74440e+00
3.87467e+01	6.00237e+00	3.83795e+00
3.98107e+01	6.12619e+00	3.92841e+00
4.09039e+01	6.24574e+00	4.01575e+00
4.20271e+01	6.36095e+00	4.09993e+00
4.31811e+01	6.47174e+00	4.18091e+00
4.43669e+01	6.57805e+00	4.25867e+00
4.55852e+01	6.67985e+00	4.33317e+00
4.68369e+01	6.77708e+00	4.40442e+00
4.81230e+01	6.86973e+00	4.47239e+00
4.94445e+01	6.95776e+00	4.53708e+00
5.08022e+01	7.04117e+00	4.59849e+00
5.21972e+01	7.11995e+00	4.65662e+00
5.36305e+01	7.19410e+00	4.71148e+00
5.51032e+01	7.26363e+00	4.76308e+00
5.66163e+01	7.32855e+00	4.81144e+00
5.81709e+01	7.38889e+00	4.85657e+00
5.97683e+01	7.44466e+00	4.89850e+00
6.14095e+01	7.49592e+00	4.93726e+00
6.30957e+01	7.54269e+00	4.97286e+00
6.48283e+01	7.58501e+00	5.00535e+00
6.66085e+01	7.62293e+00	5.03476e+00
6.84375e+01	7.65651e+00	5.06113e+00
7.03168e+01	7.68580e+00	5.08450e+00
7.22476e+01	7.71086e+00	5.10491e+00
7.42315e+01	7.73175e+00	5.12240e+00
7.62699e+01	7.74855e+00	5.13704e+00
7.83642e+01	7.76132e+00	5.14885e+00
8.05160e+01	7.77013e+00	5.15821e+00
8.27270e+01	7.77507e+00	5.16652e+00
8.49986e+01	7.77621e+00	5.17226e+00
8.73326e+01	7.77364e+00	5.17548e+00
8.97307e+01	7.76744e+00	5.17623e+00
9.21947e+01	7.75769e+00	5.17454e+00
9.47263e+01	7.74449e+00	5.17048e+00
9.73274e+01	7.72792e+00	5.16408e+00
1.00000e+02	7.70807e+00	5.15541e+00
1.02746e+02	7.68504e+00	5.14451e+00
1.05567e+02	7.65893e+00	5.13144e+00
1.08466e+02	7.62982e+00	5.11627e+00
1.11445e+02	7.59781e+00	5.09904e+00
1.14505e+02	7.56300e+00	5.07983e+00
1.17649e+02	7.52548e+00	5.05869e+00
1.20880e+02	7.48536e+00	5.03568e+00
1.24199e+02	7.44272e+00	5.01087e+00
1.27609e+02	7.39767e+00	4.98431e+00
1.31113e+02	7.35031e+00	4.95608e+00
1.34714e+02	7.30072e+00	4.92624e+00
1.38413e+02	7.24901e+00	4.89485e+00
1.42214e+02	7.19527e+00	4.86197e+00
1.46119e+02	7.13960e+00	4.82766e+00
1.50131e+02	7.08209e+00	4.79201e+00
1.54254e+02	7.02283e+00	4.75505e+00
1.58489e+02	6.96192e+00	4.71687e+00
1.62841e+02	6.89945e+00	4.67751e+00
1.67313e+02	6.83551e+00	4.63704e+00
1.71907e+02	6.77018e+00	4.59553e+00
1.76628e+02	6.70356e+00	4.55303e+00
1.81478e+02	6.63573e+00	4.50961e+00
1.86461e+02	6.56677e+00	4.46565e+00
1.91581e+02	6.49676e+00	4.42097e+00
1.96842e+02	6.42580e+00	4.37556e+00
2.02247e+02	6.35395e+00	4.32947e+00
2.07801e+02	6.28130e+00	4.28274e+00
2.13507e+02	6.20792e+00	4.23542e+00
2.19370e+02	6.13388e+00	4.18757e+00
2.25393e+02	6.05926e+00	4.13923e+00
2.31583e+02	5.98413e+00	4.09045e+00
2.37942e+02	5.90855e+00	4.04128e+00
2.44476e+02	5.83259e+00	3.99177e+00
2.51189e+02	5.75631e+00	3.94194e+00
2.58086e+02	5.67979e+00	3.89186e+00
2.65173e+02	5.60306e+00	3.84156e+00
2.72455e+02	5.52621e+00	3.79108e+00
2.79936e+02	5.44928e+00	3.74046e+00
2.87623e+02	5.37232e+00	3.68973e+00
2.95521e+02	5.29538e+00	3.63895e+00
3.03636e+02	5.21853e+00	3.58813e+00
3.11974e+02	5.14180e+00	3.53732e+00
3.20540e+02	5.06524e+00	3.48655e+00
3.29342e+02	4.98890e+00	3.43585e+00
3.38385e+02	4.91282e+00	3.38525e+00
3.47677e+02	4.83704e+00	3.33477e+00
3.57224e+02	4.76159e+00	3.28446e+00
3.67034e+02	4.68652e+00	3.23433e+00
3.77112e+02	4.61186e+00	3.18441e+00
3.87467e+02	4.53764e+00	3.13473e+00
3.98107e+02	4.46390e+00	3.08530e+00
4.09039e+02	4.39066e+00	3.03615e+00
4.20271e+02	4.31795e+00	2.98731e+00
4.31811e+02	4.24586e+00	2.93879e+00
4.43669e+02	4.17441e+00	2.89060e+00
4.55852e+02	4.10356e+00	2.84278e+00
4.68369e+02	4.03335e+00	2.79532e+00
4.81230e+02	3.96379e+00	2.74826e+00
4.94445e+02	3.89491e+00	2.70161e+00
5.08022e+02	3.82671e+00	2.65537e+00
5.21972e+02	3.75921e+00	2.60956e+00
5.36305e+02	3.69244e+00	2.56420e+00
5.51032e+02	3.62639e+00	2.51930e+00
5.66163e+02	3.56110e+00	2.47486e+00
5.81709e+02	3.49655e+00	2.43089e+00
5.97683e+02	3.43277e+00	2.38741e+00
6.14095e+02	3.36977e+00	2.34442e+00
6.30957e+02	3.30755e+00	2.30192e+00
6.48283e+02	3.24611e+00	2.25993e+00
6.66085e+02	3.18547e+00	2.21846e+00
6.84375e+02	3.12564e+00	2.17749e+00
7.03168e+02	3.06660e+00	2.13705e+00
7.22476e+02	3.00837e+00	2.09713e+00
7.42315e+02	2.95096e+00	2.05774e+00
7.62699e+02	2.89435e+00	2.01888e+00
7.83642e+02	2.83856e+00	1.98055e+00
8.05160e+02	2.78358e+00	1.94275e+00
8.27270e+02	2.72941e+00	1.90549e+00
8.49986e+02	2.67605e+00	1.86876e+00
8.73326e+02	2.62351e+00	1.83257e+00
8.97307e+02	2.57177e+00	1.79691e+00
9.21947e+02	2.52084e+00	1.76179e+00
9.47263e+02	2.47071e+00	1.72720e+00
9.73274e+02	2.42138e+00	1.69314e+00
1.00000e+03	2.37285e+00	1.65961e+00
1.02746e+03	2.32510e+00	1.62661e+00
1.05567e+03	2.27814e+00	1.59414e+00
1.08466e+03	2.23197e+00	1.56219e+00
1.11444e+03	2.18656e+00	1.53076e+00
1.14505e+03	2.14193e+00	1.49984e+00
1.17649e+03	2.09805e+00	1.46944e+00
1.20880e+03	2.05494e+00	1.43955e+00
1.24199e+03	2.01257e+00	1.41017e+00
1.27609e+03	1.97094e+00	1.38128e+00
1.31113e+03	1.93005e+00	1.35289e+00
1.34714e+03	1.88989e+00	1.32500e+00
1.38413e+03	1.85044e+00	1.29760e+00
1.42214e+03	1.81171e+00	1.27067e+00
1.46119e+03	1.77368e+00	1.24423e+00
1.50131e+03	1.73635e+00	1.21826e+00
1.54254e+03	1.69970e+00	1.19276e+00
1.58489e+03	1.66373e+00	1.16772e+00
1.62841e+03	1.62843e+00	1.14314e+00
1.67313e+03	1.59380e+00	1.11901e+00
1.71907e+03	1.55981e+00	1.09532e+00
1.76628e+03	1.52647e+00	1.07208e+00
1.81478e+03	1.49377e+00	1.04927e+00
1.86461e+03	1.46169e+00	1.02690e+00
1.91581e+03	1.43023e+00	1.00494e+00
1.96842e+03	1.39938e+00	9.83410e-01
2.02247e+03	1.36913e+00	9.62288e-01
2.07801e+03	1.33947e+00	9.41573e-01
2.13507e+03	1.31040e+00	9.21258e-01
2.19370e+03	1.28189e+00	9.01339e-01
2.25393e+03	1.25395e+00	8.81808e-01
2.31583e+03	1.22657e+00	8.62661e-01
2.37942e+03	1.19973e+00	8.43891e-01
2.44476e+03	1.17344e+00	8.25493e-01
2.51189e+03	1.14767e+00	8.07461e-01
2.58086e+03	1.12242e+00	7.89789e-01
2.65173e+03	1.09768e+00	7.72471e-01
2.72455e+03	1.07345e+00	7.55502e-01
2.79936e+03	1.04971e+00	7.38875e-01
2.87623e+03	1.02646e+00	7.22586e-01
2.95521e+03	1.00368e+00	7.06628e-01
3.03636e+03	9.81381e-01	6.90997e-01
3.11974e+03	9.59539e-01	6.75685e-01
3.20540e+03	9.38150e-01	6.60689e-01
3.29342e+03	9.17206e-01	6.46002e-01
3.38386e+03	8.96700e-01	6.31619e-01
3.47677e+03	8.76623e-01	6.17534e-01
3.57224e+03	8.56968e-01	6.03743e-01
3.67034e+03	8.37727e-01	5.90240e-01
3.77112e+03	8.18892e-01	5.77020e-01
3.87468e+03	8.00456e-01	5.64078e-01
3.98107e+03	7.82411e-01	5.51409e-01
4.09039e+03	7.64751e-01	5.39007e-01
4.20271e+03	7.47467e-01	5.26867e-01
4.31811e+03	7.30552e-01	5.14986e-01
4.43669e+03	7.14001e-01	5.03358e-01
4.55852e+03	6.97804e-01	4.91977e-01
4.68369e+03	6.81957e-01	4.80841e-01
4.81230e+03	6.66451e-01	4.69942e-01
4.94445e+03	6.51281e-01	4.59279e-01
5.08022e+03	6.36440e-01	4.48845e-01
5.21972e+03	6.21920e-01	4.38636e-01
5.36305e+03	6.07717e-01	4.28648e-01
5.51032e+03	5.93823e-01	4.18877e-01
5.66163e+03	5.80233e-01	4.09318e-01
5.81709e+03	5.66941e-01	3.99967e-01
5.97683e+03	5.53939e-01	3.90820e-01
6.14095e+03	5.41223e-01	3.81873e-01
6.30957e+03	5.28788e-01	3.73122e-01
6.48283e+03	5.16626e-01	3.64563e-01
6.66085e+03	5.04732e-01	3.56192e-01
6.84375e+03	4.93102e-01	3.48006e-01
7.03168e+03	4.81729e-01	3.39999e-01
7.22476e+03	4.70609e-01	3.32170e-01
7.42315e+03	4.59736e-01	3.24514e-01
7.62699e+03	4.49105e-01	3.17028e-01
7.83642e+03	4.38710e-01	3.09708e-01
8.05160e+03	4.28548e-01	3.02550e-01
8.27270e+03	4.18613e-01	2.95552e-01
8.49986e+03	4.08900e-01	2.88711e-01
8.73326e+03	3.99406e-01	2.82021e-01
8.97307e+03	3.90124e-01	2.75482e-01
9.21947e+03	3.81051e-01	2.69089e-01
9.47263e+03	3.72182e-01	2.62840e-01
9.73274e+03	3.63513e-01	2.56730e-01
1.00000e+04	3.55039e-01	2.50758e-01
