# NH2 cross section
256
1.00000e+01	0.00000e+00	0.00000e+00
1.02746e+01	0.00000e+00	0.00000e+00
1.05567e+01	0.00000e+00	0.00000e+00
1.08466e+01	0.00000e+00	0.00000e+00
1.11445e+01	0.00000e+00	1.06523e-02
1.14505e+01	0.00000e+00	5.66387e-02
1.17649e+01	0.00000e+00	1.05329e-01
1.20880e+01	4.14225e-02	1.56390e-01
1.24199e+01	8.56645e-02	2.15373e-01
1.27609e+01	1.65552e-01	3.07414e-01
1.31113e+01	2.86204e-01	4.08971e-01
1.34714e+01	4.15421e-01	5.43875e-01
1.38413e+01	5.49762e-01	6.83617e-01
1.42214e+01	6.88502e-01	8.27488e-01
1.46119e+01	8.30970e-01	9.74831e-01
1.50131e+01	9.76547e-01	1.12504e+00
1.54254e+01	1.12466e+00	1.27755e+00
1.58489e+01	1.27477e+00	1.43185e+00
1.62841e+01	1.42640e+00	1.58746e+00
1.67313e+01	1.59182e+00	1.74392e+00
1.71907e+01	1.77910e+00	1.90084e+00
1.76628e+01	1.99077e+00	2.05784e+00
1.81478e+01	2.20517e+00	2.21456e+00
1.86461e+01	2.42156e+00	2.37069e+00
1.91581e+01	2.63925e+00	2.52592e+00
1.96842e+01	2.85763e+00	2.67999e+00
2.02247e+01	3.07609e+00	2.83263e+00
2.07801e+01	3.29411e+00	2.98362e+00
2.13507e+01	3.51119e+00	3.13273e+00
2.19370e+01	3.72687e+00	3.27978e+00
2.25393e+01	3.94075e+00	3.42458e+00
2.31583e+01	4.15242e+00	3.57866e+00
2.37942e+01	4.36154e+00	3.73684e+00
2.44475e+01	4.56779e+00	3.89318e+00
2.51189e+01	4.77086e+00	4.05746e+00
2.58086e+01	4.97049e+00	4.22517e+00
2.65173e+01	5.16641e+00	4.39107e+00
2.72455e+01	5.35842e+00	4.55483e+00
2.79936e+01	5.54629e+00	4.71616e+00
2.87623e+01	5.73354e+00	4.87479e+00
2.95521e+01	5.92370e+00	5.03048e+00
3.03636e+01	6.10980e+00	5.18299e+00
3.11974e+01	6.29160e+00	5.33212e+00
3.20540e+01	6.47160e+00	5.47768e+00
3.29342e+01	6.65318e+00	5.61952e+00
3.38385e+01	6.83038e+00	5.75748e+00
3.47677e+01	7.00300e+00	5.89142e+00
3.57225e+01	7.17084e+00	6.02122e+00
3.67034e+01	7.33371e+00	6.14678e+00
3.77112e+01	7.49148e+00	6.26800e+00
3.87467e+01	7.64400e+00	6.38480e+00
3.98107e+01	7.79115e+00	6.49712e+00
4.09039e+01	7.93283e+00	6.60489e+00
4.20271e+01	8.06896e+00	6.70806e+00
4.31811e+01	8.19945e+00	6.80659e+00
4.43669e+01	8.32425e+00	6.90047e+00
4.55852e+01	8.44330e+00	6.98965e+00
4.68369e+01	8.55658e+00	7.07414e+00
4.81230e+01	8.66405e+00	7.15392e+00
4.94445e+01	8.76570e+00	7.22900e+00
5.08022e+01	8.86153e+00	7.29939e+00
5.21972e+01	8.95154e+00	7.36510e+00
5.36305e+01	9.03574e+00	7.42615e+00
5.51032e+01	9.11416e+00	7.48257e+00
5.66163e+01	9.18683e+00	7.53440e+00
5.81709e+01	9.25378e+00	7.58168e+00
5.97683e+01	9.31505e+00	7.62444e+00
6.14095e+01	9.37071e+00	7.66274e+00
6.30957e+01	9.42081e+00	7.69663e+00
6.48283e+01	9.46541e+00	7.72618e+00
6.66085e+01	9.50458e+00	7.75143e+00
6.84375e+01	9.53839e+00	7.77246e+00
7.03168e+01	9.56693e+00	7.78933e+00
7.22476e+01	9.59029e+00	7.80212e+00
7.42315e+01	9.60854e+00	7.81090e+00
7.62699e+01	9.62179e+00	7.81576e+00
7.83642e+01	9.63013e+00	7.81677e+00
8.05160e+01	9.63365e+00	7.81402e+00
8.27270e+01	9.63248e+00	7.80759e+00
8.49986e+01	9.62670e+00	7.79758e+00
8.73326e+01	9.61643e+00	7.78406e+00
8.97307e+01	9.60179e+00	7.76714e+00
9.21947e+01	9.58288e+00	7.74691e+00
9.47263e+01	9.55983e+00	7.72346e+00
9.73274e+01	9.53274e+00	7.69688e+00
1.00000e+02	9.50174e+00	7.66729e+00
1.02746e+02	9.46695e+00	7.63515e+00
1.05567e+02	9.42849e+00	7.60108e+00
1.08466e+02	9.38648e+00	7.56433e+00
1.11445e+02	9.34105e+00	7.52500e+00
1.14505e+02	9.29231e+00	7.48317e+00
1.17649e+02	9.24039e+00	7.43893e+00
1.20880e+02	9.18542e+00	7.39238e+00
1.24199e+02	9.12751e+00	7.34361e+00
1.27609e+02	9.06679e+00	7.29270e+00
1.31113e+02	9.00338e+00	7.23975e+00
1.34714e+02	8.93741e+00	7.18485e+00
1.38413e+02	8.86898e+00	7.12809e+00
1.42214e+02	8.79822e+00	7.06956e+00
1.46119e+02	8.72526e+00	7.00935e+00
1.50131e+02	8.65020e+00	6.94792e+00
1.54254e+02	8.57316e+00	6.88527e+00
1.58489e+02	8.49425e+00	6.82122e+00
1.62841e+02	8.41359e+00	6.75587e+00
1.67313e+02	8.33129e+00	6.68930e+00
1.71907e+02	8.24745e+00	6.62157e+00
1.76628e+02	8.16218e+00	6.55278e+00
1.81478e+02	8.07559e+00	6.48299e+00
1.86461e+02	7.98778e+00	6.41228e+00
1.91581e+02	7.89884e+00	6.34074e+00
1.96842e+02	7.80888e+00	6.26842e+00
2.02247e+02	7.71799e+00	6.19541e+00
2.07801e+02	7.62626e+00	6.12177e+00
2.13507e+02	7.53379e+00	6.04757e+00
2.19370e+02	7.44066e+00	5.97288e+00
2.25393e+02	7.34696e+00	5.89776e+00
2.31583e+02	7.25277e+00	5.82228e+00
2.37942e+02	7.15817e+00	5.74650e+00
2.44476e+02	7.06324e+00	5.67047e+00
2.51189e+02	6.96806e+00	5.59427e+00
2.58086e+02	6.87270e+00	5.51793e+00
2.65173e+02	6.77722e+00	5.44152e+00
2.72455e+02	6.68170e+00	5.36509e+00
2.79936e+02	6.58621e+00	5.28869e+00
2.87623e+02	6.49080e+00	5.21237e+00
2.95521e+02	6.39553e+00	5.13617e+00
3.03636e+02	6.30047e+00	5.06014e+00
3.11974e+02	6.20567e+00	4.98433e+00
3.20540e+02	6.11119e+00	4.90877e+00
3.29342e+02	6.01706e+00	4.83350e+00
3.38385e+02	5.92335e+00	4.75856e+00
3.47677e+02	5.83010e+00	4.68400e+00
3.57224e+02	5.73735e+00	4.60983e+00
3.67034e+02	5.64514e+00	4.53610e+00
3.77112e+02	5.55351e+00	4.46284e+00
3.87467e+02	5.46251e+00	4.39006e+00
3.98107e+02	5.37216e+00	4.31782e+00
4.09039e+02	5.28250e+00	4.24611e+00
4.20271e+02	5.19357e+00	4.17499e+00
4.31811e+02	5.10545e+00	4.10445e+00
4.43669e+02	5.01815e+00	4.03454e+00
4.55852e+02	4.93166e+00	3.96526e+00
4.68369e+02	4.84600e+00	3.89664e+00
4.81230e+02	4.76120e+00	3.82870e+00
4.94445e+02	4.67726e+00	3.76144e+00
5.08022e+02	4.59422e+00	3.69489e+00
5.21972e+02	4.51209e+00	3.62906e+00
5.36305e+02	4.43088e+00	3.56396e+00
5.51032e+02	4.35060e+00	3.49960e+00
5.66163e+02	4.27128e+00	3.43600e+00
5.81709e+02	4.19292e+00	3.37316e+00
5.97683e+02	4.11552e+00	3.31109e+00
6.14095e+02	4.03911e+00	3.24979e+00
6.30957e+02	3.96368e+00	3.18928e+00
6.48283e+02	3.88925e+00	3.12956e+00
6.66085e+02	3.81582e+00	3.07064e+00
6.84375e+02	3.74339e+00	3.01251e+00
7.03168e+02	3.67196e+00	2.95518e+00
7.22476e+02	3.60155e+00	2.89866e+00
7.42315e+02	3.53214e+00	2.84294e+00
7.62699e+02	3.46374e+00	2.78802e+00
7.83642e+02	3.39636e+00	2.73391e+00
8.05160e+02	3.32998e+00	2.68061e+00
8.27270e+02	3.26461e+00	2.62810e+00
8.49986e+02	3.20025e+00	2.57640e+00
8.73326e+02	3.13688e+00	2.52550e+00
8.97307e+02	3.07452e+00	2.47539e+00
9.21947e+02	3.01315e+00	2.42607e+00
9.47263e+02	2.95276e+00	2.37755e+00
9.73274e+02	2.89336e+00	2.32981e+00
1.00000e+03	2.83494e+00	2.28285e+00
1.02746e+03	2.77748e+00	2.23666e+00
1.05567e+03	2.72099e+00	2.19125e+00
1.08466e+03	2.66546e+00	2.14660e+00
1.11444e+03	2.61087e+00	2.10270e+00
1.14505e+03	2.55723e+00	2.05956e+00
1.17649e+03	2.50451e+00	2.01716e+00
1.20880e+03	2.45272e+00	1.97551e+00
1.24199e+03	2.40184e+00	1.93458e+00
1.27609e+03	2.35187e+00	1.89438e+00
1.31113e+03	2.30279e+00	1.85489e+00
1.34714e+03	2.25460e+00	1.81612e+00
1.38413e+03	2.20728e+00	1.77804e+00
1.42214e+03	2.16082e+00	1.74066e+00
1.46119e+03	2.11523e+00	1.70396e+00
1.50131e+03	2.07047e+00	1.66794e+00
1.54254e+03	2.02655e+00	1.63259e+00
1.58489e+03	1.98345e+00	1.59790e+00
1.62841e+03	1.94117e+00	1.56386e+00
1.67313e+03	1.89969e+00	1.53046e+00
1.71907e+03	1.85899e+00	1.49770e+00
1.76628e+03	1.81908e+00	1.46556e+00
1.81478e+03	1.77993e+00	1.43404e+00
1.86461e+03	1.74155e+00	1.40313e+00
1.91581e+03	1.70391e+00	1.37282e+00
1.96842e+03	1.66700e+00	1.34310e+00
2.02247e+03	1.63082e+00	1.31396e+00
2.07801e+03	1.59535e+00	1.28539e+00
2.13507e+03	1.56059e+00	1.25739e+00
2.19370e+03	1.52651e+00	1.22994e+00
2.25393e+03	1.49312e+00	1.20304e+00
2.31583e+03	1.46039e+00	1.17668e+00
2.37942e+03	1.42833e+00	1.15085e+00
2.44476e+03	1.39691e+00	1.12554e+00
2.51189e+03	1.36613e+00	1.10074e+00
2.58086e+03	1.33597e+00	1.07645e+00
2.65173e+03	1.30644e+00	1.05265e+00
2.72455e+03	1.27750e+00	1.02933e+00
2.79936e+03	1.24916e+00	1.00650e+00
2.87623e+03	1.22141e+00	9.84137e-01
2.95521e+03	1.19423e+00	9.62236e-01
3.03636e+03	1.16761e+00	9.40789e-01
3.11974e+03	1.14155e+00	9.19788e-01
3.20540e+03	1.11603e+00	8.99226e-01
3.29342e+03	1.09105e+00	8.79093e-01
3.38386e+03	1.06659e+00	8.59383e-01
3.47677e+03	1.04265e+00	8.40088e-01
3.57224e+03	1.01921e+00	8.21200e-01
3.67034e+03	9.96270e-01	8.02712e-01
3.77112e+03	9.73815e-01	7.84616e-01
3.87468e+03	9.51838e-01	7.66905e-01
3.98107e+03	9.30330e-01	7.49571e-01
4.09039e+03	9.09282e-01	7.32608e-01
4.20271e+03	8.88685e-01	7.16009e-01
4.31811e+03	8.68530e-01	6.99765e-01
4.43669e+03	8.48809e-01	6.83872e-01
4.55852e+03	8.29514e-01	6.68321e-01
4.68369e+03	8.10636e-01	6.53107e-01
4.81230e+03	7.92167e-01	6.38222e-01
4.94445e+03	7.74099e-01	6.23660e-01
5.08022e+03	7.56424e-01	6.09415e-01
5.21972e+03	7.39134e-01	5.95481e-01
5.36305e+03	7.22222e-01	5.81851e-01
5.51032e+03	7.05680e-01	5.68519e-01
5.66163e+03	6.89500e-01	5.55480e-01
5.81709e+03	6.73676e-01	5.42727e-01
5.97683e+03	6.58200e-01	5.30255e-01
6.14095e+03	6.43065e-01	5.18057e-01
6.30957e+03	6.28264e-01	5.06129e-01
6.48283e+03	6.13791e-01	4.94465e-01
6.66085e+03	5.99638e-01	4.83059e-01
6.84375e+03	5.85799e-01	4.71906e-01
7.03168e+03	5.72267e-01	4.61001e-01
7.22476e+03	5.59037e-01	4.50339e-01
7.42315e+03	5.46101e-01	4.39915e-01
7.62699e+03	5.33454e-01	4.29723e-01
7.83642e+03	5.21090e-01	4.19759e-01
8.05160e+03	5.09002e-01	4.10019e-01
8.27270e+03	4.97186e-01	4.00496e-01
8.49986e+03	4.85634e-01	3.91188e-01
8.73326e+03	4.74343e-01	3.82088e-01
8.97307e+03	4.63305e-01	3.73194e-01
9.21947e+03	4.52516e-01	3.64500e-01
9.47263e+03	4.41970e-01	3.56003e-01
9.73274e+03	4.31663e-01	3.47697e-01
1.00000e+04	4.21589e-01	3.39580e-01
