# NH2CHS cross section
256
1.00000e+01	1.16532e+00
1.02746e+01	1.45284e+00
1.05567e+01	1.74861e+00
1.08466e+01	2.05141e+00
1.11445e+01	2.36008e+00
1.14505e+01	2.67358e+00
1.17649e+01	2.99092e+00
1.20880e+01	3.31120e+00
1.24199e+01	3.63360e+00
1.27609e+01	3.95731e+00
1.31113e+01	4.28165e+00
1.34714e+01	4.67892e+00
1.38413e+01	5.14716e+00
1.42214e+01	5.62206e+00
1.46119e+01	6.10206e+00
1.50131e+01	6.58573e+00
1.54254e+01	7.07173e+00
1.58489e+01	7.55883e+00
1.62841e+01	8.04589e+00
1.67313e+01	8.58349e+00
1.71907e+01	9.12510e+00
1.76628e+01	9.66654e+00
1.81478e+01	1.02066e+01
1.86461e+01	1.07441e+01
1.91581e+01	1.12780e+01
1.96842e+01	1.18074e+01
2.02247e+01	1.23313e+01
2.07801e+01	1.28628e+01
2.13507e+01	1.34134e+01
2.19370e+01	1.39584e+01
2.25393e+01	1.44968e+01
2.31583e+01	1.50528e+01
2.37942e+01	1.56087e+01
2.44475e+01	1.61572e+01
2.51189e+01	1.66974e+01
2.58086e+01	1.72285e+01
2.65173e+01	1.77497e+01
2.72455e+01	1.82603e+01
2.79936e+01	1.87729e+01
2.87623e+01	1.92832e+01
2.95521e+01	1.97823e+01
3.03636e+01	2.02696e+01
3.11974e+01	2.07445e+01
3.20540e+01	2.12064e+01
3.29342e+01	2.16550e+01
3.38385e+01	2.20897e+01
3.47677e+01	2.25120e+01
3.57225e+01	2.29337e+01
3.67034e+01	2.33414e+01
3.77112e+01	2.37347e+01
3.87467e+01	2.41133e+01
3.98107e+01	2.44770e+01
4.09039e+01	2.48255e+01
4.20271e+01	2.51585e+01
4.31811e+01	2.54759e+01
4.43669e+01	2.57776e+01
4.55852e+01	2.60635e+01
4.68369e+01	2.63334e+01
4.81230e+01	2.65875e+01
4.94445e+01	2.68255e+01
5.08022e+01	2.70476e+01
5.21972e+01	2.72538e+01
5.36305e+01	2.74441e+01
5.51032e+01	2.76187e+01
5.66163e+01	2.77776e+01
5.81709e+01	2.79210e+01
5.97683e+01	2.80490e+01
6.14095e+01	2.81617e+01
6.30957e+01	2.82594e+01
6.48283e+01	2.83422e+01
6.66085e+01	2.84103e+01
6.84375e+01	2.84640e+01
7.03168e+01	2.85035e+01
7.22476e+01	2.85290e+01
7.42315e+01	2.85409e+01
7.62699e+01	2.85393e+01
7.83642e+01	2.85245e+01
8.05160e+01	2.84969e+01
8.27270e+01	2.84567e+01
8.49986e+01	2.84043e+01
8.73326e+01	2.83398e+01
8.97307e+01	2.82638e+01
9.21947e+01	2.81764e+01
9.47263e+01	2.80780e+01
9.73274e+01	2.79689e+01
1.00000e+02	2.78496e+01
1.02746e+02	2.77202e+01
1.05567e+02	2.75811e+01
1.08466e+02	2.74328e+01
1.11445e+02	2.72754e+01
1.14505e+02	2.71094e+01
1.17649e+02	2.69351e+01
1.20880e+02	2.67529e+01
1.24199e+02	2.65630e+01
1.27609e+02	2.63659e+01
1.31113e+02	2.61618e+01
1.34714e+02	2.59511e+01
1.38413e+02	2.57342e+01
1.42214e+02	2.55113e+01
1.46119e+02	2.52827e+01
1.50131e+02	2.50489e+01
1.54254e+02	2.48100e+01
1.58489e+02	2.45665e+01
1.62841e+02	2.43186e+01
1.67313e+02	2.40667e+01
1.71907e+02	2.38109e+01
1.76628e+02	2.35517e+01
1.81478e+02	2.32898e+01
1.86461e+02	2.30258e+01
1.91581e+02	2.27592e+01
1.96842e+02	2.24903e+01
2.02247e+02	2.22193e+01
2.07801e+02	2.19465e+01
2.13507e+02	2.16721e+01
2.19370e+02	2.13963e+01
2.25393e+02	2.11194e+01
2.31583e+02	2.08415e+01
2.37942e+02	2.05630e+01
2.44476e+02	2.02840e+01
2.51189e+02	2.00049e+01
2.58086e+02	1.97257e+01
2.65173e+02	1.94466e+01
2.72455e+02	1.91678e+01
2.79936e+02	1.88894e+01
2.87623e+02	1.86115e+01
2.95521e+02	1.83345e+01
3.03636e+02	1.80583e+01
3.11974e+02	1.77832e+01
3.20540e+02	1.75095e+01
3.29342e+02	1.72371e+01
3.38385e+02	1.69661e+01
3.47677e+02	1.66967e+01
3.57224e+02	1.64289e+01
3.67034e+02	1.61630e+01
3.77112e+02	1.58989e+01
3.87467e+02	1.56368e+01
3.98107e+02	1.53768e+01
4.09039e+02	1.51189e+01
4.20271e+02	1.48632e+01
4.31811e+02	1.46099e+01
4.43669e+02	1.43591e+01
4.55852e+02	1.41106e+01
4.68369e+02	1.38647e+01
4.81230e+02	1.36213e+01
4.94445e+02	1.33805e+01
5.08022e+02	1.31424e+01
5.21972e+02	1.29070e+01
5.36305e+02	1.26742e+01
5.51032e+02	1.24443e+01
5.66163e+02	1.22171e+01
5.81709e+02	1.19928e+01
5.97683e+02	1.17713e+01
6.14095e+02	1.15526e+01
6.30957e+02	1.13368e+01
6.48283e+02	1.11240e+01
6.66085e+02	1.09140e+01
6.84375e+02	1.07069e+01
7.03168e+02	1.05027e+01
7.22476e+02	1.03015e+01
7.42315e+02	1.01032e+01
7.62699e+02	9.90777e+00
7.83642e+02	9.71528e+00
8.05160e+02	9.52569e+00
8.27270e+02	9.33901e+00
8.49986e+02	9.15521e+00
8.73326e+02	8.97428e+00
8.97307e+02	8.79623e+00
9.21947e+02	8.62102e+00
9.47263e+02	8.44864e+00
9.73274e+02	8.27908e+00
1.00000e+03	8.11231e+00
1.02746e+03	7.94832e+00
1.05567e+03	7.78708e+00
1.08466e+03	7.62858e+00
1.11444e+03	7.47278e+00
1.14505e+03	7.31967e+00
1.17649e+03	7.16922e+00
1.20880e+03	7.02139e+00
1.24199e+03	6.87618e+00
1.27609e+03	6.73354e+00
1.31113e+03	6.59346e+00
1.34714e+03	6.45589e+00
1.38413e+03	6.32083e+00
1.42214e+03	6.18822e+00
1.46119e+03	6.05805e+00
1.50131e+03	5.93028e+00
1.54254e+03	5.80488e+00
1.58489e+03	5.68183e+00
1.62841e+03	5.56109e+00
1.67313e+03	5.44263e+00
1.71907e+03	5.32642e+00
1.76628e+03	5.21243e+00
1.81478e+03	5.10062e+00
1.86461e+03	4.99097e+00
1.91581e+03	4.88345e+00
1.96842e+03	4.77801e+00
2.02247e+03	4.67464e+00
2.07801e+03	4.57329e+00
2.13507e+03	4.47394e+00
2.19370e+03	4.37656e+00
2.25393e+03	4.28111e+00
2.31583e+03	4.18757e+00
2.37942e+03	4.09590e+00
2.44476e+03	4.00608e+00
2.51189e+03	3.91807e+00
2.58086e+03	3.83184e+00
2.65173e+03	3.74737e+00
2.72455e+03	3.66461e+00
2.79936e+03	3.58356e+00
2.87623e+03	3.50416e+00
2.95521e+03	3.42640e+00
3.03636e+03	3.35025e+00
3.11974e+03	3.27568e+00
3.20540e+03	3.20265e+00
3.29342e+03	3.13115e+00
3.38386e+03	3.06114e+00
3.47677e+03	2.99260e+00
3.57224e+03	2.92550e+00
3.67034e+03	2.85982e+00
3.77112e+03	2.79552e+00
3.87468e+03	2.73258e+00
3.98107e+03	2.67098e+00
4.09039e+03	2.61070e+00
4.20271e+03	2.55169e+00
4.31811e+03	2.49396e+00
4.43669e+03	2.43745e+00
4.55852e+03	2.38217e+00
4.68369e+03	2.32807e+00
4.81230e+03	2.27514e+00
4.94445e+03	2.22335e+00
5.08022e+03	2.17269e+00
5.21972e+03	2.12312e+00
5.36305e+03	2.07464e+00
5.51032e+03	2.02721e+00
5.66163e+03	1.98082e+00
5.81709e+03	1.93544e+00
5.97683e+03	1.89106e+00
6.14095e+03	1.84765e+00
6.30957e+03	1.80520e+00
6.48283e+03	1.76368e+00
6.66085e+03	1.72308e+00
6.84375e+03	1.68338e+00
7.03168e+03	1.64455e+00
7.22476e+03	1.60659e+00
7.42315e+03	1.56947e+00
7.62699e+03	1.53317e+00
7.83642e+03	1.49769e+00
8.05160e+03	1.46300e+00
8.27270e+03	1.42908e+00
8.49986e+03	1.39592e+00
8.73326e+03	1.36350e+00
8.97307e+03	1.33181e+00
9.21947e+03	1.30084e+00
9.47263e+03	1.27056e+00
9.73274e+03	1.24096e+00
1.00000e+04	1.21203e+00
