# NH3 cross section
256
1.00000e+01	0.00000e+00	0.00000e+00
1.02746e+01	0.00000e+00	0.00000e+00
1.05567e+01	0.00000e+00	1.37547e-02
1.08466e+01	2.33093e-02	1.12888e-01
1.11445e+01	1.19934e-01	2.17980e-01
1.14505e+01	2.22236e-01	3.28305e-01
1.17649e+01	3.29514e-01	4.43190e-01
1.20880e+01	4.41121e-01	5.62013e-01
1.24199e+01	5.56460e-01	6.84197e-01
1.27609e+01	6.74975e-01	8.09209e-01
1.31113e+01	7.96153e-01	9.36557e-01
1.34714e+01	9.19522e-01	1.06578e+00
1.38413e+01	1.04464e+00	1.19647e+00
1.42214e+01	1.17111e+00	1.32822e+00
1.46119e+01	1.29855e+00	1.46069e+00
1.50131e+01	1.42661e+00	1.59352e+00
1.54254e+01	1.55497e+00	1.72643e+00
1.58489e+01	1.68335e+00	1.85912e+00
1.62841e+01	1.81146e+00	1.99132e+00
1.67313e+01	1.99603e+00	2.12281e+00
1.71907e+01	2.24117e+00	2.25334e+00
1.76628e+01	2.49150e+00	2.38272e+00
1.81478e+01	2.74593e+00	2.51076e+00
1.86461e+01	3.00347e+00	2.63727e+00
1.91581e+01	3.26322e+00	2.76210e+00
1.96842e+01	3.52434e+00	2.88509e+00
2.02247e+01	3.78603e+00	3.00610e+00
2.07801e+01	4.04759e+00	3.12502e+00
2.13507e+01	4.30836e+00	3.24172e+00
2.19370e+01	4.56774e+00	3.35609e+00
2.25393e+01	4.82516e+00	3.46803e+00
2.31583e+01	5.08011e+00	3.57747e+00
2.37942e+01	5.33212e+00	3.68430e+00
2.44475e+01	5.58077e+00	3.78845e+00
2.51189e+01	5.82566e+00	3.88987e+00
2.58086e+01	6.06643e+00	3.98848e+00
2.65173e+01	6.30274e+00	4.08423e+00
2.72455e+01	6.53431e+00	4.18917e+00
2.79936e+01	6.76085e+00	4.33321e+00
2.87623e+01	6.98213e+00	4.47703e+00
2.95521e+01	7.19791e+00	4.62017e+00
3.03636e+01	7.40801e+00	4.76222e+00
3.11974e+01	7.61408e+00	4.90277e+00
3.20540e+01	7.83123e+00	5.04146e+00
3.29342e+01	8.04323e+00	5.17798e+00
3.38385e+01	8.24981e+00	5.31202e+00
3.47677e+01	8.45073e+00	5.44332e+00
3.57225e+01	8.64575e+00	5.57164e+00
3.67034e+01	8.83468e+00	5.69675e+00
3.77112e+01	9.01735e+00	5.81846e+00
3.87467e+01	9.19361e+00	5.93659e+00
3.98107e+01	9.36332e+00	6.05099e+00
4.09039e+01	9.52637e+00	6.16152e+00
4.20271e+01	9.68267e+00	6.26806e+00
4.31811e+01	9.83213e+00	6.37049e+00
4.43669e+01	9.97471e+00	6.46874e+00
4.55852e+01	1.01103e+01	6.56272e+00
4.68369e+01	1.02390e+01	6.65238e+00
4.81230e+01	1.03607e+01	6.73766e+00
4.94445e+01	1.04753e+01	6.81852e+00
5.08022e+01	1.05830e+01	6.89493e+00
5.21972e+01	1.06837e+01	6.96688e+00
5.36305e+01	1.07775e+01	7.03435e+00
5.51032e+01	1.08643e+01	7.09735e+00
5.66163e+01	1.09443e+01	7.15588e+00
5.81709e+01	1.10174e+01	7.20996e+00
5.97683e+01	1.10838e+01	7.25961e+00
6.14095e+01	1.11436e+01	7.30486e+00
6.30957e+01	1.11967e+01	7.34575e+00
6.48283e+01	1.12433e+01	7.38232e+00
6.66085e+01	1.12835e+01	7.41461e+00
6.84375e+01	1.13174e+01	7.44269e+00
7.03168e+01	1.13451e+01	7.46660e+00
7.22476e+01	1.13667e+01	7.48642e+00
7.42315e+01	1.13822e+01	7.50219e+00
7.62699e+01	1.13919e+01	7.51401e+00
7.83642e+01	1.13959e+01	7.52194e+00
8.05160e+01	1.13942e+01	7.52605e+00
8.27270e+01	1.13870e+01	7.52643e+00
8.49986e+01	1.13745e+01	7.52316e+00
8.73326e+01	1.13567e+01	7.51632e+00
8.97307e+01	1.13339e+01	7.50601e+00
9.21947e+01	1.13061e+01	7.49230e+00
9.47263e+01	1.12735e+01	7.47530e+00
9.73274e+01	1.12362e+01	7.45510e+00
1.00000e+02	1.11945e+01	7.43178e+00
1.02746e+02	1.11484e+01	7.40545e+00
1.05567e+02	1.10980e+01	7.37620e+00
1.08466e+02	1.10436e+01	7.34412e+00
1.11445e+02	1.09853e+01	7.30932e+00
1.14505e+02	1.09232e+01	7.27189e+00
1.17649e+02	1.08575e+01	7.23192e+00
1.20880e+02	1.07883e+01	7.18953e+00
1.24199e+02	1.07157e+01	7.14479e+00
1.27609e+02	1.06400e+01	7.09782e+00
1.31113e+02	1.05613e+01	7.04871e+00
1.34714e+02	1.04797e+01	6.99755e+00
1.38413e+02	1.03953e+01	6.94444e+00
1.42214e+02	1.03083e+01	6.88948e+00
1.46119e+02	1.02189e+01	6.83275e+00
1.50131e+02	1.01271e+01	6.77435e+00
1.54254e+02	1.00331e+01	6.71438e+00
1.58489e+02	9.93708e+00	6.65292e+00
1.62841e+02	9.83913e+00	6.59007e+00
1.67313e+02	9.73938e+00	6.52590e+00
1.71907e+02	9.63795e+00	6.46051e+00
1.76628e+02	9.53498e+00	6.39398e+00
1.81478e+02	9.43059e+00	6.32639e+00
1.86461e+02	9.32489e+00	6.25782e+00
1.91581e+02	9.21800e+00	6.18836e+00
1.96842e+02	9.11003e+00	6.11885e+00
2.02247e+02	9.00110e+00	6.04864e+00
2.07801e+02	8.89131e+00	5.97780e+00
2.13507e+02	8.78076e+00	5.90637e+00
2.19370e+02	8.66957e+00	5.83444e+00
2.25393e+02	8.55781e+00	5.76206e+00
2.31583e+02	8.44560e+00	5.68929e+00
2.37942e+02	8.33302e+00	5.61620e+00
2.44476e+02	8.22016e+00	5.54284e+00
2.51189e+02	8.10712e+00	5.46926e+00
2.58086e+02	7.99396e+00	5.39552e+00
2.65173e+02	7.88077e+00	5.32168e+00
2.72455e+02	7.76764e+00	5.24779e+00
2.79936e+02	7.65463e+00	5.17389e+00
2.87623e+02	7.54181e+00	5.10004e+00
2.95521e+02	7.42925e+00	5.02627e+00
3.03636e+02	7.31702e+00	4.95264e+00
3.11974e+02	7.20518e+00	4.87919e+00
3.20540e+02	7.09379e+00	4.80595e+00
3.29342e+02	6.98291e+00	4.73297e+00
3.38385e+02	6.87258e+00	4.66029e+00
3.47677e+02	6.76287e+00	4.58793e+00
3.57224e+02	6.65382e+00	4.51594e+00
3.67034e+02	6.54548e+00	4.44434e+00
3.77112e+02	6.43788e+00	4.37317e+00
3.87467e+02	6.33108e+00	4.30246e+00
3.98107e+02	6.22510e+00	4.23224e+00
4.09039e+02	6.12000e+00	4.16252e+00
4.20271e+02	6.01579e+00	4.09334e+00
4.31811e+02	5.91260e+00	4.02472e+00
4.43669e+02	5.81039e+00	3.95668e+00
4.55852e+02	5.70919e+00	3.88924e+00
4.68369e+02	5.60900e+00	3.82243e+00
4.81230e+02	5.50986e+00	3.75625e+00
4.94445e+02	5.41178e+00	3.69072e+00
5.08022e+02	5.31478e+00	3.62587e+00
5.21972e+02	5.21889e+00	3.56170e+00
5.36305e+02	5.12411e+00	3.49822e+00
5.51032e+02	5.03047e+00	3.43546e+00
5.66163e+02	4.93796e+00	3.37341e+00
5.81709e+02	4.84662e+00	3.31210e+00
5.97683e+02	4.75643e+00	3.25152e+00
6.14095e+02	4.66742e+00	3.19169e+00
6.30957e+02	4.57960e+00	3.13261e+00
6.48283e+02	4.49295e+00	3.07429e+00
6.66085e+02	4.40750e+00	3.01673e+00
6.84375e+02	4.32325e+00	2.95994e+00
7.03168e+02	4.24019e+00	2.90392e+00
7.22476e+02	4.15832e+00	2.84868e+00
7.42315e+02	4.07766e+00	2.79421e+00
7.62699e+02	3.99819e+00	2.74051e+00
7.83642e+02	3.91993e+00	2.68760e+00
8.05160e+02	3.84285e+00	2.63546e+00
8.27270e+02	3.76696e+00	2.58409e+00
8.49986e+02	3.69227e+00	2.53351e+00
8.73326e+02	3.61875e+00	2.48369e+00
8.97307e+02	3.54641e+00	2.43465e+00
9.21947e+02	3.47524e+00	2.38637e+00
9.47263e+02	3.40523e+00	2.33886e+00
9.73274e+02	3.33637e+00	2.29211e+00
1.00000e+03	3.26867e+00	2.24611e+00
1.02746e+03	3.20210e+00	2.20087e+00
1.05567e+03	3.13667e+00	2.15637e+00
1.08466e+03	3.07235e+00	2.11262e+00
1.11444e+03	3.00915e+00	2.06960e+00
1.14505e+03	2.94705e+00	2.02732e+00
1.17649e+03	2.88604e+00	1.98575e+00
1.20880e+03	2.82610e+00	1.94491e+00
1.24199e+03	2.76724e+00	1.90478e+00
1.27609e+03	2.70943e+00	1.86535e+00
1.31113e+03	2.65267e+00	1.82662e+00
1.34714e+03	2.59694e+00	1.78858e+00
1.38413e+03	2.54224e+00	1.75122e+00
1.42214e+03	2.48854e+00	1.71454e+00
1.46119e+03	2.43584e+00	1.67853e+00
1.50131e+03	2.38413e+00	1.64317e+00
1.54254e+03	2.33338e+00	1.60847e+00
1.58489e+03	2.28359e+00	1.57441e+00
1.62841e+03	2.23475e+00	1.54099e+00
1.67313e+03	2.18684e+00	1.50819e+00
1.71907e+03	2.13986e+00	1.47602e+00
1.76628e+03	2.09377e+00	1.44445e+00
1.81478e+03	2.04859e+00	1.41349e+00
1.86461e+03	2.00428e+00	1.38312e+00
1.91581e+03	1.96084e+00	1.35333e+00
1.96842e+03	1.91825e+00	1.32413e+00
2.02247e+03	1.87651e+00	1.29549e+00
2.07801e+03	1.83559e+00	1.26741e+00
2.13507e+03	1.79548e+00	1.23988e+00
2.19370e+03	1.75618e+00	1.21290e+00
2.25393e+03	1.71767e+00	1.18645e+00
2.31583e+03	1.67994e+00	1.16053e+00
2.37942e+03	1.64296e+00	1.13513e+00
2.44476e+03	1.60674e+00	1.11023e+00
2.51189e+03	1.57126e+00	1.08584e+00
2.58086e+03	1.53650e+00	1.06194e+00
2.65173e+03	1.50246e+00	1.03853e+00
2.72455e+03	1.46911e+00	1.01559e+00
2.79936e+03	1.43646e+00	9.93124e-01
2.87623e+03	1.40448e+00	9.71116e-01
2.95521e+03	1.37316e+00	9.49562e-01
3.03636e+03	1.34250e+00	9.28452e-01
3.11974e+03	1.31248e+00	9.07780e-01
3.20540e+03	1.28309e+00	8.87537e-01
3.29342e+03	1.25431e+00	8.67716e-01
3.38386e+03	1.22615e+00	8.48309e-01
3.47677e+03	1.19857e+00	8.29309e-01
3.57224e+03	1.17159e+00	8.10708e-01
3.67034e+03	1.14517e+00	7.92499e-01
3.77112e+03	1.11932e+00	7.74675e-01
3.87468e+03	1.09402e+00	7.57229e-01
3.98107e+03	1.06926e+00	7.40153e-01
4.09039e+03	1.04503e+00	7.23441e-01
4.20271e+03	1.02133e+00	7.07086e-01
4.31811e+03	9.98131e-01	6.91081e-01
4.43669e+03	9.75436e-01	6.75419e-01
4.55852e+03	9.53232e-01	6.60094e-01
4.68369e+03	9.31509e-01	6.45099e-01
4.81230e+03	9.10258e-01	6.30427e-01
4.94445e+03	8.89470e-01	6.16074e-01
5.08022e+03	8.69135e-01	6.02031e-01
5.21972e+03	8.49245e-01	5.88294e-01
5.36305e+03	8.29790e-01	5.74855e-01
5.51032e+03	8.10762e-01	5.61710e-01
5.66163e+03	7.92151e-01	5.48852e-01
5.81709e+03	7.73951e-01	5.36276e-01
5.97683e+03	7.56152e-01	5.23975e-01
6.14095e+03	7.38746e-01	5.11945e-01
6.30957e+03	7.21724e-01	5.00180e-01
6.48283e+03	7.05080e-01	4.88674e-01
6.66085e+03	6.88806e-01	4.77423e-01
6.84375e+03	6.72893e-01	4.66420e-01
7.03168e+03	6.57335e-01	4.55661e-01
7.22476e+03	6.42123e-01	4.45142e-01
7.42315e+03	6.27251e-01	4.34856e-01
7.62699e+03	6.12711e-01	4.24799e-01
7.83642e+03	5.98497e-01	4.14966e-01
8.05160e+03	5.84602e-01	4.05353e-01
8.27270e+03	5.71019e-01	3.95955e-01
8.49986e+03	5.57741e-01	3.86767e-01
8.73326e+03	5.44762e-01	3.77786e-01
8.97307e+03	5.32075e-01	3.69006e-01
9.21947e+03	5.19675e-01	3.60424e-01
9.47263e+03	5.07555e-01	3.52034e-01
9.73274e+03	4.95709e-01	3.43834e-01
1.00000e+04	4.84132e-01	3.35820e-01
