# OCS cross section
256
1.00000e+01	0.00000e+00	0.00000e+00
1.04618e+01	0.00000e+00	0.00000e+00
1.09450e+01	0.00000e+00	0.00000e+00
1.14505e+01	4.77042e-02	4.77042e-02
1.19793e+01	3.24508e-01	3.24508e-01
1.25325e+01	6.25769e-01	6.25769e-01
1.31113e+01	9.46518e-01	9.46518e-01
1.37169e+01	1.28239e+00	1.28239e+00
1.43504e+01	1.62953e+00	1.62953e+00
1.50131e+01	1.98458e+00	1.98458e+00
1.57065e+01	2.34457e+00	2.34457e+00
1.64318e+01	2.79737e+00	2.70691e+00
1.71907e+01	3.40894e+00	3.06931e+00
1.79846e+01	4.03845e+00	3.42976e+00
1.88152e+01	4.67976e+00	3.78650e+00
1.96842e+01	5.32748e+00	4.13800e+00
2.05933e+01	5.97687e+00	4.48290e+00
2.15444e+01	6.64147e+00	4.82001e+00
2.25393e+01	7.32973e+00	5.14830e+00
2.35803e+01	8.01250e+00	5.46685e+00
2.46693e+01	8.68618e+00	5.80142e+00
2.58086e+01	9.34762e+00	6.22328e+00
2.70006e+01	9.99407e+00	6.65281e+00
2.82475e+01	1.06232e+01	7.07835e+00
2.95521e+01	1.12328e+01	7.49720e+00
3.09169e+01	1.18478e+01	7.90701e+00
3.23448e+01	1.24469e+01	8.30575e+00
3.38385e+01	1.30241e+01	8.69169e+00
3.54013e+01	1.35776e+01	9.06331e+00
3.70363e+01	1.41060e+01	9.41936e+00
3.87467e+01	1.46082e+01	9.75875e+00
4.05362e+01	1.50832e+01	1.00806e+01
4.24083e+01	1.55442e+01	1.03842e+01
4.43669e+01	1.59808e+01	1.06689e+01
4.64159e+01	1.63895e+01	1.09343e+01
4.85595e+01	1.67696e+01	1.11801e+01
5.08022e+01	1.71207e+01	1.14111e+01
5.31484e+01	1.74424e+01	1.16303e+01
5.56030e+01	1.77347e+01	1.18305e+01
5.81709e+01	1.79974e+01	1.20114e+01
6.08575e+01	1.82307e+01	1.21730e+01
6.36681e+01	1.84348e+01	1.23152e+01
6.66085e+01	1.86100e+01	1.24382e+01
6.96847e+01	1.87567e+01	1.25421e+01
7.29030e+01	1.88753e+01	1.26272e+01
7.62699e+01	1.89666e+01	1.26938e+01
7.97923e+01	1.90310e+01	1.27424e+01
8.34773e+01	1.90694e+01	1.27732e+01
8.73326e+01	1.90824e+01	1.27869e+01
9.13659e+01	1.90709e+01	1.27840e+01
9.55855e+01	1.90358e+01	1.27650e+01
1.00000e+02	1.89780e+01	1.27305e+01
1.04618e+02	1.88983e+01	1.26811e+01
1.09450e+02	1.87978e+01	1.26175e+01
1.14505e+02	1.86775e+01	1.25403e+01
1.19793e+02	1.85383e+01	1.24503e+01
1.25325e+02	1.83813e+01	1.23481e+01
1.31113e+02	1.82075e+01	1.22344e+01
1.37169e+02	1.80180e+01	1.21099e+01
1.43504e+02	1.78138e+01	1.19754e+01
1.50131e+02	1.75959e+01	1.18318e+01
1.57065e+02	1.73653e+01	1.16813e+01
1.64318e+02	1.71231e+01	1.15228e+01
1.71907e+02	1.68703e+01	1.13572e+01
1.79846e+02	1.66077e+01	1.11849e+01
1.88152e+02	1.63381e+01	1.10067e+01
1.96842e+02	1.60614e+01	1.08231e+01
2.05933e+02	1.57780e+01	1.06346e+01
2.15444e+02	1.54886e+01	1.04420e+01
2.25393e+02	1.51942e+01	1.02457e+01
2.35803e+02	1.48955e+01	1.00463e+01
2.46693e+02	1.45933e+01	9.84423e+00
2.58086e+02	1.42887e+01	9.64011e+00
2.70005e+02	1.39820e+01	9.43436e+00
2.82475e+02	1.36739e+01	9.22745e+00
2.95521e+02	1.33649e+01	9.01981e+00
3.09169e+02	1.30557e+01	8.81184e+00
3.23448e+02	1.27471e+01	8.60394e+00
3.38385e+02	1.24395e+01	8.39647e+00
3.54013e+02	1.21332e+01	8.18977e+00
3.70363e+02	1.18286e+01	7.98415e+00
3.87467e+02	1.15263e+01	7.77992e+00
4.05362e+02	1.12266e+01	7.57734e+00
4.24083e+02	1.09299e+01	7.37667e+00
4.43669e+02	1.06364e+01	7.17815e+00
4.64159e+02	1.03465e+01	6.98198e+00
4.85595e+02	1.00605e+01	6.78836e+00
5.08022e+02	9.77859e+00	6.59746e+00
5.31484e+02	9.50098e+00	6.40943e+00
5.56030e+02	9.22787e+00	6.22452e+00
5.81709e+02	8.95952e+00	6.04283e+00
6.08574e+02	8.69604e+00	5.86440e+00
6.36681e+02	8.43752e+00	5.68931e+00
6.66085e+02	8.18407e+00	5.51764e+00
6.96847e+02	7.93578e+00	5.34946e+00
7.29029e+02	7.69271e+00	5.18482e+00
7.62699e+02	7.45493e+00	5.02374e+00
7.97923e+02	7.22247e+00	4.86627e+00
8.34773e+02	6.99535e+00	4.71243e+00
8.73326e+02	6.77360e+00	4.56222e+00
9.13659e+02	6.55720e+00	4.41565e+00
9.55855e+02	6.34614e+00	4.27271e+00
1.00000e+03	6.14041e+00	4.13338e+00
1.04618e+03	5.93998e+00	3.99766e+00
1.09450e+03	5.74479e+00	3.86551e+00
1.14505e+03	5.55482e+00	3.73690e+00
1.19793e+03	5.36999e+00	3.61180e+00
1.25325e+03	5.19026e+00	3.49016e+00
1.31113e+03	5.01554e+00	3.37194e+00
1.37169e+03	4.84578e+00	3.25710e+00
1.43504e+03	4.68090e+00	3.14558e+00
1.50131e+03	4.52081e+00	3.03732e+00
1.57065e+03	4.36543e+00	2.93228e+00
1.64318e+03	4.21468e+00	2.83039e+00
1.71907e+03	4.06847e+00	2.73158e+00
1.79846e+03	3.92670e+00	2.63581e+00
1.88152e+03	3.78929e+00	2.54301e+00
1.96842e+03	3.65613e+00	2.45310e+00
2.05933e+03	3.52714e+00	2.36603e+00
2.15443e+03	3.40222e+00	2.28173e+00
2.25393e+03	3.28128e+00	2.20014e+00
2.35803e+03	3.16421e+00	2.12119e+00
2.46693e+03	3.05092e+00	2.04481e+00
2.58086e+03	2.94133e+00	1.97093e+00
2.70005e+03	2.83533e+00	1.89950e+00
2.82475e+03	2.73282e+00	1.83045e+00
2.95521e+03	2.63372e+00	1.76370e+00
3.09169e+03	2.53793e+00	1.69921e+00
3.23448e+03	2.44535e+00	1.63690e+00
3.38386e+03	2.35591e+00	1.57672e+00
3.54013e+03	2.26950e+00	1.51859e+00
3.70363e+03	2.18605e+00	1.46247e+00
3.87468e+03	2.10546e+00	1.40830e+00
4.05362e+03	2.02765e+00	1.35600e+00
4.24083e+03	1.95254e+00	1.30553e+00
4.43669e+03	1.88004e+00	1.25684e+00
4.64159e+03	1.81008e+00	1.20986e+00
4.85595e+03	1.74257e+00	1.16454e+00
5.08022e+03	1.67744e+00	1.12083e+00
5.31484e+03	1.61462e+00	1.07868e+00
5.56030e+03	1.55403e+00	1.03804e+00
5.81709e+03	1.49560e+00	9.98855e-01
6.08574e+03	1.43927e+00	9.61084e-01
6.36681e+03	1.38495e+00	9.24678e-01
6.66085e+03	1.33259e+00	8.89592e-01
6.96847e+03	1.28212e+00	8.55783e-01
7.29030e+03	1.23349e+00	8.23206e-01
7.62699e+03	1.18662e+00	7.91822e-01
7.97923e+03	1.14146e+00	7.61588e-01
8.34773e+03	1.09795e+00	7.32467e-01
8.73326e+03	1.05603e+00	7.04419e-01
9.13659e+03	1.01566e+00	6.77408e-01
9.55855e+03	9.76776e-01	6.51397e-01
1.00000e+04	9.39327e-01	6.26353e-01
1.04618e+04	9.03265e-01	6.02240e-01
1.09450e+04	8.68541e-01	5.79027e-01
1.14505e+04	8.35109e-01	5.56682e-01
1.19793e+04	8.02923e-01	5.35173e-01
1.25325e+04	7.71940e-01	5.14472e-01
1.31113e+04	7.42116e-01	4.94549e-01
1.37169e+04	7.13411e-01	4.75376e-01
1.43504e+04	6.85785e-01	4.56927e-01
1.50131e+04	6.59199e-01	4.39175e-01
1.57065e+04	6.33616e-01	4.22096e-01
1.64318e+04	6.08999e-01	4.05664e-01
1.71907e+04	5.85314e-01	3.89856e-01
1.79847e+04	5.62527e-01	3.74650e-01
1.88152e+04	5.40606e-01	3.60023e-01
1.96842e+04	5.19518e-01	3.45955e-01
2.05933e+04	4.99234e-01	3.32424e-01
2.15443e+04	4.79723e-01	3.19411e-01
2.25393e+04	4.60958e-01	3.06897e-01
2.35803e+04	4.42911e-01	2.94862e-01
2.46693e+04	4.25555e-01	2.83291e-01
2.58086e+04	4.08865e-01	2.72164e-01
2.70005e+04	3.92816e-01	2.61466e-01
2.82475e+04	3.77385e-01	2.51180e-01
2.95521e+04	3.62547e-01	2.41291e-01
3.09169e+04	3.48282e-01	2.31785e-01
3.23448e+04	3.34568e-01	2.22647e-01
3.38386e+04	3.21383e-01	2.13862e-01
3.54013e+04	3.08709e-01	2.05418e-01
3.70363e+04	2.96526e-01	1.97302e-01
3.87468e+04	2.84815e-01	1.89501e-01
4.05362e+04	2.73558e-01	1.82004e-01
4.24083e+04	2.62739e-01	1.74798e-01
4.43669e+04	2.52341e-01	1.67874e-01
4.64159e+04	2.42348e-01	1.61219e-01
4.85595e+04	2.32744e-01	1.54824e-01
5.08022e+04	2.23515e-01	1.48679e-01
5.31484e+04	2.14646e-01	1.42775e-01
5.56030e+04	2.06124e-01	1.37101e-01
5.81709e+04	1.97935e-01	1.31650e-01
6.08574e+04	1.90067e-01	1.26412e-01
6.36681e+04	1.82507e-01	1.21380e-01
6.66085e+04	1.75243e-01	1.16546e-01
6.96847e+04	1.68265e-01	1.11901e-01
7.29029e+04	1.61560e-01	1.07439e-01
7.62699e+04	1.55119e-01	1.03153e-01
7.97923e+04	1.48932e-01	9.90359e-02
8.34773e+04	1.42988e-01	9.50808e-02
8.73326e+04	1.37278e-01	9.12817e-02
9.13659e+04	1.31794e-01	8.76325e-02
9.55855e+04	1.26526e-01	8.41275e-02
1.00000e+05	1.21466e-01	8.07609e-02
1.04618e+05	1.16605e-01	7.75276e-02
1.09450e+05	1.11937e-01	7.44222e-02
1.14505e+05	1.07454e-01	7.14397e-02
1.19793e+05	1.03148e-01	6.85754e-02
1.25325e+05	9.90125e-02	6.58247e-02
1.31113e+05	9.50410e-02	6.31831e-02
1.37169e+05	9.12271e-02	6.06464e-02
1.43504e+05	8.75646e-02	5.82105e-02
1.50131e+05	8.40475e-02	5.58713e-02
1.57065e+05	8.06701e-02	5.36252e-02
1.64318e+05	7.74270e-02	5.14684e-02
1.71907e+05	7.43130e-02	4.93975e-02
1.79846e+05	7.13229e-02	4.74091e-02
1.88152e+05	6.84519e-02	4.54999e-02
1.96842e+05	6.56953e-02	4.36669e-02
2.05933e+05	6.30486e-02	4.19070e-02
2.15444e+05	6.05075e-02	4.02173e-02
2.25393e+05	5.80678e-02	3.85951e-02
2.35803e+05	5.57255e-02	3.70377e-02
2.46693e+05	5.34768e-02	3.55426e-02
2.58086e+05	5.13180e-02	3.41073e-02
2.70006e+05	4.92456e-02	3.27294e-02
2.82475e+05	4.72560e-02	3.14067e-02
2.95521e+05	4.53462e-02	3.01370e-02
3.09169e+05	4.35128e-02	2.89181e-02
3.23448e+05	4.17529e-02	2.77481e-02
3.38386e+05	4.00635e-02	2.66251e-02
3.54013e+05	3.84419e-02	2.55471e-02
3.70363e+05	3.68854e-02	2.45124e-02
3.87468e+05	3.53913e-02	2.35192e-02
4.05362e+05	3.39573e-02	2.25659e-02
4.24083e+05	3.25809e-02	2.16510e-02
4.43669e+05	3.12598e-02	2.07729e-02
4.64159e+05	2.99918e-02	1.99300e-02
4.85595e+05	2.87749e-02	1.91211e-02
5.08022e+05	2.76069e-02	1.83448e-02
5.31484e+05	2.64860e-02	1.75998e-02
5.56030e+05	2.54102e-02	1.68848e-02
5.81709e+05	2.43778e-02	1.61986e-02
6.08574e+05	2.33870e-02	1.55400e-02
6.36680e+05	2.24361e-02	1.49081e-02
6.66085e+05	2.15237e-02	1.43016e-02
6.96847e+05	2.06480e-02	1.37197e-02
7.29030e+05	1.98078e-02	1.31612e-02
7.62699e+05	1.90014e-02	1.26253e-02
7.97923e+05	1.82277e-02	1.21111e-02
8.34773e+05	1.74852e-02	1.16177e-02
8.73326e+05	1.67727e-02	1.11442e-02
9.13659e+05	1.60891e-02	1.06899e-02
9.55855e+05	1.54332e-02	1.02540e-02
1.00000e+06	1.48038e-02	9.83569e-03
