# PH cross section
256
1.00000e+01	0.00000e+00	0.00000e+00
1.04618e+01	1.66990e-01	0.00000e+00
1.09450e+01	3.76920e-01	0.00000e+00
1.14505e+01	6.01439e-01	6.31427e-02
1.19793e+01	9.00552e-01	2.36103e-01
1.25325e+01	1.23010e+00	4.22830e-01
1.31113e+01	1.64224e+00	6.20278e-01
1.37169e+01	2.07333e+00	8.25772e-01
1.43504e+01	2.51465e+00	1.03697e+00
1.50131e+01	2.96210e+00	1.25181e+00
1.57065e+01	3.41212e+00	1.50447e+00
1.64318e+01	3.86159e+00	1.77837e+00
1.71907e+01	4.30777e+00	2.05510e+00
1.79846e+01	4.75115e+00	2.33249e+00
1.88152e+01	5.22458e+00	2.62259e+00
1.96842e+01	5.69187e+00	2.93950e+00
2.05933e+01	6.15064e+00	3.25531e+00
2.15444e+01	6.59885e+00	3.56795e+00
2.25393e+01	7.03472e+00	3.87563e+00
2.35803e+01	7.46591e+00	4.17677e+00
2.46693e+01	7.89935e+00	4.47004e+00
2.58086e+01	8.31845e+00	4.75429e+00
2.70006e+01	8.72177e+00	5.02852e+00
2.82475e+01	9.10810e+00	5.29190e+00
2.95521e+01	9.47640e+00	5.54371e+00
3.09169e+01	9.82582e+00	5.78337e+00
3.23448e+01	1.01557e+01	6.01040e+00
3.38385e+01	1.04654e+01	6.22441e+00
3.54013e+01	1.07546e+01	6.42512e+00
3.70363e+01	1.10229e+01	6.61230e+00
3.87467e+01	1.12703e+01	6.78580e+00
4.05362e+01	1.14965e+01	6.94555e+00
4.24083e+01	1.17015e+01	7.09153e+00
4.43669e+01	1.18856e+01	7.22378e+00
4.64159e+01	1.20487e+01	7.34237e+00
4.85595e+01	1.21912e+01	7.45038e+00
5.08022e+01	1.23133e+01	7.55082e+00
5.31484e+01	1.24154e+01	7.63871e+00
5.56030e+01	1.24980e+01	7.71411e+00
5.81709e+01	1.25613e+01	7.77719e+00
6.08575e+01	1.26061e+01	7.82811e+00
6.36681e+01	1.26327e+01	7.86711e+00
6.66085e+01	1.26418e+01	7.89447e+00
6.96847e+01	1.26340e+01	7.91050e+00
7.29030e+01	1.26100e+01	7.91554e+00
7.62699e+01	1.25703e+01	7.90996e+00
7.97923e+01	1.25158e+01	7.89415e+00
8.34773e+01	1.24470e+01	7.86852e+00
8.73326e+01	1.23647e+01	7.83351e+00
9.13659e+01	1.22697e+01	7.78954e+00
9.55855e+01	1.21626e+01	7.73709e+00
1.00000e+02	1.20442e+01	7.67661e+00
1.04618e+02	1.19152e+01	7.60855e+00
1.09450e+02	1.17764e+01	7.53340e+00
1.14505e+02	1.16285e+01	7.45301e+00
1.19793e+02	1.14721e+01	7.36702e+00
1.25325e+02	1.13080e+01	7.27542e+00
1.31113e+02	1.11369e+01	7.17864e+00
1.37169e+02	1.09595e+01	7.07708e+00
1.43504e+02	1.07764e+01	6.97117e+00
1.50131e+02	1.05898e+01	6.86131e+00
1.57065e+02	1.04006e+01	6.74790e+00
1.64318e+02	1.02078e+01	6.63132e+00
1.71907e+02	1.00120e+01	6.51196e+00
1.79846e+02	9.81354e+00	6.39017e+00
1.88152e+02	9.61304e+00	6.26633e+00
1.96842e+02	9.41091e+00	6.14075e+00
2.05933e+02	9.20772e+00	6.01377e+00
2.15444e+02	9.00431e+00	5.88570e+00
2.25393e+02	8.80058e+00	5.75684e+00
2.35803e+02	8.59691e+00	5.62746e+00
2.46693e+02	8.39364e+00	5.49784e+00
2.58086e+02	8.19109e+00	5.36821e+00
2.70005e+02	7.98957e+00	5.23881e+00
2.82475e+02	7.78936e+00	5.10987e+00
2.95521e+02	7.59073e+00	4.98158e+00
3.09169e+02	7.39391e+00	4.85415e+00
3.23448e+02	7.19913e+00	4.72773e+00
3.38385e+02	7.00660e+00	4.60250e+00
3.54013e+02	6.81650e+00	4.47860e+00
3.70363e+02	6.62900e+00	4.35616e+00
3.87467e+02	6.44425e+00	4.23531e+00
4.05362e+02	6.26238e+00	4.11616e+00
4.24083e+02	6.08352e+00	3.99881e+00
4.43669e+02	5.90776e+00	3.88334e+00
4.64159e+02	5.73520e+00	3.76984e+00
4.85595e+02	5.56591e+00	3.65837e+00
5.08022e+02	5.39996e+00	3.54899e+00
5.31484e+02	5.23740e+00	3.44174e+00
5.56030e+02	5.07827e+00	3.33668e+00
5.81709e+02	4.92259e+00	3.23382e+00
6.08574e+02	4.77040e+00	3.13320e+00
6.36681e+02	4.62170e+00	3.03485e+00
6.66085e+02	4.47650e+00	2.93876e+00
6.96847e+02	4.33479e+00	2.84495e+00
7.29029e+02	4.19656e+00	2.75341e+00
7.62699e+02	4.06180e+00	2.66415e+00
7.97923e+02	3.93049e+00	2.57716e+00
8.34773e+02	3.80259e+00	2.49242e+00
8.73326e+02	3.67807e+00	2.40992e+00
9.13659e+02	3.55689e+00	2.32964e+00
9.55855e+02	3.43902e+00	2.25155e+00
1.00000e+03	3.32441e+00	2.17564e+00
1.04618e+03	3.21301e+00	2.10186e+00
1.09450e+03	3.10478e+00	2.03020e+00
1.14505e+03	2.99966e+00	1.96061e+00
1.19793e+03	2.89759e+00	1.89307e+00
1.25325e+03	2.79853e+00	1.82754e+00
1.31113e+03	2.70240e+00	1.76398e+00
1.37169e+03	2.60916e+00	1.70235e+00
1.43504e+03	2.51875e+00	1.64261e+00
1.50131e+03	2.43111e+00	1.58473e+00
1.57065e+03	2.34616e+00	1.52866e+00
1.64318e+03	2.26386e+00	1.47437e+00
1.71907e+03	2.18414e+00	1.42181e+00
1.79846e+03	2.10695e+00	1.37094e+00
1.88152e+03	2.03221e+00	1.32171e+00
1.96842e+03	1.95987e+00	1.27409e+00
2.05933e+03	1.88987e+00	1.22804e+00
2.15443e+03	1.82214e+00	1.18352e+00
2.25393e+03	1.75664e+00	1.14047e+00
2.35803e+03	1.69330e+00	1.09887e+00
2.46693e+03	1.63205e+00	1.05868e+00
2.58086e+03	1.57285e+00	1.01985e+00
2.70005e+03	1.51564e+00	9.82340e-01
2.82475e+03	1.46035e+00	9.46121e-01
2.95521e+03	1.40694e+00	9.11150e-01
3.09169e+03	1.35535e+00	8.77390e-01
3.23448e+03	1.30552e+00	8.44806e-01
3.38386e+03	1.25741e+00	8.13362e-01
3.54013e+03	1.21096e+00	7.83021e-01
3.70363e+03	1.16612e+00	7.53751e-01
3.87468e+03	1.12284e+00	7.25517e-01
4.05362e+03	1.08108e+00	6.98287e-01
4.24083e+03	1.04078e+00	6.72028e-01
4.43669e+03	1.00190e+00	6.46709e-01
4.64159e+03	9.64405e-01	6.22300e-01
4.85595e+03	9.28238e-01	5.98771e-01
5.08022e+03	8.93361e-01	5.76093e-01
5.31484e+03	8.59731e-01	5.54237e-01
5.56030e+03	8.27308e-01	5.33177e-01
5.81709e+03	7.96053e-01	5.12885e-01
6.08574e+03	7.65926e-01	4.93336e-01
6.36681e+03	7.36891e-01	4.74504e-01
6.66085e+03	7.08910e-01	4.56364e-01
6.96847e+03	6.81949e-01	4.38894e-01
7.29030e+03	6.55973e-01	4.22069e-01
7.62699e+03	6.30949e-01	4.05868e-01
7.97923e+03	6.06844e-01	3.90269e-01
8.34773e+03	5.83626e-01	3.75250e-01
8.73326e+03	5.61265e-01	3.60791e-01
9.13659e+03	5.39732e-01	3.46872e-01
9.55855e+03	5.18997e-01	3.33475e-01
1.00000e+04	4.99032e-01	3.20581e-01
1.04618e+04	4.79812e-01	3.08171e-01
1.09450e+04	4.61308e-01	2.96229e-01
1.14505e+04	4.43497e-01	2.84737e-01
1.19793e+04	4.26353e-01	2.73680e-01
1.25325e+04	4.09852e-01	2.63041e-01
1.31113e+04	3.93972e-01	2.52806e-01
1.37169e+04	3.78691e-01	2.42959e-01
1.43504e+04	3.63987e-01	2.33487e-01
1.50131e+04	3.49838e-01	2.24376e-01
1.57065e+04	3.36226e-01	2.15612e-01
1.64318e+04	3.23130e-01	2.07183e-01
1.71907e+04	3.10532e-01	1.99076e-01
1.79847e+04	2.98413e-01	1.91280e-01
1.88152e+04	2.86757e-01	1.83783e-01
1.96842e+04	2.75545e-01	1.76574e-01
2.05933e+04	2.64762e-01	1.69643e-01
2.15443e+04	2.54391e-01	1.62978e-01
2.25393e+04	2.44419e-01	1.56570e-01
2.35803e+04	2.34829e-01	1.50409e-01
2.46693e+04	2.25607e-01	1.44486e-01
2.58086e+04	2.16741e-01	1.38793e-01
2.70005e+04	2.08216e-01	1.33320e-01
2.82475e+04	2.00020e-01	1.28058e-01
2.95521e+04	1.92141e-01	1.23001e-01
3.09169e+04	1.84566e-01	1.18141e-01
3.23448e+04	1.77284e-01	1.13469e-01
3.38386e+04	1.70285e-01	1.08979e-01
3.54013e+04	1.63557e-01	1.04664e-01
3.70363e+04	1.57091e-01	1.00518e-01
3.87468e+04	1.50876e-01	9.65326e-02
4.05362e+04	1.44902e-01	9.27032e-02
4.24083e+04	1.39162e-01	8.90236e-02
4.43669e+04	1.33645e-01	8.54878e-02
4.64159e+04	1.28344e-01	8.20905e-02
4.85595e+04	1.23249e-01	7.88264e-02
5.08022e+04	1.18354e-01	7.56902e-02
5.31484e+04	1.13650e-01	7.26771e-02
5.56030e+04	1.09131e-01	6.97824e-02
5.81709e+04	1.04789e-01	6.70014e-02
6.08574e+04	1.00617e-01	6.43298e-02
6.36681e+04	9.66085e-02	6.17634e-02
6.66085e+04	9.27579e-02	5.92981e-02
6.96847e+04	8.90587e-02	5.69300e-02
7.29029e+04	8.55050e-02	5.46553e-02
7.62699e+04	8.20913e-02	5.24703e-02
7.97923e+04	7.88122e-02	5.03717e-02
8.34773e+04	7.56624e-02	4.83560e-02
8.73326e+04	7.26369e-02	4.64201e-02
9.13659e+04	6.97309e-02	4.45608e-02
9.55855e+04	6.69398e-02	4.27751e-02
1.00000e+05	6.42591e-02	4.10601e-02
1.04618e+05	6.16845e-02	3.94132e-02
1.09450e+05	5.92118e-02	3.78316e-02
1.14505e+05	5.68371e-02	3.63128e-02
1.19793e+05	5.45566e-02	3.48543e-02
1.25325e+05	5.23666e-02	3.34538e-02
1.31113e+05	5.02635e-02	3.21089e-02
1.37169e+05	4.82440e-02	3.08176e-02
1.43504e+05	4.63047e-02	2.95777e-02
1.50131e+05	4.44426e-02	2.83872e-02
1.57065e+05	4.26546e-02	2.72441e-02
1.64318e+05	4.09378e-02	2.61466e-02
1.71907e+05	3.92894e-02	2.50929e-02
1.79846e+05	3.77067e-02	2.40812e-02
1.88152e+05	3.61871e-02	2.31100e-02
1.96842e+05	3.47281e-02	2.21775e-02
2.05933e+05	3.33274e-02	2.12823e-02
2.15444e+05	3.19827e-02	2.04230e-02
2.25393e+05	3.06917e-02	1.95980e-02
2.35803e+05	2.94523e-02	1.88060e-02
2.46693e+05	2.82626e-02	1.80458e-02
2.58086e+05	2.71204e-02	1.73160e-02
2.70006e+05	2.60240e-02	1.66155e-02
2.82475e+05	2.49715e-02	1.59431e-02
2.95521e+05	2.39612e-02	1.52976e-02
3.09169e+05	2.29914e-02	1.46781e-02
3.23448e+05	2.20606e-02	1.40834e-02
3.38386e+05	2.11670e-02	1.35126e-02
3.54013e+05	2.03094e-02	1.29648e-02
3.70363e+05	1.94863e-02	1.24390e-02
3.87468e+05	1.86962e-02	1.19344e-02
4.05362e+05	1.79379e-02	1.14500e-02
4.24083e+05	1.72101e-02	1.09852e-02
4.43669e+05	1.65116e-02	1.05391e-02
4.64159e+05	1.58412e-02	1.01110e-02
4.85595e+05	1.51978e-02	9.70010e-03
5.08022e+05	1.45804e-02	9.30580e-03
5.31484e+05	1.39878e-02	8.92740e-03
5.56030e+05	1.34191e-02	8.56427e-03
5.81709e+05	1.28734e-02	8.21581e-03
6.08574e+05	1.23497e-02	7.88141e-03
6.36680e+05	1.18471e-02	7.56053e-03
6.66085e+05	1.13649e-02	7.25262e-03
6.96847e+05	1.09021e-02	6.95716e-03
7.29030e+05	1.04581e-02	6.67365e-03
7.62699e+05	1.00320e-02	6.40161e-03
7.97923e+05	9.62309e-03	6.14059e-03
8.34773e+05	9.23077e-03	5.89013e-03
8.73326e+05	8.85433e-03	5.64982e-03
9.13659e+05	8.49314e-03	5.41924e-03
9.55855e+05	8.14658e-03	5.19802e-03
1.00000e+06	7.81406e-03	4.98576e-03
