# PH2 cross section
256
1.00000e+01	6.14267e-02	8.66007e-02
1.04618e+01	1.70419e-01	1.99207e-01
1.09450e+01	3.06182e-01	3.19741e-01
1.14505e+01	5.28183e-01	4.46425e-01
1.19793e+01	8.37491e-01	5.77693e-01
1.25325e+01	1.16345e+00	7.84196e-01
1.31113e+01	1.50184e+00	1.00279e+00
1.37169e+01	1.86774e+00	1.26701e+00
1.43504e+01	2.35067e+00	1.56631e+00
1.50131e+01	2.86345e+00	1.87285e+00
1.57065e+01	3.38571e+00	2.18372e+00
1.64318e+01	3.91273e+00	2.49640e+00
1.71907e+01	4.44039e+00	2.80865e+00
1.79846e+01	4.96509e+00	3.11853e+00
1.88152e+01	5.48371e+00	3.42436e+00
1.96842e+01	5.99352e+00	3.72464e+00
2.05933e+01	6.49217e+00	4.05381e+00
2.15444e+01	6.97853e+00	4.40958e+00
2.25393e+01	7.48011e+00	4.77283e+00
2.35803e+01	7.97292e+00	5.13063e+00
2.46693e+01	8.47179e+00	5.48093e+00
2.58086e+01	8.95535e+00	5.82193e+00
2.70006e+01	9.42170e+00	6.15213e+00
2.82475e+01	9.86924e+00	6.47021e+00
2.95521e+01	1.02966e+01	6.77509e+00
3.09169e+01	1.07027e+01	7.06585e+00
3.23448e+01	1.10866e+01	7.34174e+00
3.38385e+01	1.14476e+01	7.60215e+00
3.54013e+01	1.17851e+01	7.84659e+00
3.70363e+01	1.20988e+01	8.07471e+00
3.87467e+01	1.23883e+01	8.28625e+00
4.05362e+01	1.26535e+01	8.48105e+00
4.24083e+01	1.28945e+01	8.65903e+00
4.43669e+01	1.31112e+01	8.82020e+00
4.64159e+01	1.33039e+01	8.96465e+00
4.85595e+01	1.34728e+01	9.09250e+00
5.08022e+01	1.36183e+01	9.20397e+00
5.31484e+01	1.37407e+01	9.29931e+00
5.56030e+01	1.38406e+01	9.37883e+00
5.81709e+01	1.39185e+01	9.44288e+00
6.08575e+01	1.39749e+01	9.49184e+00
6.36681e+01	1.40106e+01	9.52614e+00
6.66085e+01	1.40262e+01	9.54624e+00
6.96847e+01	1.40224e+01	9.55263e+00
7.29030e+01	1.40000e+01	9.54880e+00
7.62699e+01	1.39597e+01	9.53383e+00
7.97923e+01	1.39023e+01	9.50698e+00
8.34773e+01	1.38288e+01	9.46872e+00
8.73326e+01	1.37398e+01	9.41956e+00
9.13659e+01	1.36362e+01	9.36001e+00
9.55855e+01	1.35189e+01	9.29241e+00
1.00000e+02	1.33888e+01	9.21644e+00
1.04618e+02	1.32466e+01	9.13186e+00
1.09450e+02	1.30932e+01	9.03917e+00
1.14505e+02	1.29294e+01	8.93889e+00
1.19793e+02	1.27561e+01	8.83152e+00
1.25325e+02	1.25741e+01	8.71760e+00
1.31113e+02	1.23841e+01	8.59764e+00
1.37169e+02	1.21870e+01	8.47213e+00
1.43504e+02	1.19834e+01	8.34159e+00
1.50131e+02	1.17758e+01	8.20651e+00
1.57065e+02	1.15649e+01	8.06738e+00
1.64318e+02	1.13500e+01	7.92465e+00
1.71907e+02	1.11316e+01	7.77879e+00
1.79846e+02	1.09102e+01	7.63023e+00
1.88152e+02	1.06866e+01	7.47939e+00
1.96842e+02	1.04611e+01	7.32668e+00
2.05933e+02	1.02343e+01	7.17248e+00
2.15444e+02	1.00073e+01	7.01716e+00
2.25393e+02	9.77993e+00	6.86108e+00
2.35803e+02	9.55262e+00	6.70456e+00
2.46693e+02	9.32577e+00	6.54791e+00
2.58086e+02	9.09974e+00	6.39142e+00
2.70005e+02	8.87489e+00	6.23538e+00
2.82475e+02	8.65152e+00	6.08002e+00
2.95521e+02	8.42994e+00	5.92560e+00
3.09169e+02	8.21042e+00	5.77233e+00
3.23448e+02	7.99320e+00	5.62041e+00
3.38385e+02	7.77853e+00	5.47003e+00
3.54013e+02	7.56659e+00	5.32136e+00
3.70363e+02	7.35759e+00	5.17456e+00
3.87467e+02	7.15169e+00	5.02975e+00
4.05362e+02	6.94904e+00	4.88708e+00
4.24083e+02	6.74977e+00	4.74664e+00
4.43669e+02	6.55399e+00	4.60854e+00
4.64159e+02	6.36181e+00	4.47287e+00
4.85595e+02	6.17330e+00	4.33969e+00
5.08022e+02	5.98855e+00	4.20908e+00
5.31484e+02	5.80760e+00	4.08108e+00
5.56030e+02	5.63050e+00	3.95574e+00
5.81709e+02	5.45728e+00	3.83310e+00
6.08574e+02	5.28796e+00	3.71318e+00
6.36681e+02	5.12256e+00	3.59599e+00
6.66085e+02	4.96107e+00	3.48156e+00
6.96847e+02	4.80350e+00	3.36988e+00
7.29029e+02	4.64983e+00	3.26095e+00
7.62699e+02	4.50003e+00	3.15477e+00
7.97923e+02	4.35409e+00	3.05131e+00
8.34773e+02	4.21197e+00	2.95057e+00
8.73326e+02	4.07363e+00	2.85253e+00
9.13659e+02	3.93903e+00	2.75714e+00
9.55855e+02	3.80812e+00	2.66439e+00
1.00000e+03	3.68085e+00	2.57424e+00
1.04618e+03	3.55717e+00	2.48666e+00
1.09450e+03	3.43703e+00	2.40161e+00
1.14505e+03	3.32035e+00	2.31904e+00
1.19793e+03	3.20708e+00	2.23892e+00
1.25325e+03	3.09716e+00	2.16119e+00
1.31113e+03	2.99052e+00	2.08582e+00
1.37169e+03	2.88710e+00	2.01276e+00
1.43504e+03	2.78683e+00	1.94196e+00
1.50131e+03	2.68964e+00	1.87336e+00
1.57065e+03	2.59546e+00	1.80693e+00
1.64318e+03	2.50422e+00	1.74261e+00
1.71907e+03	2.41586e+00	1.68036e+00
1.79846e+03	2.33030e+00	1.62011e+00
1.88152e+03	2.24748e+00	1.56182e+00
1.96842e+03	2.16733e+00	1.50545e+00
2.05933e+03	2.08978e+00	1.45094e+00
2.15443e+03	2.01476e+00	1.39824e+00
2.25393e+03	1.94221e+00	1.34730e+00
2.35803e+03	1.87206e+00	1.29808e+00
2.46693e+03	1.80425e+00	1.25052e+00
2.58086e+03	1.73870e+00	1.20458e+00
2.70005e+03	1.67536e+00	1.16022e+00
2.82475e+03	1.61416e+00	1.11738e+00
2.95521e+03	1.55504e+00	1.07602e+00
3.09169e+03	1.49794e+00	1.03610e+00
3.23448e+03	1.44280e+00	9.97577e-01
3.38386e+03	1.38956e+00	9.60401e-01
3.54013e+03	1.33817e+00	9.24535e-01
3.70363e+03	1.28856e+00	8.89936e-01
3.87468e+03	1.24068e+00	8.56564e-01
4.05362e+03	1.19449e+00	8.24382e-01
4.24083e+03	1.14992e+00	7.93350e-01
4.43669e+03	1.10693e+00	7.63432e-01
4.64159e+03	1.06546e+00	7.34590e-01
4.85595e+03	1.02547e+00	7.06790e-01
5.08022e+03	9.86900e-01	6.79998e-01
5.31484e+03	9.49719e-01	6.54178e-01
5.56030e+03	9.13874e-01	6.29300e-01
5.81709e+03	8.79321e-01	6.05331e-01
6.08574e+03	8.46019e-01	5.82240e-01
6.36681e+03	8.13925e-01	5.59998e-01
6.66085e+03	7.82999e-01	5.38575e-01
6.96847e+03	7.53202e-01	5.17943e-01
7.29030e+03	7.24495e-01	4.98075e-01
7.62699e+03	6.96840e-01	4.78944e-01
7.97923e+03	6.70203e-01	4.60524e-01
8.34773e+03	6.44548e-01	4.42790e-01
8.73326e+03	6.19841e-01	4.25719e-01
9.13659e+03	5.96049e-01	4.09286e-01
9.55855e+03	5.73140e-01	3.93470e-01
1.00000e+04	5.51083e-01	3.78248e-01
1.04618e+04	5.29849e-01	3.63598e-01
1.09450e+04	5.09408e-01	3.49500e-01
1.14505e+04	4.89732e-01	3.35935e-01
1.19793e+04	4.70794e-01	3.22884e-01
1.25325e+04	4.52568e-01	3.10326e-01
1.31113e+04	4.35028e-01	2.98245e-01
1.37169e+04	4.18149e-01	2.86624e-01
1.43504e+04	4.01908e-01	2.75444e-01
1.50131e+04	3.86282e-01	2.64691e-01
1.57065e+04	3.71248e-01	2.54349e-01
1.64318e+04	3.56784e-01	2.44402e-01
1.71907e+04	3.42871e-01	2.34835e-01
1.79847e+04	3.29488e-01	2.25635e-01
1.88152e+04	3.16615e-01	2.16789e-01
1.96842e+04	3.04233e-01	2.08282e-01
2.05933e+04	2.92326e-01	2.00103e-01
2.15443e+04	2.80874e-01	1.92239e-01
2.25393e+04	2.69861e-01	1.84677e-01
2.35803e+04	2.59272e-01	1.77408e-01
2.46693e+04	2.49089e-01	1.70420e-01
2.58086e+04	2.39299e-01	1.63703e-01
2.70005e+04	2.29886e-01	1.57245e-01
2.82475e+04	2.20836e-01	1.51038e-01
2.95521e+04	2.12136e-01	1.45072e-01
3.09169e+04	2.03772e-01	1.39338e-01
3.23448e+04	1.95733e-01	1.33826e-01
3.38386e+04	1.88005e-01	1.28529e-01
3.54013e+04	1.80576e-01	1.23439e-01
3.70363e+04	1.73437e-01	1.18547e-01
3.87468e+04	1.66574e-01	1.13846e-01
4.05362e+04	1.59979e-01	1.09329e-01
4.24083e+04	1.53641e-01	1.04988e-01
4.43669e+04	1.47551e-01	1.00817e-01
4.64159e+04	1.41697e-01	9.68100e-02
4.85595e+04	1.36073e-01	9.29596e-02
5.08022e+04	1.30668e-01	8.92603e-02
5.31484e+04	1.25475e-01	8.57062e-02
5.56030e+04	1.20486e-01	8.22918e-02
5.81709e+04	1.15692e-01	7.90116e-02
6.08574e+04	1.11086e-01	7.58605e-02
6.36681e+04	1.06661e-01	7.28334e-02
6.66085e+04	1.02409e-01	6.99257e-02
6.96847e+04	9.83253e-02	6.71325e-02
7.29029e+04	9.44020e-02	6.44496e-02
7.62699e+04	9.06332e-02	6.18727e-02
7.97923e+04	8.70130e-02	5.93975e-02
8.34773e+04	8.35356e-02	5.70202e-02
8.73326e+04	8.01954e-02	5.47370e-02
9.13659e+04	7.69872e-02	5.25441e-02
9.55855e+04	7.39058e-02	5.04381e-02
1.00000e+05	7.09462e-02	4.84156e-02
1.04618e+05	6.81038e-02	4.64733e-02
1.09450e+05	6.53739e-02	4.46081e-02
1.14505e+05	6.27523e-02	4.28169e-02
1.19793e+05	6.02345e-02	4.10969e-02
1.25325e+05	5.78167e-02	3.94453e-02
1.31113e+05	5.54949e-02	3.78593e-02
1.37169e+05	5.32653e-02	3.63365e-02
1.43504e+05	5.11244e-02	3.48743e-02
1.50131e+05	4.90686e-02	3.34704e-02
1.57065e+05	4.70946e-02	3.21224e-02
1.64318e+05	4.51992e-02	3.08282e-02
1.71907e+05	4.33793e-02	2.95856e-02
1.79846e+05	4.16319e-02	2.83927e-02
1.88152e+05	3.99543e-02	2.72473e-02
1.96842e+05	3.83436e-02	2.61478e-02
2.05933e+05	3.67972e-02	2.50922e-02
2.15444e+05	3.53125e-02	2.40789e-02
2.25393e+05	3.38872e-02	2.31060e-02
2.35803e+05	3.25189e-02	2.21722e-02
2.46693e+05	3.12053e-02	2.12758e-02
2.58086e+05	2.99444e-02	2.04152e-02
2.70006e+05	2.87339e-02	1.95892e-02
2.82475e+05	2.75719e-02	1.87963e-02
2.95521e+05	2.64565e-02	1.80353e-02
3.09169e+05	2.53858e-02	1.73048e-02
3.23448e+05	2.43580e-02	1.66036e-02
3.38386e+05	2.33716e-02	1.59306e-02
3.54013e+05	2.24247e-02	1.52847e-02
3.70363e+05	2.15158e-02	1.46647e-02
3.87468e+05	2.06436e-02	1.40697e-02
4.05362e+05	1.98063e-02	1.34987e-02
4.24083e+05	1.90028e-02	1.29506e-02
4.43669e+05	1.82316e-02	1.24246e-02
4.64159e+05	1.74914e-02	1.19198e-02
4.85595e+05	1.67810e-02	1.14354e-02
5.08022e+05	1.60993e-02	1.09705e-02
5.31484e+05	1.54451e-02	1.05244e-02
5.56030e+05	1.48172e-02	1.00962e-02
5.81709e+05	1.42147e-02	9.68538e-03
6.08574e+05	1.36365e-02	9.29114e-03
6.36680e+05	1.30816e-02	8.91282e-03
6.66085e+05	1.25491e-02	8.54980e-03
6.96847e+05	1.20382e-02	8.20145e-03
7.29030e+05	1.15479e-02	7.86720e-03
7.62699e+05	1.10774e-02	7.54648e-03
7.97923e+05	1.06260e-02	7.23873e-03
8.34773e+05	1.01928e-02	6.94346e-03
8.73326e+05	9.77715e-03	6.66014e-03
9.13659e+05	9.37834e-03	6.38831e-03
9.55855e+05	8.99569e-03	6.12749e-03
1.00000e+06	8.62854e-03	5.87726e-03
