# SO2 cross section
256
1.00000e+01	0.00000e+00	0.00000e+00
1.04618e+01	0.00000e+00	0.00000e+00
1.09450e+01	0.00000e+00	0.00000e+00
1.14505e+01	0.00000e+00	0.00000e+00
1.19793e+01	0.00000e+00	0.00000e+00
1.25325e+01	0.00000e+00	0.00000e+00
1.31113e+01	8.11800e-02	7.32524e-02
1.37169e+01	2.92348e-01	1.77430e-01
1.43504e+01	6.05284e-01	3.57509e-01
1.50131e+01	9.40175e-01	6.19337e-01
1.57065e+01	1.29232e+00	9.35260e-01
1.64318e+01	1.65758e+00	1.26730e+00
1.71907e+01	2.12459e+00	1.61153e+00
1.79846e+01	2.72592e+00	1.96451e+00
1.88152e+01	3.34814e+00	2.32322e+00
1.96842e+01	3.98497e+00	2.68500e+00
2.05933e+01	4.63090e+00	3.04752e+00
2.15444e+01	5.28111e+00	3.40871e+00
2.25393e+01	5.93134e+00	3.76680e+00
2.35803e+01	6.57787e+00	4.13213e+00
2.46693e+01	7.24280e+00	4.59038e+00
2.58086e+01	7.91097e+00	5.07199e+00
2.70006e+01	8.56959e+00	5.55424e+00
2.82475e+01	9.21582e+00	6.03390e+00
2.95521e+01	9.84721e+00	6.50816e+00
3.09169e+01	1.04616e+01	6.97457e+00
3.23448e+01	1.10571e+01	7.43096e+00
3.38385e+01	1.16321e+01	7.87549e+00
3.54013e+01	1.21851e+01	8.30652e+00
3.70363e+01	1.27151e+01	8.72267e+00
3.87467e+01	1.32303e+01	9.12273e+00
4.05362e+01	1.37307e+01	9.50569e+00
4.24083e+01	1.42239e+01	9.87067e+00
4.43669e+01	1.46936e+01	1.02170e+01
4.64159e+01	1.51383e+01	1.05440e+01
4.85595e+01	1.55572e+01	1.08512e+01
5.08022e+01	1.59495e+01	1.11383e+01
5.31484e+01	1.63147e+01	1.14050e+01
5.56030e+01	1.66523e+01	1.16512e+01
5.81709e+01	1.69620e+01	1.18767e+01
6.08575e+01	1.72437e+01	1.20891e+01
6.36681e+01	1.74973e+01	1.22834e+01
6.66085e+01	1.77230e+01	1.24579e+01
6.96847e+01	1.79209e+01	1.26125e+01
7.29030e+01	1.80912e+01	1.27473e+01
7.62699e+01	1.82344e+01	1.28626e+01
7.97923e+01	1.83508e+01	1.29585e+01
8.34773e+01	1.84410e+01	1.30354e+01
8.73326e+01	1.85056e+01	1.30936e+01
9.13659e+01	1.85451e+01	1.31336e+01
9.55855e+01	1.85603e+01	1.31559e+01
1.00000e+02	1.85520e+01	1.31608e+01
1.04618e+02	1.85209e+01	1.31491e+01
1.09450e+02	1.84679e+01	1.31212e+01
1.14505e+02	1.83939e+01	1.30779e+01
1.19793e+02	1.82996e+01	1.30196e+01
1.25325e+02	1.81862e+01	1.29471e+01
1.31113e+02	1.80544e+01	1.28611e+01
1.37169e+02	1.79054e+01	1.27623e+01
1.43504e+02	1.77400e+01	1.26513e+01
1.50131e+02	1.75592e+01	1.25289e+01
1.57065e+02	1.73640e+01	1.23958e+01
1.64318e+02	1.71554e+01	1.22526e+01
1.71907e+02	1.69344e+01	1.21002e+01
1.79846e+02	1.67019e+01	1.19391e+01
1.88152e+02	1.64594e+01	1.17702e+01
1.96842e+02	1.62089e+01	1.15941e+01
2.05933e+02	1.59500e+01	1.14114e+01
2.15444e+02	1.56834e+01	1.12228e+01
2.25393e+02	1.54101e+01	1.10290e+01
2.35803e+02	1.51308e+01	1.08305e+01
2.46693e+02	1.48463e+01	1.06280e+01
2.58086e+02	1.45577e+01	1.04221e+01
2.70005e+02	1.42656e+01	1.02134e+01
2.82475e+02	1.39705e+01	1.00022e+01
2.95521e+02	1.36732e+01	9.78984e+00
3.09169e+02	1.33743e+01	9.57616e+00
3.23448e+02	1.30744e+01	9.36163e+00
3.38385e+02	1.27740e+01	9.14666e+00
3.54013e+02	1.24738e+01	8.93167e+00
3.70363e+02	1.21743e+01	8.71703e+00
3.87467e+02	1.18758e+01	8.50336e+00
4.05362e+02	1.15789e+01	8.29085e+00
4.24083e+02	1.12841e+01	8.07972e+00
4.43669e+02	1.09916e+01	7.87026e+00
4.64159e+02	1.07019e+01	7.66271e+00
4.85595e+02	1.04152e+01	7.45732e+00
5.08022e+02	1.01319e+01	7.25431e+00
5.31484e+02	9.85235e+00	7.05389e+00
5.56030e+02	9.57666e+00	6.85624e+00
5.81709e+02	9.30526e+00	6.66151e+00
6.08574e+02	9.03825e+00	6.46986e+00
6.36681e+02	8.77577e+00	6.28142e+00
6.66085e+02	8.51795e+00	6.09630e+00
6.96847e+02	8.26493e+00	5.91461e+00
7.29029e+02	8.01683e+00	5.73641e+00
7.62699e+02	7.77372e+00	5.56180e+00
7.97923e+02	7.53569e+00	5.39081e+00
8.34773e+02	7.30279e+00	5.22351e+00
8.73326e+02	7.07507e+00	5.05992e+00
9.13659e+02	6.85256e+00	4.90008e+00
9.55855e+02	6.63527e+00	4.74398e+00
1.00000e+03	6.42320e+00	4.59165e+00
1.04618e+03	6.21635e+00	4.44307e+00
1.09450e+03	6.01470e+00	4.29824e+00
1.14505e+03	5.81823e+00	4.15713e+00
1.19793e+03	5.62688e+00	4.01973e+00
1.25325e+03	5.44064e+00	3.88599e+00
1.31113e+03	5.25943e+00	3.75590e+00
1.37169e+03	5.08320e+00	3.62940e+00
1.43504e+03	4.91190e+00	3.50645e+00
1.50131e+03	4.74545e+00	3.38700e+00
1.57065e+03	4.58377e+00	3.27100e+00
1.64318e+03	4.42680e+00	3.15840e+00
1.71907e+03	4.27445e+00	3.04913e+00
1.79846e+03	4.12663e+00	2.94314e+00
1.88152e+03	3.98326e+00	2.84036e+00
1.96842e+03	3.84426e+00	2.74073e+00
2.05933e+03	3.70953e+00	2.64418e+00
2.15443e+03	3.57898e+00	2.55065e+00
2.25393e+03	3.45252e+00	2.46007e+00
2.35803e+03	3.33005e+00	2.37237e+00
2.46693e+03	3.21148e+00	2.28749e+00
2.58086e+03	3.09673e+00	2.20535e+00
2.70005e+03	2.98569e+00	2.12589e+00
2.82475e+03	2.87827e+00	2.04903e+00
2.95521e+03	2.77437e+00	1.97472e+00
3.09169e+03	2.67391e+00	1.90288e+00
3.23448e+03	2.57679e+00	1.83345e+00
3.38386e+03	2.48292e+00	1.76636e+00
3.54013e+03	2.39221e+00	1.70154e+00
3.70363e+03	2.30458e+00	1.63894e+00
3.87468e+03	2.21992e+00	1.57848e+00
4.05362e+03	2.13816e+00	1.52010e+00
4.24083e+03	2.05922e+00	1.46374e+00
4.43669e+03	1.98300e+00	1.40935e+00
4.64159e+03	1.90943e+00	1.35686e+00
4.85595e+03	1.83843e+00	1.30621e+00
5.08022e+03	1.76991e+00	1.25734e+00
5.31484e+03	1.70381e+00	1.21021e+00
5.56030e+03	1.64004e+00	1.16475e+00
5.81709e+03	1.57853e+00	1.12092e+00
6.08574e+03	1.51921e+00	1.07865e+00
6.36681e+03	1.46201e+00	1.03790e+00
6.66085e+03	1.40686e+00	9.98624e-01
6.96847e+03	1.35370e+00	9.60767e-01
7.29030e+03	1.30245e+00	9.24284e-01
7.62699e+03	1.25306e+00	8.89128e-01
7.97923e+03	1.20547e+00	8.55257e-01
8.34773e+03	1.15960e+00	8.22625e-01
8.73326e+03	1.11541e+00	7.91191e-01
9.13659e+03	1.07285e+00	7.60915e-01
9.55855e+03	1.03184e+00	7.31756e-01
1.00000e+04	9.92344e-01	7.03675e-01
1.04618e+04	9.54306e-01	6.76636e-01
1.09450e+04	9.17676e-01	6.50601e-01
1.14505e+04	8.82404e-01	6.25537e-01
1.19793e+04	8.48444e-01	6.01408e-01
1.25325e+04	8.15749e-01	5.78182e-01
1.31113e+04	7.84275e-01	5.55826e-01
1.37169e+04	7.53979e-01	5.34310e-01
1.43504e+04	7.24818e-01	5.13604e-01
1.50131e+04	6.96753e-01	4.93679e-01
1.57065e+04	6.69744e-01	4.74506e-01
1.64318e+04	6.43754e-01	4.56058e-01
1.71907e+04	6.18745e-01	4.38309e-01
1.79847e+04	5.94683e-01	4.21235e-01
1.88152e+04	5.71532e-01	4.04809e-01
1.96842e+04	5.49261e-01	3.89009e-01
2.05933e+04	5.27837e-01	3.73811e-01
2.15443e+04	5.07228e-01	3.59194e-01
2.25393e+04	4.87405e-01	3.45136e-01
2.35803e+04	4.68340e-01	3.31617e-01
2.46693e+04	4.50004e-01	3.18615e-01
2.58086e+04	4.32370e-01	3.06114e-01
2.70005e+04	4.15413e-01	2.94092e-01
2.82475e+04	3.99107e-01	2.82534e-01
2.95521e+04	3.83429e-01	2.71421e-01
3.09169e+04	3.68354e-01	2.60737e-01
3.23448e+04	3.53860e-01	2.50466e-01
3.38386e+04	3.39925e-01	2.40592e-01
3.54013e+04	3.26530e-01	2.31101e-01
3.70363e+04	3.13652e-01	2.21977e-01
3.87468e+04	3.01273e-01	2.13208e-01
4.05362e+04	2.89375e-01	2.04779e-01
4.24083e+04	2.77938e-01	1.96678e-01
4.43669e+04	2.66945e-01	1.88892e-01
4.64159e+04	2.56380e-01	1.81409e-01
4.85595e+04	2.46227e-01	1.74219e-01
5.08022e+04	2.36469e-01	1.67308e-01
5.31484e+04	2.27092e-01	1.60668e-01
5.56030e+04	2.18080e-01	1.54288e-01
5.81709e+04	2.09421e-01	1.48157e-01
6.08574e+04	2.01101e-01	1.42266e-01
6.36681e+04	1.93107e-01	1.36607e-01
6.66085e+04	1.85425e-01	1.31169e-01
6.96847e+04	1.78045e-01	1.25945e-01
7.29029e+04	1.70955e-01	1.20926e-01
7.62699e+04	1.64143e-01	1.16104e-01
7.97923e+04	1.57599e-01	1.11473e-01
8.34773e+04	1.51312e-01	1.07023e-01
8.73326e+04	1.45273e-01	1.02749e-01
9.13659e+04	1.39472e-01	9.86436e-02
9.55855e+04	1.33899e-01	9.47002e-02
1.00000e+05	1.28547e-01	9.09125e-02
1.04618e+05	1.23405e-01	8.72744e-02
1.09450e+05	1.18467e-01	8.37803e-02
1.14505e+05	1.13724e-01	8.04244e-02
1.19793e+05	1.09169e-01	7.72014e-02
1.25325e+05	1.04794e-01	7.41061e-02
1.31113e+05	1.00593e-01	7.11335e-02
1.37169e+05	9.65574e-02	6.82789e-02
1.43504e+05	9.26824e-02	6.55375e-02
1.50131e+05	8.89613e-02	6.29051e-02
1.57065e+05	8.53879e-02	6.03772e-02
1.64318e+05	8.19565e-02	5.79499e-02
1.71907e+05	7.86615e-02	5.56192e-02
1.79846e+05	7.54976e-02	5.33812e-02
1.88152e+05	7.24597e-02	5.12324e-02
1.96842e+05	6.95427e-02	4.91692e-02
2.05933e+05	6.67420e-02	4.71883e-02
2.15444e+05	6.40530e-02	4.52864e-02
2.25393e+05	6.14713e-02	4.34605e-02
2.35803e+05	5.89926e-02	4.17074e-02
2.46693e+05	5.66129e-02	4.00244e-02
2.58086e+05	5.43282e-02	3.84087e-02
2.70006e+05	5.21349e-02	3.68576e-02
2.82475e+05	5.00294e-02	3.53686e-02
2.95521e+05	4.80081e-02	3.39392e-02
3.09169e+05	4.60677e-02	3.25670e-02
3.23448e+05	4.42050e-02	3.12498e-02
3.38386e+05	4.24170e-02	2.99855e-02
3.54013e+05	4.07007e-02	2.87718e-02
3.70363e+05	3.90532e-02	2.76069e-02
3.87468e+05	3.74718e-02	2.64887e-02
4.05362e+05	3.59539e-02	2.54154e-02
4.24083e+05	3.44970e-02	2.43853e-02
4.43669e+05	3.30987e-02	2.33966e-02
4.64159e+05	3.17565e-02	2.24476e-02
4.85595e+05	3.04683e-02	2.15368e-02
5.08022e+05	2.92320e-02	2.06627e-02
5.31484e+05	2.80454e-02	1.98237e-02
5.56030e+05	2.69066e-02	1.90186e-02
5.81709e+05	2.58137e-02	1.82459e-02
6.08574e+05	2.47648e-02	1.75044e-02
6.36680e+05	2.37582e-02	1.67927e-02
6.66085e+05	2.27923e-02	1.61098e-02
6.96847e+05	2.18653e-02	1.54544e-02
7.29030e+05	2.09757e-02	1.48256e-02
7.62699e+05	2.01220e-02	1.42221e-02
7.97923e+05	1.93028e-02	1.36430e-02
8.34773e+05	1.85168e-02	1.30873e-02
8.73326e+05	1.77625e-02	1.25541e-02
9.13659e+05	1.70387e-02	1.20424e-02
9.55855e+05	1.63442e-02	1.15514e-02
1.00000e+06	1.56778e-02	1.10804e-02
