# C cross section
256
1.00000e+01	3.42942e-01	1.74166e+00
1.04618e+01	6.04718e-01	2.12181e+00
1.09450e+01	8.81421e-01	2.50698e+00
1.14505e+01	1.16936e+00	2.89439e+00
1.19793e+01	1.46529e+00	3.28155e+00
1.25325e+01	1.76639e+00	3.66631e+00
1.31113e+01	2.07015e+00	4.04676e+00
1.37169e+01	2.37440e+00	4.42124e+00
1.43504e+01	2.67724e+00	4.78829e+00
1.50131e+01	2.97700e+00	5.14666e+00
1.57065e+01	3.27223e+00	5.49522e+00
1.64318e+01	3.56166e+00	5.83300e+00
1.71907e+01	3.84419e+00	6.15916e+00
1.79846e+01	4.11886e+00	6.47299e+00
1.88152e+01	4.38483e+00	6.77384e+00
1.96842e+01	4.67973e+00	7.06118e+00
2.05933e+01	5.00100e+00	7.33457e+00
2.15444e+01	5.31703e+00	7.59362e+00
2.25393e+01	5.62607e+00	7.83803e+00
2.35803e+01	5.92661e+00	8.06755e+00
2.46693e+01	6.21734e+00	8.28201e+00
2.58086e+01	6.49714e+00	8.48127e+00
2.70006e+01	6.76508e+00	8.66526e+00
2.82475e+01	7.02036e+00	8.83396e+00
2.95521e+01	7.26234e+00	8.98738e+00
3.09169e+01	7.49047e+00	9.12560e+00
3.23448e+01	7.70435e+00	9.24872e+00
3.38385e+01	7.90365e+00	9.35689e+00
3.54013e+01	8.08814e+00	9.45030e+00
3.70363e+01	8.25769e+00	9.52917e+00
3.87467e+01	8.41221e+00	9.59376e+00
4.05362e+01	8.55171e+00	9.66624e+00
4.24083e+01	8.67625e+00	9.72846e+00
4.43669e+01	8.78595e+00	9.77873e+00
4.64159e+01	8.88098e+00	9.81700e+00
4.85595e+01	8.96156e+00	9.84328e+00
5.08022e+01	9.02794e+00	9.85768e+00
5.31484e+01	9.08044e+00	9.86037e+00
5.56030e+01	9.11938e+00	9.85157e+00
5.81709e+01	9.14514e+00	9.83155e+00
6.08575e+01	9.15811e+00	9.80062e+00
6.36681e+01	9.15872e+00	9.75915e+00
6.66085e+01	9.14741e+00	9.70752e+00
6.96847e+01	9.12465e+00	9.64614e+00
7.29030e+01	9.09092e+00	9.57546e+00
7.62699e+01	9.04670e+00	9.49593e+00
7.97923e+01	8.99252e+00	9.40801e+00
8.34773e+01	8.92887e+00	9.31219e+00
8.73326e+01	8.85628e+00	9.20895e+00
9.13659e+01	8.77528e+00	9.09879e+00
9.55855e+01	8.68638e+00	8.98219e+00
1.00000e+02	8.59011e+00	8.85965e+00
1.04618e+02	8.48699e+00	8.73165e+00
1.09450e+02	8.37752e+00	8.59867e+00
1.14505e+02	8.26223e+00	8.46118e+00
1.19793e+02	8.14160e+00	8.31964e+00
1.25325e+02	8.01612e+00	8.17450e+00
1.31113e+02	7.88628e+00	8.02620e+00
1.37169e+02	7.75253e+00	7.87517e+00
1.43504e+02	7.61532e+00	7.72180e+00
1.50131e+02	7.47510e+00	7.56651e+00
1.57065e+02	7.33228e+00	7.40965e+00
1.64318e+02	7.18726e+00	7.25160e+00
1.71907e+02	7.04044e+00	7.09269e+00
1.79846e+02	6.89218e+00	6.93326e+00
1.88152e+02	6.74284e+00	6.77360e+00
1.96842e+02	6.59274e+00	6.61403e+00
2.05933e+02	6.44221e+00	6.45479e+00
2.15444e+02	6.29155e+00	6.29617e+00
2.25393e+02	6.14103e+00	6.13839e+00
2.35803e+02	5.99092e+00	5.98167e+00
2.46693e+02	5.84146e+00	5.82623e+00
2.58086e+02	5.69289e+00	5.67225e+00
2.70005e+02	5.54542e+00	5.51992e+00
2.82475e+02	5.39923e+00	5.36939e+00
2.95521e+02	5.25452e+00	5.22081e+00
3.09169e+02	5.11145e+00	5.07430e+00
3.23448e+02	4.97049e+00	4.93000e+00
3.38385e+02	4.83149e+00	4.78800e+00
3.54013e+02	4.69454e+00	4.64839e+00
3.70363e+02	4.55977e+00	4.51127e+00
3.87467e+02	4.42725e+00	4.37670e+00
4.05362e+02	4.29707e+00	4.24474e+00
4.24083e+02	4.16929e+00	4.11544e+00
4.43669e+02	4.04398e+00	3.98884e+00
4.64159e+02	3.92118e+00	3.86497e+00
4.85595e+02	3.80094e+00	3.74387e+00
5.08022e+02	3.68328e+00	3.62554e+00
5.31484e+02	3.56823e+00	3.51000e+00
5.56030e+02	3.45582e+00	3.39724e+00
5.81709e+02	3.34603e+00	3.28727e+00
6.08574e+02	3.23889e+00	3.18007e+00
6.36681e+02	3.13439e+00	3.07564e+00
6.66085e+02	3.03252e+00	2.97395e+00
6.96847e+02	2.93327e+00	2.87498e+00
7.29029e+02	2.83662e+00	2.77870e+00
7.62699e+02	2.74254e+00	2.68509e+00
7.97923e+02	2.65102e+00	2.59410e+00
8.34773e+02	2.56202e+00	2.50571e+00
8.73326e+02	2.47552e+00	2.41987e+00
9.13659e+02	2.39147e+00	2.33655e+00
9.55855e+02	2.30985e+00	2.25569e+00
1.00000e+03	2.23061e+00	2.17726e+00
1.04618e+03	2.15371e+00	2.10121e+00
1.09450e+03	2.07911e+00	2.02748e+00
1.14505e+03	2.00676e+00	1.95604e+00
1.19793e+03	1.93662e+00	1.88684e+00
1.25325e+03	1.86864e+00	1.81981e+00
1.31113e+03	1.80279e+00	1.75492e+00
1.37169e+03	1.73900e+00	1.69212e+00
1.43504e+03	1.67724e+00	1.63134e+00
1.50131e+03	1.61745e+00	1.57255e+00
1.57065e+03	1.55958e+00	1.51568e+00
1.64318e+03	1.50360e+00	1.46070e+00
1.71907e+03	1.44945e+00	1.40755e+00
1.79846e+03	1.39708e+00	1.35618e+00
1.88152e+03	1.34644e+00	1.30654e+00
1.96842e+03	1.29749e+00	1.25859e+00
2.05933e+03	1.25019e+00	1.21227e+00
2.15443e+03	1.20449e+00	1.16754e+00
2.25393e+03	1.16033e+00	1.12435e+00
2.35803e+03	1.11768e+00	1.08265e+00
2.46693e+03	1.07650e+00	1.04241e+00
2.58086e+03	1.03673e+00	1.00358e+00
2.70005e+03	9.98343e-01	9.66109e-01
2.82475e+03	9.61291e-01	9.29961e-01
2.95521e+03	9.25534e-01	8.95093e-01
3.09169e+03	8.91032e-01	8.61465e-01
3.23448e+03	8.57746e-01	8.29037e-01
3.38386e+03	8.25637e-01	7.97771e-01
3.54013e+03	7.94669e-01	7.67629e-01
3.70363e+03	7.64805e-01	7.38574e-01
3.87468e+03	7.36009e-01	7.10570e-01
4.05362e+03	7.08247e-01	6.83583e-01
4.24083e+03	6.81485e-01	6.57579e-01
4.43669e+03	6.55689e-01	6.32525e-01
4.64159e+03	6.30828e-01	6.08388e-01
4.85595e+03	6.06871e-01	5.85137e-01
5.08022e+03	5.83787e-01	5.62742e-01
5.31484e+03	5.61547e-01	5.41175e-01
5.56030e+03	5.40122e-01	5.20405e-01
5.81709e+03	5.19484e-01	5.00405e-01
6.08574e+03	4.99606e-01	4.81149e-01
6.36681e+03	4.80463e-01	4.62611e-01
6.66085e+03	4.62028e-01	4.44765e-01
6.96847e+03	4.44277e-01	4.27586e-01
7.29030e+03	4.27186e-01	4.11052e-01
7.62699e+03	4.10732e-01	3.95139e-01
7.97923e+03	3.94892e-01	3.79824e-01
8.34773e+03	3.79645e-01	3.65088e-01
8.73326e+03	3.64970e-01	3.50907e-01
9.13659e+03	3.50846e-01	3.37264e-01
9.55855e+03	3.37253e-01	3.24138e-01
1.00000e+04	3.24173e-01	3.11510e-01
1.04618e+04	3.11587e-01	2.99362e-01
1.09450e+04	2.99477e-01	2.87677e-01
1.14505e+04	2.87826e-01	2.76437e-01
1.19793e+04	2.76616e-01	2.65627e-01
1.25325e+04	2.65834e-01	2.55231e-01
1.31113e+04	2.55461e-01	2.45232e-01
1.37169e+04	2.45484e-01	2.35617e-01
1.43504e+04	2.35888e-01	2.26372e-01
1.50131e+04	2.26659e-01	2.17482e-01
1.57065e+04	2.17783e-01	2.08934e-01
1.64318e+04	2.09248e-01	2.00716e-01
1.71907e+04	2.01040e-01	1.92815e-01
1.79847e+04	1.93148e-01	1.85219e-01
1.88152e+04	1.85559e-01	1.77917e-01
1.96842e+04	1.78263e-01	1.70898e-01
2.05933e+04	1.71248e-01	1.64151e-01
2.15443e+04	1.64505e-01	1.57666e-01
2.25393e+04	1.58022e-01	1.51432e-01
2.35803e+04	1.51790e-01	1.45442e-01
2.46693e+04	1.45799e-01	1.39684e-01
2.58086e+04	1.40041e-01	1.34151e-01
2.70005e+04	1.34506e-01	1.28833e-01
2.82475e+04	1.29187e-01	1.23723e-01
2.95521e+04	1.24074e-01	1.18813e-01
3.09169e+04	1.19161e-01	1.14094e-01
3.23448e+04	1.14439e-01	1.09561e-01
3.38386e+04	1.09901e-01	1.05205e-01
3.54013e+04	1.05541e-01	1.01019e-01
3.70363e+04	1.01351e-01	9.69981e-02
3.87468e+04	9.73247e-02	9.31348e-02
4.05362e+04	9.34562e-02	8.94234e-02
4.24083e+04	8.97393e-02	8.58579e-02
4.43669e+04	8.61682e-02	8.24327e-02
4.64159e+04	8.27372e-02	7.91424e-02
4.85595e+04	7.94411e-02	7.59818e-02
5.08022e+04	7.62744e-02	7.29459e-02
5.31484e+04	7.32324e-02	7.00298e-02
5.56030e+04	7.03101e-02	6.72288e-02
5.81709e+04	6.75030e-02	6.45385e-02
6.08574e+04	6.48065e-02	6.19547e-02
6.36681e+04	6.22164e-02	5.94730e-02
6.66085e+04	5.97285e-02	5.70897e-02
6.96847e+04	5.73390e-02	5.48008e-02
7.29029e+04	5.50439e-02	5.26026e-02
7.62699e+04	5.28396e-02	5.04916e-02
7.97923e+04	5.07226e-02	4.84645e-02
8.34773e+04	4.86894e-02	4.65178e-02
8.73326e+04	4.67368e-02	4.46485e-02
9.13659e+04	4.48617e-02	4.28535e-02
9.55855e+04	4.30609e-02	4.11300e-02
1.00000e+05	4.13317e-02	3.94751e-02
1.04618e+05	3.96711e-02	3.78861e-02
1.09450e+05	3.80766e-02	3.63604e-02
1.14505e+05	3.65455e-02	3.48955e-02
1.19793e+05	3.50753e-02	3.34891e-02
1.25325e+05	3.36637e-02	3.21388e-02
1.31113e+05	3.23083e-02	3.08425e-02
1.37169e+05	3.10069e-02	2.95979e-02
1.43504e+05	2.97575e-02	2.84031e-02
1.50131e+05	2.85579e-02	2.72561e-02
1.57065e+05	2.74062e-02	2.61550e-02
1.64318e+05	2.63005e-02	2.50980e-02
1.71907e+05	2.52390e-02	2.40833e-02
1.79846e+05	2.42200e-02	2.31093e-02
1.88152e+05	2.32417e-02	2.21743e-02
1.96842e+05	2.23026e-02	2.12768e-02
2.05933e+05	2.14010e-02	2.04153e-02
2.15444e+05	2.05356e-02	1.95885e-02
2.25393e+05	1.97049e-02	1.87948e-02
2.35803e+05	1.89075e-02	1.80330e-02
2.46693e+05	1.81421e-02	1.73018e-02
2.58086e+05	1.74074e-02	1.66001e-02
2.70006e+05	1.67022e-02	1.59266e-02
2.82475e+05	1.60254e-02	1.52802e-02
2.95521e+05	1.53757e-02	1.46598e-02
3.09169e+05	1.47522e-02	1.40644e-02
3.23448e+05	1.41537e-02	1.34930e-02
3.38386e+05	1.35794e-02	1.29446e-02
3.54013e+05	1.30281e-02	1.24184e-02
3.70363e+05	1.24990e-02	1.19133e-02
3.87468e+05	1.19913e-02	1.14287e-02
4.05362e+05	1.15041e-02	1.09637e-02
4.24083e+05	1.10364e-02	1.05174e-02
4.43669e+05	1.05877e-02	1.00891e-02
4.64159e+05	1.01570e-02	9.67819e-03
4.85595e+05	9.74378e-03	9.28388e-03
5.08022e+05	9.34721e-03	8.90551e-03
5.31484e+05	8.96666e-03	8.54246e-03
5.56030e+05	8.60149e-03	8.19410e-03
5.81709e+05	8.25109e-03	7.85985e-03
6.08574e+05	7.91486e-03	7.53915e-03
6.36680e+05	7.59224e-03	7.23143e-03
6.66085e+05	7.28267e-03	6.93620e-03
6.96847e+05	6.98563e-03	6.65293e-03
7.29030e+05	6.70063e-03	6.38116e-03
7.62699e+05	6.42718e-03	6.12042e-03
7.97923e+05	6.16481e-03	5.87026e-03
8.34773e+05	5.91308e-03	5.63026e-03
8.73326e+05	5.67156e-03	5.40001e-03
9.13659e+05	5.43984e-03	5.17911e-03
9.55855e+05	5.21752e-03	4.96719e-03
1.00000e+06	5.00423e-03	4.76389e-03
