 1.000000e+01	 0.000000e+00	 0.000000e+00
 1.046183e+01	 0.000000e+00	 0.000000e+00
 1.094500e+01	 0.000000e+00	 0.000000e+00
 1.145048e+01	 0.000000e+00	 0.000000e+00
 1.197930e+01	 0.000000e+00	 0.000000e+00
 1.253254e+01	 0.000000e+00	 0.000000e+00
 1.311134e+01	 0.000000e+00	 0.000000e+00
 1.371687e+01	 1.798813e-02	 1.761223e-02
 1.435036e+01	 1.188121e-01	 1.183750e-01
 1.501311e+01	 2.268138e-01	 2.263217e-01
 1.570646e+01	 3.399578e-01	 3.394162e-01
 1.643184e+01	 4.564800e-01	 4.558940e-01
 1.719072e+01	 5.748562e-01	 5.742305e-01
 1.798465e+01	 6.937738e-01	 6.931127e-01
 1.881524e+01	 8.121069e-01	 8.114143e-01
 1.968419e+01	 9.288938e-01	 9.281734e-01
 2.059328e+01	 1.043318e+00	 1.042573e+00
 2.154435e+01	 1.154690e+00	 1.153923e+00
 2.253934e+01	 1.262433e+00	 1.261648e+00
 2.358028e+01	 1.366070e+00	 1.365269e+00
 2.466930e+01	 1.465210e+00	 1.464396e+00
 2.580862e+01	 1.559539e+00	 1.558714e+00
 2.700055e+01	 1.648812e+00	 1.647978e+00
 2.824752e+01	 1.732842e+00	 1.732001e+00
 2.955209e+01	 1.811495e+00	 1.810650e+00
 3.091691e+01	 1.884685e+00	 1.883836e+00
 3.234476e+01	 1.952364e+00	 1.951514e+00
 3.383855e+01	 2.014523e+00	 2.013673e+00
 3.540133e+01	 2.071182e+00	 2.070334e+00
 3.703629e+01	 2.122391e+00	 2.121546e+00
 3.874675e+01	 2.168224e+00	 2.167383e+00
 4.053621e+01	 2.208775e+00	 2.207939e+00
 4.240831e+01	 2.244158e+00	 2.243329e+00
 4.436687e+01	 2.274503e+00	 2.273682e+00
 4.641589e+01	 2.299955e+00	 2.299142e+00
 4.855953e+01	 2.320668e+00	 2.319864e+00
 5.080218e+01	 2.336808e+00	 2.336014e+00
 5.314840e+01	 2.348550e+00	 2.347767e+00
 5.560298e+01	 2.356074e+00	 2.355303e+00
 5.817091e+01	 2.359567e+00	 2.358808e+00
 6.085745e+01	 2.359219e+00	 2.358472e+00
 6.366805e+01	 2.355223e+00	 2.354489e+00
 6.660846e+01	 2.347773e+00	 2.347052e+00
 6.968467e+01	 2.337065e+00	 2.336357e+00
 7.290295e+01	 2.323293e+00	 2.322600e+00
 7.626986e+01	 2.306651e+00	 2.305972e+00
 7.979226e+01	 2.287331e+00	 2.286666e+00
 8.347734e+01	 2.265521e+00	 2.264871e+00
 8.733262e+01	 2.241408e+00	 2.240773e+00
 9.136594e+01	 2.215172e+00	 2.214552e+00
 9.558553e+01	 2.186991e+00	 2.186386e+00
 1.000000e+02	 2.157037e+00	 2.156447e+00
 1.046183e+02	 2.125477e+00	 2.124902e+00
 1.094500e+02	 2.092472e+00	 2.091911e+00
 1.145048e+02	 2.058177e+00	 2.057631e+00
 1.197930e+02	 2.022742e+00	 2.022210e+00
 1.253254e+02	 1.986308e+00	 1.985792e+00
 1.311134e+02	 1.949014e+00	 1.948511e+00
 1.371687e+02	 1.910988e+00	 1.910500e+00
 1.435036e+02	 1.872354e+00	 1.871880e+00
 1.501311e+02	 1.833229e+00	 1.832769e+00
 1.570646e+02	 1.793723e+00	 1.793276e+00
 1.643184e+02	 1.753940e+00	 1.753506e+00
 1.719072e+02	 1.713977e+00	 1.713556e+00
 1.798465e+02	 1.673925e+00	 1.673517e+00
 1.881524e+02	 1.633870e+00	 1.633474e+00
 1.968419e+02	 1.593890e+00	 1.593507e+00
 2.059328e+02	 1.554059e+00	 1.553688e+00
 2.154435e+02	 1.514444e+00	 1.514085e+00
 2.253934e+02	 1.475108e+00	 1.474760e+00
 2.358028e+02	 1.436107e+00	 1.435771e+00
 2.466930e+02	 1.397494e+00	 1.397169e+00
 2.580862e+02	 1.359316e+00	 1.359001e+00
 2.700055e+02	 1.321615e+00	 1.321311e+00
 2.824752e+02	 1.284430e+00	 1.284136e+00
 2.955209e+02	 1.247795e+00	 1.247511e+00
 3.091691e+02	 1.211741e+00	 1.211466e+00
 3.234476e+02	 1.176293e+00	 1.176028e+00
 3.383855e+02	 1.141475e+00	 1.141219e+00
 3.540133e+02	 1.107308e+00	 1.107060e+00
 3.703629e+02	 1.073806e+00	 1.073568e+00
 3.874675e+02	 1.040986e+00	 1.040755e+00
 4.053621e+02	 1.008857e+00	 1.008635e+00
 4.240831e+02	 9.774293e-01	 9.772147e-01
 4.436687e+02	 9.467087e-01	 9.465016e-01
 4.641589e+02	 9.166997e-01	 9.164999e-01
 4.855953e+02	 8.874048e-01	 8.872121e-01
 5.080218e+02	 8.588245e-01	 8.586387e-01
 5.314840e+02	 8.309578e-01	 8.307787e-01
 5.560298e+02	 8.038022e-01	 8.036295e-01
 5.817091e+02	 7.773538e-01	 7.771873e-01
 6.085745e+02	 7.516073e-01	 7.514469e-01
 6.366805e+02	 7.265565e-01	 7.264019e-01
 6.660846e+02	 7.021940e-01	 7.020450e-01
 6.968467e+02	 6.785116e-01	 6.783681e-01
 7.290295e+02	 6.555003e-01	 6.553620e-01
 7.626986e+02	 6.331502e-01	 6.330170e-01
 7.979226e+02	 6.114509e-01	 6.113226e-01
 8.347734e+02	 5.903917e-01	 5.902681e-01
 8.733262e+02	 5.699609e-01	 5.698419e-01
 9.136594e+02	 5.501468e-01	 5.500322e-01
 9.558553e+02	 5.309373e-01	 5.308270e-01
 1.000000e+03	 5.123198e-01	 5.122136e-01
 1.046183e+03	 4.942818e-01	 4.941796e-01
 1.094500e+03	 4.768104e-01	 4.767120e-01
 1.145048e+03	 4.598926e-01	 4.597979e-01
 1.197930e+03	 4.435154e-01	 4.434243e-01
 1.253254e+03	 4.276658e-01	 4.275781e-01
 1.311134e+03	 4.123305e-01	 4.122461e-01
 1.371687e+03	 3.974967e-01	 3.974155e-01
 1.435036e+03	 3.831512e-01	 3.830730e-01
 1.501311e+03	 3.692811e-01	 3.692059e-01
 1.570646e+03	 3.558736e-01	 3.558012e-01
 1.643184e+03	 3.429159e-01	 3.428464e-01
 1.719072e+03	 3.303956e-01	 3.303287e-01
 1.798465e+03	 3.183003e-01	 3.182359e-01
 1.881524e+03	 3.066176e-01	 3.065557e-01
 1.968419e+03	 2.953356e-01	 2.952761e-01
 2.059328e+03	 2.844425e-01	 2.843852e-01
 2.154435e+03	 2.739265e-01	 2.738715e-01
 2.253934e+03	 2.637764e-01	 2.637234e-01
 2.358028e+03	 2.539809e-01	 2.539300e-01
 2.466930e+03	 2.445290e-01	 2.444801e-01
 2.580862e+03	 2.354101e-01	 2.353631e-01
 2.700055e+03	 2.266137e-01	 2.265684e-01
 2.824752e+03	 2.181295e-01	 2.180860e-01
 2.955209e+03	 2.099475e-01	 2.099057e-01
 3.091691e+03	 2.020580e-01	 2.020178e-01
 3.234476e+03	 1.944515e-01	 1.944129e-01
 3.383855e+03	 1.871187e-01	 1.870815e-01
 3.540133e+03	 1.800505e-01	 1.800148e-01
 3.703629e+03	 1.732382e-01	 1.732039e-01
 3.874675e+03	 1.666732e-01	 1.666403e-01
 4.053621e+03	 1.603473e-01	 1.603156e-01
 4.240831e+03	 1.542523e-01	 1.542218e-01
 4.436687e+03	 1.483804e-01	 1.483511e-01
 4.641589e+03	 1.427240e-01	 1.426958e-01
 4.855953e+03	 1.372756e-01	 1.372486e-01
 5.080218e+03	 1.320281e-01	 1.320021e-01
 5.314840e+03	 1.269746e-01	 1.269496e-01
 5.560298e+03	 1.221082e-01	 1.220842e-01
 5.817091e+03	 1.174225e-01	 1.173994e-01
 6.085745e+03	 1.129110e-01	 1.128889e-01
 6.366805e+03	 1.085677e-01	 1.085464e-01
 6.660846e+03	 1.043866e-01	 1.043662e-01
 6.968467e+03	 1.003619e-01	 1.003423e-01
 7.290295e+03	 9.648811e-02	 9.646926e-02
 7.626986e+03	 9.275977e-02	 9.274167e-02
 7.979226e+03	 8.917168e-02	 8.915429e-02
 8.347734e+03	 8.571879e-02	 8.570209e-02
 8.733262e+03	 8.239623e-02	 8.238018e-02
 9.136594e+03	 7.919927e-02	 7.918385e-02
 9.558553e+03	 7.612335e-02	 7.610855e-02
 1.000000e+04	 7.316407e-02	 7.314985e-02
 1.046183e+04	 7.031718e-02	 7.030352e-02
 1.094500e+04	 6.757855e-02	 6.756544e-02
 1.145048e+04	 6.494423e-02	 6.493163e-02
 1.197930e+04	 6.241036e-02	 6.239827e-02
 1.253254e+04	 5.997326e-02	 5.996164e-02
 1.311134e+04	 5.762935e-02	 5.761819e-02
 1.371687e+04	 5.537517e-02	 5.536445e-02
 1.435036e+04	 5.320740e-02	 5.319711e-02
 1.501311e+04	 5.112282e-02	 5.111295e-02
 1.570646e+04	 4.911835e-02	 4.910886e-02
 1.643184e+04	 4.719098e-02	 4.718188e-02
 1.719072e+04	 4.533785e-02	 4.532910e-02
 1.798465e+04	 4.355615e-02	 4.354776e-02
 1.881524e+04	 4.184323e-02	 4.183517e-02
 1.968419e+04	 4.019649e-02	 4.018874e-02
 2.059328e+04	 3.861343e-02	 3.860600e-02
 2.154435e+04	 3.709167e-02	 3.708453e-02
 2.253934e+04	 3.562888e-02	 3.562203e-02
 2.358028e+04	 3.422283e-02	 3.421626e-02
 2.466930e+04	 3.287138e-02	 3.286507e-02
 2.580862e+04	 3.157245e-02	 3.156639e-02
 2.700055e+04	 3.032405e-02	 3.031823e-02
 2.824752e+04	 2.912426e-02	 2.911867e-02
 2.955209e+04	 2.797121e-02	 2.796585e-02
 3.091691e+04	 2.686315e-02	 2.685800e-02
 3.234476e+04	 2.579833e-02	 2.579339e-02
 3.383855e+04	 2.477511e-02	 2.477037e-02
 3.540133e+04	 2.379190e-02	 2.378735e-02
 3.703629e+04	 2.284717e-02	 2.284280e-02
 3.874675e+04	 2.193943e-02	 2.193523e-02
 4.053621e+04	 2.106726e-02	 2.106324e-02
 4.240831e+04	 2.022931e-02	 2.022544e-02
 4.436687e+04	 1.942424e-02	 1.942053e-02
 4.641589e+04	 1.865080e-02	 1.864724e-02
 4.855953e+04	 1.790775e-02	 1.790434e-02
 5.080218e+04	 1.719394e-02	 1.719066e-02
 5.314840e+04	 1.650822e-02	 1.650507e-02
 5.560298e+04	 1.584951e-02	 1.584649e-02
 5.817091e+04	 1.521677e-02	 1.521387e-02
 6.085745e+04	 1.460898e-02	 1.460620e-02
 6.366805e+04	 1.402518e-02	 1.402251e-02
 6.660846e+04	 1.346444e-02	 1.346188e-02
 6.968467e+04	 1.292585e-02	 1.292340e-02
 7.290295e+04	 1.240857e-02	 1.240621e-02
 7.626986e+04	 1.191175e-02	 1.190949e-02
 7.979226e+04	 1.143460e-02	 1.143243e-02
 8.347734e+04	 1.097635e-02	 1.097427e-02
 8.733262e+04	 1.053627e-02	 1.053427e-02
 9.136594e+04	 1.011365e-02	 1.011173e-02
 9.558553e+04	 9.707790e-03	 9.705950e-03
 1.000000e+05	 9.318051e-03	 9.316285e-03
 1.046183e+05	 8.943795e-03	 8.942101e-03
 1.094500e+05	 8.584417e-03	 8.582791e-03
 1.145048e+05	 8.239332e-03	 8.237772e-03
 1.197930e+05	 7.907980e-03	 7.906483e-03
 1.253254e+05	 7.589820e-03	 7.588385e-03
 1.311134e+05	 7.284336e-03	 7.282958e-03
 1.371687e+05	 6.991027e-03	 6.989705e-03
 1.435036e+05	 6.709414e-03	 6.708146e-03
 1.501311e+05	 6.439037e-03	 6.437821e-03
 1.570646e+05	 6.179454e-03	 6.178286e-03
 1.643184e+05	 5.930237e-03	 5.929117e-03
 1.719072e+05	 5.690978e-03	 5.689904e-03
 1.798465e+05	 5.461284e-03	 5.460254e-03
 1.881524e+05	 5.240777e-03	 5.239788e-03
 1.968419e+05	 5.029093e-03	 5.028145e-03
 2.059328e+05	 4.825883e-03	 4.824974e-03
 2.154435e+05	 4.630812e-03	 4.629940e-03
 2.253934e+05	 4.443558e-03	 4.442721e-03
 2.358028e+05	 4.263810e-03	 4.263008e-03
 2.466930e+05	 4.091272e-03	 4.090501e-03
 2.580862e+05	 3.925656e-03	 3.924917e-03
 2.700055e+05	 3.766688e-03	 3.765979e-03
 2.824752e+05	 3.614104e-03	 3.613424e-03
 2.955209e+05	 3.467650e-03	 3.466998e-03
 3.091691e+05	 3.327082e-03	 3.326457e-03
 3.234476e+05	 3.192167e-03	 3.191567e-03
 3.383855e+05	 3.062678e-03	 3.062103e-03
 3.540133e+05	 2.938401e-03	 2.937849e-03
 3.703629e+05	 2.819127e-03	 2.818597e-03
 3.874675e+05	 2.704656e-03	 2.704149e-03
 4.053621e+05	 2.594798e-03	 2.594311e-03
 4.240831e+05	 2.489368e-03	 2.488901e-03
 4.436687e+05	 2.388189e-03	 2.387741e-03
 4.641589e+05	 2.291092e-03	 2.290662e-03
 4.855953e+05	 2.197912e-03	 2.197500e-03
 5.080218e+05	 2.108495e-03	 2.108099e-03
 5.314840e+05	 2.022688e-03	 2.022309e-03
 5.560298e+05	 1.940348e-03	 1.939985e-03
 5.817091e+05	 1.861336e-03	 1.860987e-03
 6.085745e+05	 1.785518e-03	 1.785184e-03
 6.366805e+05	 1.712766e-03	 1.712446e-03
 6.660846e+05	 1.642958e-03	 1.642651e-03
 6.968467e+05	 1.575976e-03	 1.575681e-03
 7.290295e+05	 1.511705e-03	 1.511422e-03
 7.626986e+05	 1.450037e-03	 1.449766e-03
 7.979226e+05	 1.390868e-03	 1.390608e-03
 8.347734e+05	 1.334097e-03	 1.333847e-03
 8.733262e+05	 1.279627e-03	 1.279388e-03
 9.136594e+05	 1.227367e-03	 1.227138e-03
 9.558553e+05	 1.177227e-03	 1.177007e-03
 1.000000e+06	 1.129122e-03	 1.128911e-03
