 1.000000e+01	 0.000000e+00	 0.000000e+00
 1.046183e+01	 0.000000e+00	 0.000000e+00
 1.094500e+01	 0.000000e+00	 0.000000e+00
 1.145048e+01	 0.000000e+00	 0.000000e+00
 1.197930e+01	 0.000000e+00	 0.000000e+00
 1.253254e+01	 0.000000e+00	 0.000000e+00
 1.311134e+01	 0.000000e+00	 0.000000e+00
 1.371687e+01	 0.000000e+00	 0.000000e+00
 1.435036e+01	 0.000000e+00	 0.000000e+00
 1.501311e+01	 0.000000e+00	 0.000000e+00
 1.570646e+01	 0.000000e+00	 0.000000e+00
 1.643184e+01	 0.000000e+00	 0.000000e+00
 1.719072e+01	 0.000000e+00	 0.000000e+00
 1.798465e+01	 0.000000e+00	 0.000000e+00
 1.881524e+01	 0.000000e+00	 0.000000e+00
 1.968419e+01	 0.000000e+00	 0.000000e+00
 2.059328e+01	 0.000000e+00	 0.000000e+00
 2.154435e+01	 0.000000e+00	 0.000000e+00
 2.253934e+01	 0.000000e+00	 0.000000e+00
 2.358028e+01	 0.000000e+00	 0.000000e+00
 2.466930e+01	 0.000000e+00	 0.000000e+00
 2.580862e+01	 3.564081e-02	 1.767300e-02
 2.700055e+01	 8.841161e-02	 6.777946e-02
 2.824752e+01	 1.444859e-01	 1.214442e-01
 2.955209e+01	 2.029421e-01	 1.777230e-01
 3.091691e+01	 2.629781e-01	 2.357932e-01
 3.234476e+01	 3.238968e-01	 2.949402e-01
 3.383855e+01	 3.850945e-01	 3.545441e-01
 3.540133e+01	 4.460493e-01	 4.140688e-01
 3.703629e+01	 5.063118e-01	 4.730524e-01
 3.874675e+01	 5.654964e-01	 5.310981e-01
 4.053621e+01	 6.232740e-01	 5.878667e-01
 4.240831e+01	 6.793650e-01	 6.430699e-01
 4.436687e+01	 7.335341e-01	 6.964641e-01
 4.641589e+01	 7.855845e-01	 7.478455e-01
 4.855953e+01	 8.353543e-01	 7.970455e-01
 5.080218e+01	 8.827116e-01	 8.439264e-01
 5.314840e+01	 9.275519e-01	 8.883782e-01
 5.560298e+01	 9.697946e-01	 9.303153e-01
 5.817091e+01	 1.009381e+00	 9.696742e-01
 6.085745e+01	 1.046270e+00	 1.006410e+00
 6.366805e+01	 1.080441e+00	 1.040497e+00
 6.660846e+01	 1.111884e+00	 1.071923e+00
 6.968467e+01	 1.140606e+00	 1.100690e+00
 7.290295e+01	 1.166626e+00	 1.126814e+00
 7.626986e+01	 1.189973e+00	 1.150319e+00
 7.979226e+01	 1.210686e+00	 1.171243e+00
 8.347734e+01	 1.228813e+00	 1.189630e+00
 8.733262e+01	 1.244409e+00	 1.205532e+00
 9.136594e+01	 1.257538e+00	 1.219009e+00
 9.558553e+01	 1.268267e+00	 1.230126e+00
 1.000000e+02	 1.276672e+00	 1.238956e+00
 1.046183e+02	 1.282831e+00	 1.245574e+00
 1.094500e+02	 1.286826e+00	 1.250060e+00
 1.145048e+02	 1.288743e+00	 1.252496e+00
 1.197930e+02	 1.288672e+00	 1.252970e+00
 1.253254e+02	 1.286703e+00	 1.251570e+00
 1.311134e+02	 1.282928e+00	 1.248385e+00
 1.371687e+02	 1.277442e+00	 1.243507e+00
 1.435036e+02	 1.270338e+00	 1.237028e+00
 1.501311e+02	 1.261711e+00	 1.229040e+00
 1.570646e+02	 1.251655e+00	 1.219635e+00
 1.643184e+02	 1.240264e+00	 1.208905e+00
 1.719072e+02	 1.227631e+00	 1.196941e+00
 1.798465e+02	 1.213846e+00	 1.183832e+00
 1.881524e+02	 1.199000e+00	 1.169666e+00
 1.968419e+02	 1.183181e+00	 1.154529e+00
 2.059328e+02	 1.166474e+00	 1.138506e+00
 2.154435e+02	 1.148962e+00	 1.121679e+00
 2.253934e+02	 1.130727e+00	 1.104126e+00
 2.358028e+02	 1.111846e+00	 1.085925e+00
 2.466930e+02	 1.092395e+00	 1.067150e+00
 2.580862e+02	 1.072446e+00	 1.047872e+00
 2.700055e+02	 1.052069e+00	 1.028159e+00
 2.824752e+02	 1.031329e+00	 1.008077e+00
 2.955209e+02	 1.010289e+00	 9.876877e-01
 3.091691e+02	 9.890097e-01	 9.670500e-01
 3.234476e+02	 9.675470e-01	 9.462199e-01
 3.383855e+02	 9.459544e-01	 9.252502e-01
 3.540133e+02	 9.242821e-01	 9.041905e-01
 3.703629e+02	 9.025773e-01	 8.830875e-01
 3.874675e+02	 8.808838e-01	 8.619849e-01
 4.053621e+02	 8.592427e-01	 8.409231e-01
 4.240831e+02	 8.376921e-01	 8.199400e-01
 4.436687e+02	 8.162671e-01	 7.990706e-01
 4.641589e+02	 7.950001e-01	 7.783471e-01
 4.855953e+02	 7.739210e-01	 7.577991e-01
 5.080218e+02	 7.530569e-01	 7.374537e-01
 5.314840e+02	 7.324325e-01	 7.173355e-01
 5.560298e+02	 7.120702e-01	 6.974669e-01
 5.817091e+02	 6.919900e-01	 6.778680e-01
 6.085745e+02	 6.722100e-01	 6.585567e-01
 6.366805e+02	 6.527459e-01	 6.395489e-01
 6.660846e+02	 6.336118e-01	 6.208589e-01
 6.968467e+02	 6.148199e-01	 6.024988e-01
 7.290295e+02	 5.963805e-01	 5.844791e-01
 7.626986e+02	 5.783026e-01	 5.668090e-01
 7.979226e+02	 5.605934e-01	 5.494958e-01
 8.347734e+02	 5.432589e-01	 5.325457e-01
 8.733262e+02	 5.263037e-01	 5.159634e-01
 9.136594e+02	 5.097312e-01	 4.997526e-01
 9.558553e+02	 4.935435e-01	 4.839157e-01
 1.000000e+03	 4.777421e-01	 4.684541e-01
 1.046183e+03	 4.623270e-01	 4.533684e-01
 1.094500e+03	 4.472977e-01	 4.386580e-01
 1.145048e+03	 4.326528e-01	 4.243218e-01
 1.197930e+03	 4.183900e-01	 4.103579e-01
 1.253254e+03	 4.045065e-01	 3.967637e-01
 1.311134e+03	 3.909990e-01	 3.835359e-01
 1.371687e+03	 3.778633e-01	 3.706708e-01
 1.435036e+03	 3.650950e-01	 3.581642e-01
 1.501311e+03	 3.526893e-01	 3.460114e-01
 1.570646e+03	 3.406408e-01	 3.342072e-01
 1.643184e+03	 3.289439e-01	 3.227464e-01
 1.719072e+03	 3.175926e-01	 3.116232e-01
 1.798465e+03	 3.065807e-01	 3.008317e-01
 1.881524e+03	 2.959020e-01	 2.903656e-01
 1.968419e+03	 2.855497e-01	 2.802187e-01
 2.059328e+03	 2.755172e-01	 2.703844e-01
 2.154435e+03	 2.657975e-01	 2.608560e-01
 2.253934e+03	 2.563838e-01	 2.516269e-01
 2.358028e+03	 2.472691e-01	 2.426902e-01
 2.466930e+03	 2.384462e-01	 2.340390e-01
 2.580862e+03	 2.299081e-01	 2.256666e-01
 2.700055e+03	 2.216478e-01	 2.175660e-01
 2.824752e+03	 2.136581e-01	 2.097303e-01
 2.955209e+03	 2.059320e-01	 2.021527e-01
 3.091691e+03	 1.984625e-01	 1.948263e-01
 3.234476e+03	 1.912427e-01	 1.877444e-01
 3.383855e+03	 1.842657e-01	 1.809003e-01
 3.540133e+03	 1.775246e-01	 1.742873e-01
 3.703629e+03	 1.710129e-01	 1.678990e-01
 3.874675e+03	 1.647239e-01	 1.617288e-01
 4.053621e+03	 1.586510e-01	 1.557705e-01
 4.240831e+03	 1.527879e-01	 1.500177e-01
 4.436687e+03	 1.471283e-01	 1.444643e-01
 4.641589e+03	 1.416660e-01	 1.391042e-01
 4.855953e+03	 1.363950e-01	 1.339317e-01
 5.080218e+03	 1.313094e-01	 1.289409e-01
 5.314840e+03	 1.264032e-01	 1.241260e-01
 5.560298e+03	 1.216710e-01	 1.194816e-01
 5.817091e+03	 1.171071e-01	 1.150023e-01
 6.085745e+03	 1.127062e-01	 1.106828e-01
 6.366805e+03	 1.084629e-01	 1.065179e-01
 6.660846e+03	 1.043722e-01	 1.025025e-01
 6.968467e+03	 1.004289e-01	 9.863183e-02
 7.290295e+03	 9.662835e-02	 9.490105e-02
 7.626986e+03	 9.296566e-02	 9.130552e-02
 7.979226e+03	 8.943625e-02	 8.784072e-02
 8.347734e+03	 8.603561e-02	 8.450224e-02
 8.733262e+03	 8.275940e-02	 8.128582e-02
 9.136594e+03	 7.960336e-02	 7.818730e-02
 9.558553e+03	 7.656338e-02	 7.520265e-02
 1.000000e+04	 7.363547e-02	 7.232794e-02
 1.046183e+04	 7.081575e-02	 6.955940e-02
 1.094500e+04	 6.810046e-02	 6.689331e-02
 1.145048e+04	 6.548595e-02	 6.432613e-02
 1.197930e+04	 6.296869e-02	 6.185438e-02
 1.253254e+04	 6.054527e-02	 5.947470e-02
 1.311134e+04	 5.821235e-02	 5.718385e-02
 1.371687e+04	 5.596673e-02	 5.497868e-02
 1.435036e+04	 5.380531e-02	 5.285614e-02
 1.501311e+04	 5.172507e-02	 5.081329e-02
 1.570646e+04	 4.972310e-02	 4.884726e-02
 1.643184e+04	 4.779660e-02	 4.695530e-02
 1.719072e+04	 4.594283e-02	 4.513474e-02
 1.798465e+04	 4.415917e-02	 4.338300e-02
 1.881524e+04	 4.244307e-02	 4.169758e-02
 1.968419e+04	 4.079208e-02	 4.007606e-02
 2.059328e+04	 3.920381e-02	 3.851613e-02
 2.154435e+04	 3.767597e-02	 3.701553e-02
 2.253934e+04	 3.620635e-02	 3.557208e-02
 2.358028e+04	 3.479281e-02	 3.418368e-02
 2.466930e+04	 3.343327e-02	 3.284832e-02
 2.580862e+04	 3.212575e-02	 3.156401e-02
 2.700055e+04	 3.086831e-02	 3.032889e-02
 2.824752e+04	 2.965911e-02	 2.914113e-02
 2.955209e+04	 2.849634e-02	 2.799896e-02
 3.091691e+04	 2.737828e-02	 2.690069e-02
 3.234476e+04	 2.630325e-02	 2.584468e-02
 3.383855e+04	 2.526966e-02	 2.482935e-02
 3.540133e+04	 2.427594e-02	 2.385318e-02
 3.703629e+04	 2.332060e-02	 2.291470e-02
 3.874675e+04	 2.240219e-02	 2.201249e-02
 4.053621e+04	 2.151933e-02	 2.114518e-02
 4.240831e+04	 2.067068e-02	 2.031147e-02
 4.436687e+04	 1.985493e-02	 1.951008e-02
 4.641589e+04	 1.907085e-02	 1.873979e-02
 4.855953e+04	 1.831724e-02	 1.799942e-02
 5.080218e+04	 1.759294e-02	 1.728784e-02
 5.314840e+04	 1.689683e-02	 1.660394e-02
 5.560298e+04	 1.622785e-02	 1.594669e-02
 5.817091e+04	 1.558495e-02	 1.531506e-02
 6.085745e+04	 1.496714e-02	 1.470808e-02
 6.366805e+04	 1.437347e-02	 1.412480e-02
 6.660846e+04	 1.380301e-02	 1.356432e-02
 6.968467e+04	 1.325487e-02	 1.302576e-02
 7.290295e+04	 1.272820e-02	 1.250829e-02
 7.626986e+04	 1.222216e-02	 1.201109e-02
 7.979226e+04	 1.173597e-02	 1.153338e-02
 8.347734e+04	 1.126887e-02	 1.107443e-02
 8.733262e+04	 1.082011e-02	 1.063349e-02
 9.136594e+04	 1.038899e-02	 1.020988e-02
 9.558553e+04	 9.974827e-03	 9.802934e-03
 1.000000e+05	 9.576968e-03	 9.412001e-03
 1.046183e+05	 9.194782e-03	 9.036463e-03
 1.094500e+05	 8.827661e-03	 8.675725e-03
 1.145048e+05	 8.475021e-03	 8.329213e-03
 1.197930e+05	 8.136299e-03	 7.996375e-03
 1.253254e+05	 7.810956e-03	 7.676680e-03
 1.311134e+05	 7.498471e-03	 7.369617e-03
 1.371687e+05	 7.198344e-03	 7.074694e-03
 1.435036e+05	 6.910093e-03	 6.791440e-03
 1.501311e+05	 6.633255e-03	 6.519400e-03
 1.570646e+05	 6.367386e-03	 6.258135e-03
 1.643184e+05	 6.112057e-03	 6.007225e-03
 1.719072e+05	 5.866855e-03	 5.766267e-03
 1.798465e+05	 5.631386e-03	 5.534869e-03
 1.881524e+05	 5.405268e-03	 5.312660e-03
 1.968419e+05	 5.188134e-03	 5.099278e-03
 2.059328e+05	 4.979633e-03	 4.894378e-03
 2.154435e+05	 4.779425e-03	 4.697627e-03
 2.253934e+05	 4.587186e-03	 4.508706e-03
 2.358028e+05	 4.402603e-03	 4.327306e-03
 2.466930e+05	 4.225373e-03	 4.153132e-03
 2.580862e+05	 4.055208e-03	 3.985900e-03
 2.700055e+05	 3.891831e-03	 3.825337e-03
 2.824752e+05	 3.734972e-03	 3.671180e-03
 2.955209e+05	 3.584376e-03	 3.523176e-03
 3.091691e+05	 3.439796e-03	 3.381083e-03
 3.234476e+05	 3.300993e-03	 3.244668e-03
 3.383855e+05	 3.167740e-03	 3.113706e-03
 3.540133e+05	 3.039817e-03	 2.987982e-03
 3.703629e+05	 2.917014e-03	 2.867289e-03
 3.874675e+05	 2.799128e-03	 2.751427e-03
 4.053621e+05	 2.685964e-03	 2.640206e-03
 4.240831e+05	 2.577336e-03	 2.533441e-03
 4.436687e+05	 2.473063e-03	 2.430957e-03
 4.641589e+05	 2.372972e-03	 2.332583e-03
 4.855953e+05	 2.276898e-03	 2.238156e-03
 5.080218e+05	 2.184681e-03	 2.147519e-03
 5.314840e+05	 2.096168e-03	 2.060522e-03
 5.560298e+05	 2.011212e-03	 1.977021e-03
 5.817091e+05	 1.929671e-03	 1.896875e-03
 6.085745e+05	 1.851409e-03	 1.819953e-03
 6.366805e+05	 1.776296e-03	 1.746125e-03
 6.660846e+05	 1.704206e-03	 1.675267e-03
 6.968467e+05	 1.635019e-03	 1.607263e-03
 7.290295e+05	 1.568619e-03	 1.541998e-03
 7.626986e+05	 1.504895e-03	 1.479362e-03
 7.979226e+05	 1.443739e-03	 1.419251e-03
 8.347734e+05	 1.385051e-03	 1.361564e-03
 8.733262e+05	 1.328729e-03	 1.306204e-03
 9.136594e+05	 1.274681e-03	 1.253078e-03
 9.558553e+05	 1.222816e-03	 1.202097e-03
 1.000000e+06	 1.173045e-03	 1.153175e-03
