 1.000000e+01	 0.000000e+00	 0.000000e+00
 1.046183e+01	 0.000000e+00	 0.000000e+00
 1.094500e+01	 0.000000e+00	 0.000000e+00
 1.145048e+01	 0.000000e+00	 0.000000e+00
 1.197930e+01	 0.000000e+00	 0.000000e+00
 1.253254e+01	 0.000000e+00	 0.000000e+00
 1.311134e+01	 0.000000e+00	 0.000000e+00
 1.371687e+01	 0.000000e+00	 0.000000e+00
 1.435036e+01	 0.000000e+00	 0.000000e+00
 1.501311e+01	 5.348574e-02	 0.000000e+00
 1.570646e+01	 2.134243e-01	 0.000000e+00
 1.643184e+01	 3.868365e-01	 6.472884e-02
 1.719072e+01	 5.709760e-01	 2.093441e-01
 1.798465e+01	 7.634282e-01	 3.655554e-01
 1.881524e+01	 9.620707e-01	 5.309262e-01
 1.968419e+01	 1.165039e+00	 7.033151e-01
 2.059328e+01	 1.370694e+00	 8.808411e-01
 2.154435e+01	 1.577597e+00	 1.061852e+00
 2.253934e+01	 1.784484e+00	 1.244898e+00
 2.358028e+01	 1.990243e+00	 1.428705e+00
 2.466930e+01	 2.193900e+00	 1.612156e+00
 2.580862e+01	 2.394596e+00	 1.794272e+00
 2.700055e+01	 2.591580e+00	 1.974192e+00
 2.824752e+01	 2.784189e+00	 2.151163e+00
 2.955209e+01	 2.971844e+00	 2.324524e+00
 3.091691e+01	 3.154036e+00	 2.493697e+00
 3.234476e+01	 3.330321e+00	 2.658176e+00
 3.383855e+01	 3.500310e+00	 2.817520e+00
 3.540133e+01	 3.676712e+00	 2.971345e+00
 3.703629e+01	 3.855236e+00	 3.119319e+00
 3.874675e+01	 4.028137e+00	 3.261154e+00
 4.053621e+01	 4.194824e+00	 3.396606e+00
 4.240831e+01	 4.354788e+00	 3.525466e+00
 4.436687e+01	 4.507594e+00	 3.647561e+00
 4.641589e+01	 4.652872e+00	 3.762749e+00
 4.855953e+01	 4.790314e+00	 3.870917e+00
 5.080218e+01	 4.919667e+00	 3.971981e+00
 5.314840e+01	 5.040728e+00	 4.065881e+00
 5.560298e+01	 5.153341e+00	 4.152581e+00
 5.817091e+01	 5.257391e+00	 4.232068e+00
 6.085745e+01	 5.352804e+00	 4.304352e+00
 6.366805e+01	 5.439541e+00	 4.369461e+00
 6.660846e+01	 5.517599e+00	 4.427446e+00
 6.968467e+01	 5.587004e+00	 4.478375e+00
 7.290295e+01	 5.647814e+00	 4.522334e+00
 7.626986e+01	 5.700111e+00	 4.559426e+00
 7.979226e+01	 5.744007e+00	 4.589771e+00
 8.347734e+01	 5.779633e+00	 4.613504e+00
 8.733262e+01	 5.807147e+00	 4.630774e+00
 9.136594e+01	 5.826722e+00	 4.641745e+00
 9.558553e+01	 5.838555e+00	 4.646591e+00
 1.000000e+02	 5.842856e+00	 4.645501e+00
 1.046183e+02	 5.839853e+00	 4.638672e+00
 1.094500e+02	 5.829788e+00	 4.626311e+00
 1.145048e+02	 5.812915e+00	 4.608635e+00
 1.197930e+02	 5.789499e+00	 4.585866e+00
 1.253254e+02	 5.759815e+00	 4.558235e+00
 1.311134e+02	 5.724145e+00	 4.525977e+00
 1.371687e+02	 5.682780e+00	 4.489330e+00
 1.435036e+02	 5.636013e+00	 4.448538e+00
 1.501311e+02	 5.584144e+00	 4.403843e+00
 1.570646e+02	 5.527473e+00	 4.355491e+00
 1.643184e+02	 5.466303e+00	 4.305164e+00
 1.719072e+02	 5.400935e+00	 4.252066e+00
 1.798465e+02	 5.331671e+00	 4.196134e+00
 1.881524e+02	 5.258809e+00	 4.137574e+00
 1.968419e+02	 5.182645e+00	 4.076594e+00
 2.059328e+02	 5.103468e+00	 4.013401e+00
 2.154435e+02	 5.021564e+00	 3.948202e+00
 2.253934e+02	 4.937211e+00	 3.881199e+00
 2.358028e+02	 4.850683e+00	 3.812593e+00
 2.466930e+02	 4.762242e+00	 3.742580e+00
 2.580862e+02	 4.672145e+00	 3.671350e+00
 2.700055e+02	 4.580639e+00	 3.599089e+00
 2.824752e+02	 4.487962e+00	 3.525975e+00
 2.955209e+02	 4.394342e+00	 3.452181e+00
 3.091691e+02	 4.299998e+00	 3.377871e+00
 3.234476e+02	 4.205136e+00	 3.303204e+00
 3.383855e+02	 4.109956e+00	 3.228328e+00
 3.540133e+02	 4.014643e+00	 3.153388e+00
 3.703629e+02	 3.919376e+00	 3.078516e+00
 3.874675e+02	 3.824319e+00	 3.003841e+00
 4.053621e+02	 3.729630e+00	 2.929479e+00
 4.240831e+02	 3.635452e+00	 2.855544e+00
 4.436687e+02	 3.541923e+00	 2.782137e+00
 4.641589e+02	 3.449166e+00	 2.709355e+00
 4.855953e+02	 3.357298e+00	 2.637285e+00
 5.080218e+02	 3.266425e+00	 2.566009e+00
 5.314840e+02	 3.176644e+00	 2.495600e+00
 5.560298e+02	 3.088043e+00	 2.426126e+00
 5.817091e+02	 3.000773e+00	 2.357647e+00
 6.085745e+02	 2.914870e+00	 2.290217e+00
 6.366805e+02	 2.830369e+00	 2.223886e+00
 6.660846e+02	 2.747324e+00	 2.158695e+00
 6.968467e+02	 2.665781e+00	 2.094682e+00
 7.290295e+02	 2.585782e+00	 2.031878e+00
 7.626986e+02	 2.507361e+00	 1.970311e+00
 7.979226e+02	 2.430546e+00	 1.910003e+00
 8.347734e+02	 2.355362e+00	 1.850972e+00
 8.733262e+02	 2.281825e+00	 1.793232e+00
 9.136594e+02	 2.209948e+00	 1.736794e+00
 9.558553e+02	 2.139741e+00	 1.681664e+00
 1.000000e+03	 2.071208e+00	 1.627845e+00
 1.046183e+03	 2.004349e+00	 1.575338e+00
 1.094500e+03	 1.939161e+00	 1.524141e+00
 1.145048e+03	 1.875637e+00	 1.474248e+00
 1.197930e+03	 1.813768e+00	 1.425652e+00
 1.253254e+03	 1.753541e+00	 1.378343e+00
 1.311134e+03	 1.694942e+00	 1.332310e+00
 1.371687e+03	 1.637953e+00	 1.287539e+00
 1.435036e+03	 1.582556e+00	 1.244016e+00
 1.501311e+03	 1.528728e+00	 1.201724e+00
 1.570646e+03	 1.476448e+00	 1.160645e+00
 1.643184e+03	 1.425692e+00	 1.120761e+00
 1.719072e+03	 1.376433e+00	 1.082051e+00
 1.798465e+03	 1.328645e+00	 1.044496e+00
 1.881524e+03	 1.282301e+00	 1.008073e+00
 1.968419e+03	 1.237372e+00	 9.727612e-01
 2.059328e+03	 1.193830e+00	 9.385372e-01
 2.154435e+03	 1.151645e+00	 9.053782e-01
 2.253934e+03	 1.110787e+00	 8.732610e-01
 2.358028e+03	 1.071226e+00	 8.421620e-01
 2.466930e+03	 1.032932e+00	 8.120574e-01
 2.580862e+03	 9.958731e-01	 7.829234e-01
 2.700055e+03	 9.600200e-01	 7.547361e-01
 2.824752e+03	 9.253417e-01	 7.274717e-01
 2.955209e+03	 8.918079e-01	 7.011063e-01
 3.091691e+03	 8.593883e-01	 6.756163e-01
 3.234476e+03	 8.280529e-01	 6.509783e-01
 3.383855e+03	 7.977720e-01	 6.271689e-01
 3.540133e+03	 7.685162e-01	 6.041652e-01
 3.703629e+03	 7.402564e-01	 5.819443e-01
 3.874675e+03	 7.129641e-01	 5.604839e-01
 4.053621e+03	 6.866109e-01	 5.397619e-01
 4.240831e+03	 6.611692e-01	 5.197564e-01
 4.436687e+03	 6.366117e-01	 5.004461e-01
 4.641589e+03	 6.129117e-01	 4.818100e-01
 4.855953e+03	 5.900428e-01	 4.638275e-01
 5.080218e+03	 5.679795e-01	 4.464785e-01
 5.314840e+03	 5.466965e-01	 4.297431e-01
 5.560298e+03	 5.261692e-01	 4.136021e-01
 5.817091e+03	 5.063736e-01	 3.980365e-01
 6.085745e+03	 4.872863e-01	 3.830280e-01
 6.366805e+03	 4.688842e-01	 3.685585e-01
 6.660846e+03	 4.511452e-01	 3.546104e-01
 6.968467e+03	 4.340473e-01	 3.411667e-01
 7.290295e+03	 4.175694e-01	 3.282106e-01
 7.626986e+03	 4.016908e-01	 3.157259e-01
 7.979226e+03	 3.863915e-01	 3.036969e-01
 8.347734e+03	 3.716519e-01	 2.921081e-01
 8.733262e+03	 3.574530e-01	 2.809446e-01
 9.136594e+03	 3.437764e-01	 2.701920e-01
 9.558553e+03	 3.306042e-01	 2.598361e-01
 1.000000e+04	 3.179190e-01	 2.498632e-01
 1.046183e+04	 3.057040e-01	 2.402601e-01
 1.094500e+04	 2.939426e-01	 2.310140e-01
 1.145048e+04	 2.826192e-01	 2.221122e-01
 1.197930e+04	 2.717183e-01	 2.135427e-01
 1.253254e+04	 2.612249e-01	 2.052938e-01
 1.311134e+04	 2.511248e-01	 1.973541e-01
 1.371687e+04	 2.414039e-01	 1.897127e-01
 1.435036e+04	 2.320486e-01	 1.823588e-01
 1.501311e+04	 2.230459e-01	 1.752822e-01
 1.570646e+04	 2.143831e-01	 1.684729e-01
 1.643184e+04	 2.060479e-01	 1.619213e-01
 1.719072e+04	 1.980286e-01	 1.556180e-01
 1.798465e+04	 1.903136e-01	 1.495540e-01
 1.881524e+04	 1.828918e-01	 1.437206e-01
 1.968419e+04	 1.757526e-01	 1.381094e-01
 2.059328e+04	 1.688856e-01	 1.327122e-01
 2.154435e+04	 1.622809e-01	 1.275212e-01
 2.253934e+04	 1.559287e-01	 1.225288e-01
 2.358028e+04	 1.498198e-01	 1.177277e-01
 2.466930e+04	 1.439452e-01	 1.131107e-01
 2.580862e+04	 1.382961e-01	 1.086711e-01
 2.700055e+04	 1.328642e-01	 1.044022e-01
 2.824752e+04	 1.276415e-01	 1.002977e-01
 2.955209e+04	 1.226201e-01	 9.635150e-02
 3.091691e+04	 1.177924e-01	 9.255762e-02
 3.234476e+04	 1.131513e-01	 8.891037e-02
 3.383855e+04	 1.086897e-01	 8.540423e-02
 3.540133e+04	 1.044009e-01	 8.203390e-02
 3.703629e+04	 1.002783e-01	 7.879426e-02
 3.874675e+04	 9.631576e-02	 7.568038e-02
 4.053621e+04	 9.250713e-02	 7.268749e-02
 4.240831e+04	 8.884661e-02	 6.981102e-02
 4.436687e+04	 8.532858e-02	 6.704654e-02
 4.641589e+04	 8.194762e-02	 6.438980e-02
 4.855953e+04	 7.869854e-02	 6.183670e-02
 5.080218e+04	 7.557628e-02	 5.938328e-02
 5.314840e+04	 7.257603e-02	 5.702573e-02
 5.560298e+04	 6.969310e-02	 5.476041e-02
 5.817091e+04	 6.692302e-02	 5.258376e-02
 6.085745e+04	 6.426146e-02	 5.049240e-02
 6.366805e+04	 6.170425e-02	 4.848305e-02
 6.660846e+04	 5.924739e-02	 4.655256e-02
 6.968467e+04	 5.688702e-02	 4.469788e-02
 7.290295e+04	 5.461941e-02	 4.291612e-02
 7.626986e+04	 5.244100e-02	 4.120444e-02
 7.979226e+04	 5.034833e-02	 3.956014e-02
 8.347734e+04	 4.833810e-02	 3.798062e-02
 8.733262e+04	 4.640711e-02	 3.646338e-02
 9.136594e+04	 4.455230e-02	 3.500599e-02
 9.558553e+04	 4.277071e-02	 3.360614e-02
 1.000000e+05	 4.105950e-02	 3.226159e-02
 1.046183e+05	 3.941594e-02	 3.097020e-02
 1.094500e+05	 3.783739e-02	 2.972990e-02
 1.145048e+05	 3.632133e-02	 2.853869e-02
 1.197930e+05	 3.486531e-02	 2.739467e-02
 1.253254e+05	 3.346700e-02	 2.629599e-02
 1.311134e+05	 3.212415e-02	 2.524089e-02
 1.371687e+05	 3.083459e-02	 2.422766e-02
 1.435036e+05	 2.959623e-02	 2.325466e-02
 1.501311e+05	 2.840707e-02	 2.232032e-02
 1.570646e+05	 2.726519e-02	 2.142312e-02
 1.643184e+05	 2.616873e-02	 2.056161e-02
 1.719072e+05	 2.511590e-02	 1.973440e-02
 1.798465e+05	 2.410500e-02	 1.894012e-02
 1.881524e+05	 2.313438e-02	 1.817749e-02
 1.968419e+05	 2.220246e-02	 1.744526e-02
 2.059328e+05	 2.130770e-02	 1.674224e-02
 2.154435e+05	 2.044865e-02	 1.606728e-02
 2.253934e+05	 1.962391e-02	 1.541926e-02
 2.358028e+05	 1.883211e-02	 1.479714e-02
 2.466930e+05	 1.807196e-02	 1.419987e-02
 2.580862e+05	 1.734221e-02	 1.362650e-02
 2.700055e+05	 1.664165e-02	 1.307606e-02
 2.824752e+05	 1.596914e-02	 1.254766e-02
 2.955209e+05	 1.532356e-02	 1.204042e-02
 3.091691e+05	 1.470385e-02	 1.155350e-02
 3.234476e+05	 1.410897e-02	 1.108610e-02
 3.383855e+05	 1.353796e-02	 1.063744e-02
 3.540133e+05	 1.298986e-02	 1.020679e-02
 3.703629e+05	 1.246375e-02	 9.793417e-03
 3.874675e+05	 1.195878e-02	 9.396648e-03
 4.053621e+05	 1.147409e-02	 9.015820e-03
 4.240831e+05	 1.100889e-02	 8.650299e-03
 4.436687e+05	 1.056239e-02	 8.299475e-03
 4.641589e+05	 1.013386e-02	 7.962764e-03
 4.855953e+05	 9.722567e-03	 7.639604e-03
 5.080218e+05	 9.327838e-03	 7.329455e-03
 5.314840e+05	 8.949008e-03	 7.031798e-03
 5.560298e+05	 8.585443e-03	 6.746135e-03
 5.817091e+05	 8.236535e-03	 6.471987e-03
 6.085745e+05	 7.901697e-03	 6.208895e-03
 6.366805e+05	 7.580368e-03	 5.956416e-03
 6.660846e+05	 7.272008e-03	 5.714127e-03
 6.968467e+05	 6.976098e-03	 5.481620e-03
 7.290295e+05	 6.692140e-03	 5.258504e-03
 7.626986e+05	 6.419656e-03	 5.044403e-03
 7.979226e+05	 6.158186e-03	 4.838956e-03
 8.347734e+05	 5.907289e-03	 4.641816e-03
 8.733262e+05	 5.666541e-03	 4.452650e-03
 9.136594e+05	 5.435536e-03	 4.271139e-03
 9.558553e+05	 5.213881e-03	 4.096975e-03
 1.000000e+06	 5.001203e-03	 3.929864e-03
