 1.000000e+01	 0.000000e+00	 0.000000e+00
 1.046183e+01	 0.000000e+00	 0.000000e+00
 1.094500e+01	 7.139110e-02	 0.000000e+00
 1.145048e+01	 3.734632e-01	 7.123826e-02
 1.197930e+01	 7.017295e-01	 3.564351e-01
 1.253254e+01	 1.050861e+00	 6.661160e-01
 1.311134e+01	 1.416173e+00	 9.952448e-01
 1.371687e+01	 1.793548e+00	 1.339395e+00
 1.435036e+01	 2.179370e+00	 1.694677e+00
 1.501311e+01	 2.570461e+00	 2.057676e+00
 1.570646e+01	 2.964031e+00	 2.425391e+00
 1.643184e+01	 3.357630e+00	 2.795190e+00
 1.719072e+01	 3.749107e+00	 3.164763e+00
 1.798465e+01	 4.136573e+00	 3.532081e+00
 1.881524e+01	 4.518370e+00	 3.895366e+00
 1.968419e+01	 4.893042e+00	 4.253058e+00
 2.059328e+01	 5.259314e+00	 4.603789e+00
 2.154435e+01	 5.616067e+00	 4.946362e+00
 2.253934e+01	 5.962321e+00	 5.279729e+00
 2.358028e+01	 6.297221e+00	 5.602975e+00
 2.466930e+01	 6.636341e+00	 5.915302e+00
 2.580862e+01	 6.987427e+00	 6.216021e+00
 2.700055e+01	 7.328367e+00	 6.504532e+00
 2.824752e+01	 7.657958e+00	 6.780323e+00
 2.955209e+01	 7.975160e+00	 7.042960e+00
 3.091691e+01	 8.279080e+00	 7.292076e+00
 3.234476e+01	 8.568957e+00	 7.527371e+00
 3.383855e+01	 8.844150e+00	 7.748606e+00
 3.540133e+01	 9.104127e+00	 7.955593e+00
 3.703629e+01	 9.348455e+00	 8.148201e+00
 3.874675e+01	 9.576792e+00	 8.326345e+00
 4.053621e+01	 9.788881e+00	 8.489987e+00
 4.240831e+01	 9.984539e+00	 8.639135e+00
 4.436687e+01	 1.016366e+01	 8.773836e+00
 4.641589e+01	 1.032619e+01	 8.894179e+00
 4.855953e+01	 1.047216e+01	 9.000291e+00
 5.080218e+01	 1.060165e+01	 9.092335e+00
 5.314840e+01	 1.071477e+01	 9.170510e+00
 5.560298e+01	 1.081171e+01	 9.235046e+00
 5.817091e+01	 1.089270e+01	 9.286207e+00
 6.085745e+01	 1.095801e+01	 9.324285e+00
 6.366805e+01	 1.100795e+01	 9.349599e+00
 6.660846e+01	 1.104285e+01	 9.362496e+00
 6.968467e+01	 1.106312e+01	 9.363347e+00
 7.290295e+01	 1.106915e+01	 9.352542e+00
 7.626986e+01	 1.106139e+01	 9.330493e+00
 7.979226e+01	 1.104031e+01	 9.297630e+00
 8.347734e+01	 1.100639e+01	 9.254398e+00
 8.733262e+01	 1.096015e+01	 9.201256e+00
 9.136594e+01	 1.090211e+01	 9.138673e+00
 9.558553e+01	 1.083282e+01	 9.071079e+00
 1.000000e+02	 1.075282e+01	 8.996101e+00
 1.046183e+02	 1.066268e+01	 8.913400e+00
 1.094500e+02	 1.056297e+01	 8.823377e+00
 1.145048e+02	 1.045426e+01	 8.726450e+00
 1.197930e+02	 1.033712e+01	 8.623042e+00
 1.253254e+02	 1.021213e+01	 8.513587e+00
 1.311134e+02	 1.007985e+01	 8.398519e+00
 1.371687e+02	 9.940848e+00	 8.278276e+00
 1.435036e+02	 9.795687e+00	 8.153290e+00
 1.501311e+02	 9.644912e+00	 8.023993e+00
 1.570646e+02	 9.489063e+00	 7.890810e+00
 1.643184e+02	 9.328664e+00	 7.754156e+00
 1.719072e+02	 9.164227e+00	 7.614440e+00
 1.798465e+02	 8.996251e+00	 7.472058e+00
 1.881524e+02	 8.826703e+00	 7.327394e+00
 1.968419e+02	 8.655372e+00	 7.180820e+00
 2.059328e+02	 8.482054e+00	 7.032693e+00
 2.154435e+02	 8.307138e+00	 6.883358e+00
 2.253934e+02	 8.131001e+00	 6.733140e+00
 2.358028e+02	 7.954003e+00	 6.582353e+00
 2.466930e+02	 7.776535e+00	 6.431293e+00
 2.580862e+02	 7.599287e+00	 6.280239e+00
 2.700055e+02	 7.422199e+00	 6.129457e+00
 2.824752e+02	 7.245557e+00	 5.979192e+00
 2.955209e+02	 7.069629e+00	 5.829679e+00
 3.091691e+02	 6.894668e+00	 5.681132e+00
 3.234476e+02	 6.720910e+00	 5.533751e+00
 3.383855e+02	 6.548573e+00	 5.387723e+00
 3.540133e+02	 6.377862e+00	 5.243217e+00
 3.703629e+02	 6.208963e+00	 5.100389e+00
 3.874675e+02	 6.042049e+00	 4.959382e+00
 4.053621e+02	 5.877275e+00	 4.820323e+00
 4.240831e+02	 5.714784e+00	 4.683329e+00
 4.436687e+02	 5.554703e+00	 4.548503e+00
 4.641589e+02	 5.397146e+00	 4.415935e+00
 4.855953e+02	 5.242214e+00	 4.285707e+00
 5.080218e+02	 5.089994e+00	 4.157887e+00
 5.314840e+02	 4.940563e+00	 4.032535e+00
 5.560298e+02	 4.793986e+00	 3.909700e+00
 5.817091e+02	 4.650317e+00	 3.789424e+00
 6.085745e+02	 4.509600e+00	 3.671737e+00
 6.366805e+02	 4.371871e+00	 3.556665e+00
 6.660846e+02	 4.237155e+00	 3.444225e+00
 6.968467e+02	 4.105470e+00	 3.334426e+00
 7.290295e+02	 3.976826e+00	 3.227273e+00
 7.626986e+02	 3.851227e+00	 3.122762e+00
 7.979226e+02	 3.728668e+00	 3.020887e+00
 8.347734e+02	 3.609141e+00	 2.921634e+00
 8.733262e+02	 3.492630e+00	 2.824986e+00
 9.136594e+02	 3.379115e+00	 2.730923e+00
 9.558553e+02	 3.268571e+00	 2.639418e+00
 1.000000e+03	 3.160971e+00	 2.550444e+00
 1.046183e+03	 3.056281e+00	 2.463968e+00
 1.094500e+03	 2.954465e+00	 2.379956e+00
 1.145048e+03	 2.855485e+00	 2.298372e+00
 1.197930e+03	 2.759300e+00	 2.219176e+00
 1.253254e+03	 2.665864e+00	 2.142327e+00
 1.311134e+03	 2.575133e+00	 2.067784e+00
 1.371687e+03	 2.487059e+00	 1.995502e+00
 1.435036e+03	 2.401593e+00	 1.925436e+00
 1.501311e+03	 2.318684e+00	 1.857540e+00
 1.570646e+03	 2.238281e+00	 1.791768e+00
 1.643184e+03	 2.160332e+00	 1.728072e+00
 1.719072e+03	 2.084784e+00	 1.666404e+00
 1.798465e+03	 2.011584e+00	 1.606718e+00
 1.881524e+03	 1.940678e+00	 1.548963e+00
 1.968419e+03	 1.872011e+00	 1.493093e+00
 2.059328e+03	 1.805532e+00	 1.439059e+00
 2.154435e+03	 1.741185e+00	 1.386814e+00
 2.253934e+03	 1.678917e+00	 1.336309e+00
 2.358028e+03	 1.618675e+00	 1.287498e+00
 2.466930e+03	 1.560406e+00	 1.240334e+00
 2.580862e+03	 1.504061e+00	 1.194771e+00
 2.700055e+03	 1.449587e+00	 1.150763e+00
 2.824752e+03	 1.396931e+00	 1.108266e+00
 2.955209e+03	 1.346042e+00	 1.067235e+00
 3.091691e+03	 1.296871e+00	 1.027627e+00
 3.234476e+03	 1.249368e+00	 9.893981e-01
 3.383855e+03	 1.203485e+00	 9.525077e-01
 3.540133e+03	 1.159174e+00	 9.169142e-01
 3.703629e+03	 1.116389e+00	 8.825774e-01
 3.874675e+03	 1.075084e+00	 8.494578e-01
 4.053621e+03	 1.035214e+00	 8.175170e-01
 4.240831e+03	 9.967360e-01	 7.867173e-01
 4.436687e+03	 9.596060e-01	 7.570219e-01
 4.641589e+03	 9.237823e-01	 7.283951e-01
 4.855953e+03	 8.892240e-01	 7.008018e-01
 5.080218e+03	 8.558909e-01	 6.742081e-01
 5.314840e+03	 8.237440e-01	 6.485806e-01
 5.560298e+03	 7.927451e-01	 6.238872e-01
 5.817091e+03	 7.628570e-01	 6.000964e-01
 6.085745e+03	 7.340434e-01	 5.771778e-01
 6.366805e+03	 7.062691e-01	 5.551015e-01
 6.660846e+03	 6.794996e-01	 5.338388e-01
 6.968467e+03	 6.537016e-01	 5.133618e-01
 7.290295e+03	 6.288425e-01	 4.936432e-01
 7.626986e+03	 6.048908e-01	 4.746566e-01
 7.979226e+03	 5.818156e-01	 4.563767e-01
 8.347734e+03	 5.595873e-01	 4.387784e-01
 8.733262e+03	 5.381767e-01	 4.218379e-01
 9.136594e+03	 5.175559e-01	 4.055319e-01
 9.558553e+03	 4.976975e-01	 3.898378e-01
 1.000000e+04	 4.785750e-01	 3.747338e-01
 1.046183e+04	 4.601629e-01	 3.601989e-01
 1.094500e+04	 4.424363e-01	 3.462126e-01
 1.145048e+04	 4.253709e-01	 3.327551e-01
 1.197930e+04	 4.089436e-01	 3.198073e-01
 1.253254e+04	 3.931318e-01	 3.073507e-01
 1.311134e+04	 3.779134e-01	 2.953675e-01
 1.371687e+04	 3.632674e-01	 2.838404e-01
 1.435036e+04	 3.491733e-01	 2.727527e-01
 1.501311e+04	 3.356111e-01	 2.620883e-01
 1.570646e+04	 3.225619e-01	 2.518316e-01
 1.643184e+04	 3.100069e-01	 2.419677e-01
 1.719072e+04	 2.979283e-01	 2.324818e-01
 1.798465e+04	 2.863087e-01	 2.233602e-01
 1.881524e+04	 2.751314e-01	 2.145892e-01
 1.968419e+04	 2.643802e-01	 2.061558e-01
 2.059328e+04	 2.540395e-01	 1.980474e-01
 2.154435e+04	 2.440942e-01	 1.902518e-01
 2.253934e+04	 2.345296e-01	 1.827573e-01
 2.358028e+04	 2.253319e-01	 1.755527e-01
 2.466930e+04	 2.164872e-01	 1.686271e-01
 2.580862e+04	 2.079826e-01	 1.619698e-01
 2.700055e+04	 1.998054e-01	 1.555709e-01
 2.824752e+04	 1.919433e-01	 1.494205e-01
 2.955209e+04	 1.843846e-01	 1.435092e-01
 3.091691e+04	 1.771180e-01	 1.378279e-01
 3.234476e+04	 1.701325e-01	 1.323680e-01
 3.383855e+04	 1.634174e-01	 1.271210e-01
 3.540133e+04	 1.569627e-01	 1.220788e-01
 3.703629e+04	 1.507585e-01	 1.172335e-01
 3.874675e+04	 1.447953e-01	 1.125777e-01
 4.053621e+04	 1.390640e-01	 1.081041e-01
 4.240831e+04	 1.335558e-01	 1.038057e-01
 4.436687e+04	 1.282623e-01	 9.967581e-02
 4.641589e+04	 1.231753e-01	 9.570793e-02
 4.855953e+04	 1.182869e-01	 9.189584e-02
 5.080218e+04	 1.135895e-01	 8.823354e-02
 5.314840e+04	 1.090758e-01	 8.471526e-02
 5.560298e+04	 1.047389e-01	 8.133543e-02
 5.817091e+04	 1.005718e-01	 7.808872e-02
 6.085745e+04	 9.656823e-02	 7.496996e-02
 6.366805e+04	 9.272177e-02	 7.197421e-02
 6.660846e+04	 8.902639e-02	 6.909669e-02
 6.968467e+04	 8.547629e-02	 6.633282e-02
 7.290295e+04	 8.206586e-02	 6.367818e-02
 7.626986e+04	 7.878972e-02	 6.112853e-02
 7.979226e+04	 7.564266e-02	 5.867978e-02
 8.347734e+04	 7.261970e-02	 5.632800e-02
 8.733262e+04	 6.971603e-02	 5.406941e-02
 9.136594e+04	 6.692702e-02	 5.190037e-02
 9.558553e+04	 6.424823e-02	 4.981738e-02
 1.000000e+05	 6.167536e-02	 4.781708e-02
 1.046183e+05	 5.920431e-02	 4.589624e-02
 1.094500e+05	 5.683111e-02	 4.405174e-02
 1.145048e+05	 5.455194e-02	 4.228060e-02
 1.197930e+05	 5.236313e-02	 4.057992e-02
 1.253254e+05	 5.026117e-02	 3.894696e-02
 1.311134e+05	 4.824265e-02	 3.737904e-02
 1.371687e+05	 4.630431e-02	 3.587362e-02
 1.435036e+05	 4.444301e-02	 3.442822e-02
 1.501311e+05	 4.265574e-02	 3.304050e-02
 1.570646e+05	 4.093959e-02	 3.170817e-02
 1.643184e+05	 3.929177e-02	 3.042906e-02
 1.719072e+05	 3.770959e-02	 2.920106e-02
 1.798465e+05	 3.619049e-02	 2.802216e-02
 1.881524e+05	 3.473197e-02	 2.689041e-02
 1.968419e+05	 3.333165e-02	 2.580396e-02
 2.059328e+05	 3.198724e-02	 2.476100e-02
 2.154435e+05	 3.069653e-02	 2.375983e-02
 2.253934e+05	 2.945741e-02	 2.279877e-02
 2.358028e+05	 2.826784e-02	 2.187626e-02
 2.466930e+05	 2.712586e-02	 2.099074e-02
 2.580862e+05	 2.602959e-02	 2.014077e-02
 2.700055e+05	 2.497723e-02	 1.932492e-02
 2.824752e+05	 2.396703e-02	 1.854184e-02
 2.955209e+05	 2.299732e-02	 1.779023e-02
 3.091691e+05	 2.206651e-02	 1.706884e-02
 3.234476e+05	 2.117304e-02	 1.637646e-02
 3.383855e+05	 2.031544e-02	 1.571194e-02
 3.540133e+05	 1.949228e-02	 1.507417e-02
 3.703629e+05	 1.870219e-02	 1.446209e-02
 3.874675e+05	 1.794386e-02	 1.387466e-02
 4.053621e+05	 1.721602e-02	 1.331091e-02
 4.240831e+05	 1.651747e-02	 1.276988e-02
 4.436687e+05	 1.584703e-02	 1.225068e-02
 4.641589e+05	 1.520359e-02	 1.175244e-02
 4.855953e+05	 1.458606e-02	 1.127430e-02
 5.080218e+05	 1.399342e-02	 1.081547e-02
 5.314840e+05	 1.342468e-02	 1.037518e-02
 5.560298e+05	 1.287887e-02	 9.952679e-03
 5.817091e+05	 1.235508e-02	 9.547261e-03
 6.085745e+05	 1.185244e-02	 9.158239e-03
 6.366805e+05	 1.137009e-02	 8.784956e-03
 6.660846e+05	 1.090722e-02	 8.426781e-03
 6.968467e+05	 1.046306e-02	 8.083107e-03
 7.290295e+05	 1.003686e-02	 7.753352e-03
 7.626986e+05	 9.627889e-03	 7.436958e-03
 7.979226e+05	 9.235465e-03	 7.133387e-03
 8.347734e+05	 8.858922e-03	 6.842125e-03
 8.733262e+05	 8.497624e-03	 6.562675e-03
 9.136594e+05	 8.150958e-03	 6.294562e-03
 9.558553e+05	 7.818338e-03	 6.037332e-03
 1.000000e+06	 7.499197e-03	 5.790544e-03
