 1.000000e+01	 0.000000e+00
 1.027459e+01	 0.000000e+00
 1.055673e+01	 0.000000e+00
 1.084661e+01	 0.000000e+00
 1.114445e+01	 0.000000e+00
 1.145048e+01	 0.000000e+00
 1.176490e+01	 0.000000e+00
 1.208796e+01	 5.268878e-02
 1.241989e+01	 1.571173e-01
 1.276093e+01	 3.006523e-01
 1.311134e+01	 4.510810e-01
 1.347137e+01	 6.086068e-01
 1.384129e+01	 8.118636e-01
 1.422136e+01	 1.021796e+00
 1.461187e+01	 1.296231e+00
 1.501311e+01	 1.688354e+00
 1.542536e+01	 2.093582e+00
 1.584893e+01	 2.509792e+00
 1.628414e+01	 2.944051e+00
 1.673129e+01	 3.400549e+00
 1.719072e+01	 3.863941e+00
 1.766277e+01	 4.332514e+00
 1.814778e+01	 4.804687e+00
 1.864611e+01	 5.298901e+00
 1.915812e+01	 5.797426e+00
 1.968419e+01	 6.296657e+00
 2.022471e+01	 6.795294e+00
 2.078007e+01	 7.292140e+00
 2.135068e+01	 7.786095e+00
 2.193696e+01	 8.276149e+00
 2.253934e+01	 8.761372e+00
 2.315826e+01	 9.240915e+00
 2.379417e+01	 9.719777e+00
 2.444755e+01	 1.020059e+01
 2.511886e+01	 1.068175e+01
 2.580862e+01	 1.116174e+01
 2.651731e+01	 1.163404e+01
 2.724546e+01	 1.209796e+01
 2.799360e+01	 1.255288e+01
 2.876229e+01	 1.299822e+01
 2.955209e+01	 1.343346e+01
 3.036358e+01	 1.386442e+01
 3.119735e+01	 1.429794e+01
 3.205401e+01	 1.472126e+01
 3.293420e+01	 1.513378e+01
 3.383855e+01	 1.553749e+01
 3.476774e+01	 1.593507e+01
 3.572245e+01	 1.632811e+01
 3.670336e+01	 1.670962e+01
 3.771122e+01	 1.707920e+01
 3.874675e+01	 1.743652e+01
 3.981072e+01	 1.778129e+01
 4.090390e+01	 1.811326e+01
 4.202710e+01	 1.843220e+01
 4.318114e+01	 1.873796e+01
 4.436687e+01	 1.903036e+01
 4.558516e+01	 1.930931e+01
 4.683691e+01	 1.957471e+01
 4.812303e+01	 1.982651e+01
 4.944446e+01	 2.006467e+01
 5.080218e+01	 2.028918e+01
 5.219718e+01	 2.050006e+01
 5.363049e+01	 2.069735e+01
 5.510316e+01	 2.088110e+01
 5.661626e+01	 2.105139e+01
 5.817091e+01	 2.120831e+01
 5.976826e+01	 2.135198e+01
 6.140946e+01	 2.148252e+01
 6.309573e+01	 2.160007e+01
 6.482831e+01	 2.170480e+01
 6.660846e+01	 2.179686e+01
 6.843750e+01	 2.187646e+01
 7.031676e+01	 2.194377e+01
 7.224762e+01	 2.199900e+01
 7.423150e+01	 2.204237e+01
 7.626986e+01	 2.207410e+01
 7.836419e+01	 2.209443e+01
 8.051603e+01	 2.210359e+01
 8.272696e+01	 2.210183e+01
 8.499860e+01	 2.208941e+01
 8.733262e+01	 2.206658e+01
 8.973072e+01	 2.203362e+01
 9.219468e+01	 2.199079e+01
 9.472630e+01	 2.193836e+01
 9.732744e+01	 2.187661e+01
 1.000000e+02	 2.180582e+01
 1.027459e+02	 2.172628e+01
 1.055673e+02	 2.163827e+01
 1.084661e+02	 2.154208e+01
 1.114445e+02	 2.143798e+01
 1.145048e+02	 2.132628e+01
 1.176490e+02	 2.120725e+01
 1.208796e+02	 2.108119e+01
 1.241989e+02	 2.094838e+01
 1.276093e+02	 2.080910e+01
 1.311134e+02	 2.066364e+01
 1.347137e+02	 2.051227e+01
 1.384129e+02	 2.035529e+01
 1.422136e+02	 2.019296e+01
 1.461187e+02	 2.002555e+01
 1.501311e+02	 1.985334e+01
 1.542536e+02	 1.967659e+01
 1.584893e+02	 1.949556e+01
 1.628414e+02	 1.931052e+01
 1.673129e+02	 1.912172e+01
 1.719072e+02	 1.892940e+01
 1.766277e+02	 1.873381e+01
 1.814778e+02	 1.853519e+01
 1.864611e+02	 1.833377e+01
 1.915812e+02	 1.812979e+01
 1.968419e+02	 1.792347e+01
 2.022471e+02	 1.771502e+01
 2.078007e+02	 1.750467e+01
 2.135068e+02	 1.729261e+01
 2.193696e+02	 1.707905e+01
 2.253934e+02	 1.686419e+01
 2.315826e+02	 1.664821e+01
 2.379417e+02	 1.643131e+01
 2.444755e+02	 1.621365e+01
 2.511886e+02	 1.599542e+01
 2.580862e+02	 1.577678e+01
 2.651731e+02	 1.555789e+01
 2.724546e+02	 1.533890e+01
 2.799360e+02	 1.511997e+01
 2.876229e+02	 1.490123e+01
 2.955209e+02	 1.468284e+01
 3.036358e+02	 1.446491e+01
 3.119735e+02	 1.424787e+01
 3.205401e+02	 1.403188e+01
 3.293420e+02	 1.381675e+01
 3.383855e+02	 1.360259e+01
 3.476774e+02	 1.338950e+01
 3.572245e+02	 1.317758e+01
 3.670336e+02	 1.296692e+01
 3.771122e+02	 1.275760e+01
 3.874675e+02	 1.254972e+01
 3.981072e+02	 1.234333e+01
 4.090390e+02	 1.213853e+01
 4.202710e+02	 1.193538e+01
 4.318114e+02	 1.173400e+01
 4.436687e+02	 1.153444e+01
 4.558516e+02	 1.133672e+01
 4.683691e+02	 1.114088e+01
 4.812303e+02	 1.094699e+01
 4.944446e+02	 1.075507e+01
 5.080218e+02	 1.056518e+01
 5.219718e+02	 1.037734e+01
 5.363049e+02	 1.019161e+01
 5.510316e+02	 1.000800e+01
 5.661626e+02	 9.826543e+00
 5.817091e+02	 9.647270e+00
 5.976826e+02	 9.470200e+00
 6.140946e+02	 9.295353e+00
 6.309573e+02	 9.122747e+00
 6.482831e+02	 8.952396e+00
 6.660846e+02	 8.784313e+00
 6.843750e+02	 8.618507e+00
 7.031676e+02	 8.454985e+00
 7.224762e+02	 8.293754e+00
 7.423150e+02	 8.134817e+00
 7.626986e+02	 7.978175e+00
 7.836419e+02	 7.823829e+00
 8.051603e+02	 7.671775e+00
 8.272696e+02	 7.522009e+00
 8.499860e+02	 7.374528e+00
 8.733262e+02	 7.229322e+00
 8.973072e+02	 7.086385e+00
 9.219468e+02	 6.945706e+00
 9.472630e+02	 6.807274e+00
 9.732744e+02	 6.671077e+00
 1.000000e+03	 6.537102e+00
 1.027459e+03	 6.405333e+00
 1.055673e+03	 6.275756e+00
 1.084661e+03	 6.148354e+00
 1.114445e+03	 6.023110e+00
 1.145048e+03	 5.900005e+00
 1.176490e+03	 5.779022e+00
 1.208796e+03	 5.660139e+00
 1.241989e+03	 5.543337e+00
 1.276093e+03	 5.428595e+00
 1.311134e+03	 5.315892e+00
 1.347137e+03	 5.205206e+00
 1.384129e+03	 5.096514e+00
 1.422136e+03	 4.989794e+00
 1.461187e+03	 4.885023e+00
 1.501311e+03	 4.782176e+00
 1.542536e+03	 4.681231e+00
 1.584893e+03	 4.582164e+00
 1.628414e+03	 4.484949e+00
 1.673129e+03	 4.389563e+00
 1.719072e+03	 4.295982e+00
 1.766277e+03	 4.204179e+00
 1.814778e+03	 4.114132e+00
 1.864611e+03	 4.025814e+00
 1.915812e+03	 3.939201e+00
 1.968419e+03	 3.854269e+00
 2.022471e+03	 3.770991e+00
 2.078007e+03	 3.689343e+00
 2.135068e+03	 3.609300e+00
 2.193696e+03	 3.530838e+00
 2.253934e+03	 3.453932e+00
 2.315826e+03	 3.378556e+00
 2.379417e+03	 3.304687e+00
 2.444755e+03	 3.232300e+00
 2.511886e+03	 3.161371e+00
 2.580862e+03	 3.091876e+00
 2.651731e+03	 3.023790e+00
 2.724546e+03	 2.957090e+00
 2.799360e+03	 2.891753e+00
 2.876229e+03	 2.827755e+00
 2.955209e+03	 2.765072e+00
 3.036358e+03	 2.703683e+00
 3.119735e+03	 2.643564e+00
 3.205401e+03	 2.584692e+00
 3.293420e+03	 2.527046e+00
 3.383855e+03	 2.470603e+00
 3.476774e+03	 2.415341e+00
 3.572245e+03	 2.361240e+00
 3.670336e+03	 2.308277e+00
 3.771122e+03	 2.256432e+00
 3.874675e+03	 2.205683e+00
 3.981072e+03	 2.156011e+00
 4.090390e+03	 2.107396e+00
 4.202710e+03	 2.059816e+00
 4.318114e+03	 2.013253e+00
 4.436687e+03	 1.967687e+00
 4.558516e+03	 1.923099e+00
 4.683691e+03	 1.879471e+00
 4.812303e+03	 1.836782e+00
 4.944446e+03	 1.795016e+00
 5.080218e+03	 1.754154e+00
 5.219718e+03	 1.714178e+00
 5.363049e+03	 1.675071e+00
 5.510316e+03	 1.636815e+00
 5.661626e+03	 1.599395e+00
 5.817091e+03	 1.562792e+00
 5.976826e+03	 1.526990e+00
 6.140946e+03	 1.491975e+00
 6.309573e+03	 1.457728e+00
 6.482831e+03	 1.424236e+00
 6.660846e+03	 1.391482e+00
 6.843750e+03	 1.359452e+00
 7.031676e+03	 1.328130e+00
 7.224762e+03	 1.297502e+00
 7.423150e+03	 1.267554e+00
 7.626986e+03	 1.238272e+00
 7.836419e+03	 1.209642e+00
 8.051603e+03	 1.181650e+00
 8.272696e+03	 1.154283e+00
 8.499860e+03	 1.127528e+00
 8.733262e+03	 1.101372e+00
 8.973072e+03	 1.075802e+00
 9.219468e+03	 1.050806e+00
 9.472630e+03	 1.026373e+00
 9.732744e+03	 1.002489e+00
 1.000000e+04	 9.791435e-01
