 1.000000e+01	 0.000000e+00
 1.027459e+01	 0.000000e+00
 1.055673e+01	 0.000000e+00
 1.084661e+01	 0.000000e+00
 1.114445e+01	 0.000000e+00
 1.145048e+01	 0.000000e+00
 1.176490e+01	 0.000000e+00
 1.208796e+01	 0.000000e+00
 1.241989e+01	 0.000000e+00
 1.276093e+01	 0.000000e+00
 1.311134e+01	 0.000000e+00
 1.347137e+01	 0.000000e+00
 1.384129e+01	 0.000000e+00
 1.422136e+01	 3.822968e-02
 1.461187e+01	 9.182638e-02
 1.501311e+01	 1.483381e-01
 1.542536e+01	 2.074082e-01
 1.584893e+01	 2.687064e-01
 1.628414e+01	 3.319269e-01
 1.673129e+01	 3.967869e-01
 1.719072e+01	 4.630245e-01
 1.766277e+01	 5.303974e-01
 1.814778e+01	 6.174968e-01
 1.864611e+01	 7.911753e-01
 1.915812e+01	 9.872135e-01
 1.968419e+01	 1.189773e+00
 2.022471e+01	 1.397921e+00
 2.078007e+01	 1.639579e+00
 2.135068e+01	 1.886714e+00
 2.193696e+01	 2.143483e+00
 2.253934e+01	 2.424348e+00
 2.315826e+01	 2.709365e+00
 2.379417e+01	 2.997539e+00
 2.444755e+01	 3.287953e+00
 2.511886e+01	 3.579760e+00
 2.580862e+01	 3.872178e+00
 2.651731e+01	 4.164485e+00
 2.724546e+01	 4.456016e+00
 2.799360e+01	 4.746156e+00
 2.876229e+01	 5.034339e+00
 2.955209e+01	 5.320044e+00
 3.036358e+01	 5.602791e+00
 3.119735e+01	 5.882138e+00
 3.205401e+01	 6.157679e+00
 3.293420e+01	 6.429042e+00
 3.383855e+01	 6.695884e+00
 3.476774e+01	 6.957892e+00
 3.572245e+01	 7.214780e+00
 3.670336e+01	 7.466284e+00
 3.771122e+01	 7.712167e+00
 3.874675e+01	 7.952211e+00
 3.981072e+01	 8.186221e+00
 4.090390e+01	 8.420647e+00
 4.202710e+01	 8.656125e+00
 4.318114e+01	 8.892307e+00
 4.436687e+01	 9.122824e+00
 4.558516e+01	 9.347414e+00
 4.683691e+01	 9.565843e+00
 4.812303e+01	 9.777899e+00
 4.944446e+01	 9.983393e+00
 5.080218e+01	 1.018216e+01
 5.219718e+01	 1.037404e+01
 5.363049e+01	 1.055893e+01
 5.510316e+01	 1.073669e+01
 5.661626e+01	 1.090725e+01
 5.817091e+01	 1.107051e+01
 5.976826e+01	 1.122643e+01
 6.140946e+01	 1.137495e+01
 6.309573e+01	 1.151603e+01
 6.482831e+01	 1.164965e+01
 6.660846e+01	 1.177581e+01
 6.843750e+01	 1.189450e+01
 7.031676e+01	 1.200574e+01
 7.224762e+01	 1.210954e+01
 7.423150e+01	 1.220595e+01
 7.626986e+01	 1.229500e+01
 7.836419e+01	 1.237675e+01
 8.051603e+01	 1.245125e+01
 8.272696e+01	 1.251858e+01
 8.499860e+01	 1.257880e+01
 8.733262e+01	 1.263200e+01
 8.973072e+01	 1.267827e+01
 9.219468e+01	 1.271770e+01
 9.472630e+01	 1.275040e+01
 9.732744e+01	 1.277648e+01
 1.000000e+02	 1.279604e+01
 1.027459e+02	 1.280920e+01
 1.055673e+02	 1.281610e+01
 1.084661e+02	 1.281684e+01
 1.114445e+02	 1.281157e+01
 1.145048e+02	 1.280043e+01
 1.176490e+02	 1.278353e+01
 1.208796e+02	 1.276104e+01
 1.241989e+02	 1.273309e+01
 1.276093e+02	 1.269983e+01
 1.311134e+02	 1.266141e+01
 1.347137e+02	 1.261798e+01
 1.384129e+02	 1.256969e+01
 1.422136e+02	 1.251669e+01
 1.461187e+02	 1.245914e+01
 1.501311e+02	 1.239719e+01
 1.542536e+02	 1.233100e+01
 1.584893e+02	 1.226073e+01
 1.628414e+02	 1.218654e+01
 1.673129e+02	 1.210857e+01
 1.719072e+02	 1.202699e+01
 1.766277e+02	 1.194194e+01
 1.814778e+02	 1.185359e+01
 1.864611e+02	 1.176209e+01
 1.915812e+02	 1.166759e+01
 1.968419e+02	 1.157024e+01
 2.022471e+02	 1.147019e+01
 2.078007e+02	 1.136759e+01
 2.135068e+02	 1.126258e+01
 2.193696e+02	 1.115531e+01
 2.253934e+02	 1.104592e+01
 2.315826e+02	 1.093454e+01
 2.379417e+02	 1.082132e+01
 2.444755e+02	 1.070639e+01
 2.511886e+02	 1.058987e+01
 2.580862e+02	 1.047191e+01
 2.651731e+02	 1.035262e+01
 2.724546e+02	 1.023213e+01
 2.799360e+02	 1.011056e+01
 2.876229e+02	 9.988020e+00
 2.955209e+02	 9.864632e+00
 3.036358e+02	 9.740505e+00
 3.119735e+02	 9.615747e+00
 3.205401e+02	 9.490658e+00
 3.293420e+02	 9.365154e+00
 3.383855e+02	 9.239331e+00
 3.476774e+02	 9.113284e+00
 3.572245e+02	 8.987102e+00
 3.670336e+02	 8.860874e+00
 3.771122e+02	 8.734682e+00
 3.874675e+02	 8.608608e+00
 3.981072e+02	 8.482731e+00
 4.090390e+02	 8.357125e+00
 4.202710e+02	 8.231862e+00
 4.318114e+02	 8.107010e+00
 4.436687e+02	 7.982636e+00
 4.558516e+02	 7.858803e+00
 4.683691e+02	 7.735571e+00
 4.812303e+02	 7.612996e+00
 4.944446e+02	 7.491134e+00
 5.080218e+02	 7.370035e+00
 5.219718e+02	 7.249749e+00
 5.363049e+02	 7.130322e+00
 5.510316e+02	 7.011797e+00
 5.661626e+02	 6.894247e+00
 5.817091e+02	 6.777770e+00
 5.976826e+02	 6.662318e+00
 6.140946e+02	 6.547923e+00
 6.309573e+02	 6.434616e+00
 6.482831e+02	 6.322426e+00
 6.660846e+02	 6.211378e+00
 6.843750e+02	 6.101498e+00
 7.031676e+02	 5.992807e+00
 7.224762e+02	 5.885326e+00
 7.423150e+02	 5.779074e+00
 7.626986e+02	 5.674067e+00
 7.836419e+02	 5.570321e+00
 8.051603e+02	 5.467849e+00
 8.272696e+02	 5.366663e+00
 8.499860e+02	 5.266772e+00
 8.733262e+02	 5.168187e+00
 8.973072e+02	 5.070913e+00
 9.219468e+02	 4.974958e+00
 9.472630e+02	 4.880326e+00
 9.732744e+02	 4.787019e+00
 1.000000e+03	 4.695041e+00
 1.027459e+03	 4.604393e+00
 1.055673e+03	 4.515074e+00
 1.084661e+03	 4.427083e+00
 1.114445e+03	 4.340419e+00
 1.145048e+03	 4.255078e+00
 1.176490e+03	 4.171056e+00
 1.208796e+03	 4.088349e+00
 1.241989e+03	 4.006952e+00
 1.276093e+03	 3.926857e+00
 1.311134e+03	 3.848058e+00
 1.347137e+03	 3.770547e+00
 1.384129e+03	 3.694315e+00
 1.422136e+03	 3.619355e+00
 1.461187e+03	 3.545656e+00
 1.501311e+03	 3.473209e+00
 1.542536e+03	 3.402002e+00
 1.584893e+03	 3.332026e+00
 1.628414e+03	 3.263269e+00
 1.673129e+03	 3.195718e+00
 1.719072e+03	 3.129363e+00
 1.766277e+03	 3.064190e+00
 1.814778e+03	 3.000188e+00
 1.864611e+03	 2.937342e+00
 1.915812e+03	 2.875640e+00
 1.968419e+03	 2.815069e+00
 2.022471e+03	 2.755614e+00
 2.078007e+03	 2.697262e+00
 2.135068e+03	 2.640000e+00
 2.193696e+03	 2.583812e+00
 2.253934e+03	 2.528685e+00
 2.315826e+03	 2.474605e+00
 2.379417e+03	 2.421557e+00
 2.444755e+03	 2.369526e+00
 2.511886e+03	 2.318499e+00
 2.580862e+03	 2.268460e+00
 2.651731e+03	 2.219396e+00
 2.724546e+03	 2.171292e+00
 2.799360e+03	 2.124133e+00
 2.876229e+03	 2.077904e+00
 2.955209e+03	 2.032592e+00
 3.036358e+03	 1.988182e+00
 3.119735e+03	 1.944660e+00
 3.205401e+03	 1.902010e+00
 3.293420e+03	 1.860220e+00
 3.383855e+03	 1.819275e+00
 3.476774e+03	 1.779161e+00
 3.572245e+03	 1.739864e+00
 3.670336e+03	 1.701370e+00
 3.771122e+03	 1.663665e+00
 3.874675e+03	 1.626736e+00
 3.981072e+03	 1.590569e+00
 4.090390e+03	 1.555152e+00
 4.202710e+03	 1.520470e+00
 4.318114e+03	 1.486511e+00
 4.436687e+03	 1.453261e+00
 4.558516e+03	 1.420708e+00
 4.683691e+03	 1.388839e+00
 4.812303e+03	 1.357642e+00
 4.944446e+03	 1.327104e+00
 5.080218e+03	 1.297213e+00
 5.219718e+03	 1.267957e+00
 5.363049e+03	 1.239323e+00
 5.510316e+03	 1.211301e+00
 5.661626e+03	 1.183879e+00
 5.817091e+03	 1.157044e+00
 5.976826e+03	 1.130786e+00
 6.140946e+03	 1.105094e+00
 6.309573e+03	 1.079957e+00
 6.482831e+03	 1.055364e+00
 6.660846e+03	 1.031303e+00
 6.843750e+03	 1.007766e+00
 7.031676e+03	 9.847407e-01
 7.224762e+03	 9.622178e-01
 7.423150e+03	 9.401871e-01
 7.626986e+03	 9.186388e-01
 7.836419e+03	 8.975632e-01
 8.051603e+03	 8.769507e-01
 8.272696e+03	 8.567920e-01
 8.499860e+03	 8.370779e-01
 8.733262e+03	 8.177992e-01
 8.973072e+03	 7.989471e-01
 9.219468e+03	 7.805128e-01
 9.472630e+03	 7.624877e-01
 9.732744e+03	 7.448634e-01
 1.000000e+04	 7.276315e-01
