 1.000000e+01	 0.000000e+00
 1.027459e+01	 0.000000e+00
 1.055673e+01	 0.000000e+00
 1.084661e+01	 0.000000e+00
 1.114445e+01	 0.000000e+00
 1.145048e+01	 3.177569e-02
 1.176490e+01	 1.142131e-01
 1.208796e+01	 2.014082e-01
 1.241989e+01	 2.927825e-01
 1.276093e+01	 3.878003e-01
 1.311134e+01	 4.859660e-01
 1.347137e+01	 5.868207e-01
 1.384129e+01	 6.899400e-01
 1.422136e+01	 7.949311e-01
 1.461187e+01	 9.014306e-01
 1.501311e+01	 1.009102e+00
 1.542536e+01	 1.117636e+00
 1.584893e+01	 1.226742e+00
 1.628414e+01	 1.372057e+00
 1.673129e+01	 1.625496e+00
 1.719072e+01	 1.887044e+00
 1.766277e+01	 2.155432e+00
 1.814778e+01	 2.429486e+00
 1.864611e+01	 2.724239e+00
 1.915812e+01	 3.047895e+00
 1.968419e+01	 3.376465e+00
 2.022471e+01	 3.708787e+00
 2.078007e+01	 4.043791e+00
 2.135068e+01	 4.380484e+00
 2.193696e+01	 4.717951e+00
 2.253934e+01	 5.055349e+00
 2.315826e+01	 5.391898e+00
 2.379417e+01	 5.726879e+00
 2.444755e+01	 6.059629e+00
 2.511886e+01	 6.389538e+00
 2.580862e+01	 6.716044e+00
 2.651731e+01	 7.038628e+00
 2.724546e+01	 7.356815e+00
 2.799360e+01	 7.670169e+00
 2.876229e+01	 7.978287e+00
 2.955209e+01	 8.280803e+00
 3.036358e+01	 8.608604e+00
 3.119735e+01	 8.935940e+00
 3.205401e+01	 9.258531e+00
 3.293420e+01	 9.575864e+00
 3.383855e+01	 9.887469e+00
 3.476774e+01	 1.019292e+01
 3.572245e+01	 1.049181e+01
 3.670336e+01	 1.078381e+01
 3.771122e+01	 1.106858e+01
 3.874675e+01	 1.134583e+01
 3.981072e+01	 1.161530e+01
 4.090390e+01	 1.187676e+01
 4.202710e+01	 1.213956e+01
 4.318114e+01	 1.239499e+01
 4.436687e+01	 1.264234e+01
 4.558516e+01	 1.288139e+01
 4.683691e+01	 1.311197e+01
 4.812303e+01	 1.333391e+01
 4.944446e+01	 1.354706e+01
 5.080218e+01	 1.375132e+01
 5.219718e+01	 1.394657e+01
 5.363049e+01	 1.413274e+01
 5.510316e+01	 1.430978e+01
 5.661626e+01	 1.447763e+01
 5.817091e+01	 1.463628e+01
 5.976826e+01	 1.478570e+01
 6.140946e+01	 1.492592e+01
 6.309573e+01	 1.505693e+01
 6.482831e+01	 1.517879e+01
 6.660846e+01	 1.529152e+01
 6.843750e+01	 1.539518e+01
 7.031676e+01	 1.548985e+01
 7.224762e+01	 1.557560e+01
 7.423150e+01	 1.565251e+01
 7.626986e+01	 1.572069e+01
 7.836419e+01	 1.578024e+01
 8.051603e+01	 1.583128e+01
 8.272696e+01	 1.587392e+01
 8.499860e+01	 1.590831e+01
 8.733262e+01	 1.593456e+01
 8.973072e+01	 1.595284e+01
 9.219468e+01	 1.596329e+01
 9.472630e+01	 1.596606e+01
 9.732744e+01	 1.596132e+01
 1.000000e+02	 1.594923e+01
 1.027459e+02	 1.592996e+01
 1.055673e+02	 1.590369e+01
 1.084661e+02	 1.587059e+01
 1.114445e+02	 1.583085e+01
 1.145048e+02	 1.578464e+01
 1.176490e+02	 1.573216e+01
 1.208796e+02	 1.567359e+01
 1.241989e+02	 1.560913e+01
 1.276093e+02	 1.553895e+01
 1.311134e+02	 1.546327e+01
 1.347137e+02	 1.538227e+01
 1.384129e+02	 1.529614e+01
 1.422136e+02	 1.520508e+01
 1.461187e+02	 1.510928e+01
 1.501311e+02	 1.500894e+01
 1.542536e+02	 1.490425e+01
 1.584893e+02	 1.479540e+01
 1.628414e+02	 1.468259e+01
 1.673129e+02	 1.456599e+01
 1.719072e+02	 1.444581e+01
 1.766277e+02	 1.432222e+01
 1.814778e+02	 1.419541e+01
 1.864611e+02	 1.406678e+01
 1.915812e+02	 1.393542e+01
 1.968419e+02	 1.380145e+01
 2.022471e+02	 1.366501e+01
 2.078007e+02	 1.352629e+01
 2.135068e+02	 1.338543e+01
 2.193696e+02	 1.324260e+01
 2.253934e+02	 1.309795e+01
 2.315826e+02	 1.295162e+01
 2.379417e+02	 1.280378e+01
 2.444755e+02	 1.265455e+01
 2.511886e+02	 1.250434e+01
 2.580862e+02	 1.235307e+01
 2.651731e+02	 1.220084e+01
 2.724546e+02	 1.204779e+01
 2.799360e+02	 1.189405e+01
 2.876229e+02	 1.173974e+01
 2.955209e+02	 1.158497e+01
 3.036358e+02	 1.142986e+01
 3.119735e+02	 1.127454e+01
 3.205401e+02	 1.111928e+01
 3.293420e+02	 1.096401e+01
 3.383855e+02	 1.080884e+01
 3.476774e+02	 1.065386e+01
 3.572245e+02	 1.049915e+01
 3.670336e+02	 1.034482e+01
 3.771122e+02	 1.019093e+01
 3.874675e+02	 1.003758e+01
 3.981072e+02	 9.884831e+00
 4.090390e+02	 9.732771e+00
 4.202710e+02	 9.581465e+00
 4.318114e+02	 9.430981e+00
 4.436687e+02	 9.281382e+00
 4.558516e+02	 9.132730e+00
 4.683691e+02	 8.985081e+00
 4.812303e+02	 8.838491e+00
 4.944446e+02	 8.693010e+00
 5.080218e+02	 8.548687e+00
 5.219718e+02	 8.405568e+00
 5.363049e+02	 8.263694e+00
 5.510316e+02	 8.123106e+00
 5.661626e+02	 7.983856e+00
 5.817091e+02	 7.846009e+00
 5.976826e+02	 7.709555e+00
 6.140946e+02	 7.574522e+00
 6.309573e+02	 7.440936e+00
 6.482831e+02	 7.308823e+00
 6.660846e+02	 7.178205e+00
 6.843750e+02	 7.049101e+00
 7.031676e+02	 6.921529e+00
 7.224762e+02	 6.795505e+00
 7.423150e+02	 6.671044e+00
 7.626986e+02	 6.548158e+00
 7.836419e+02	 6.426856e+00
 8.051603e+02	 6.307148e+00
 8.272696e+02	 6.189041e+00
 8.499860e+02	 6.072541e+00
 8.733262e+02	 5.957651e+00
 8.973072e+02	 5.844374e+00
 9.219468e+02	 5.732712e+00
 9.472630e+02	 5.622664e+00
 9.732744e+02	 5.514230e+00
 1.000000e+03	 5.407406e+00
 1.027459e+03	 5.302190e+00
 1.055673e+03	 5.198576e+00
 1.084661e+03	 5.096560e+00
 1.114445e+03	 4.996134e+00
 1.145048e+03	 4.897292e+00
 1.176490e+03	 4.800024e+00
 1.208796e+03	 4.704323e+00
 1.241989e+03	 4.610177e+00
 1.276093e+03	 4.517577e+00
 1.311134e+03	 4.426512e+00
 1.347137e+03	 4.336969e+00
 1.384129e+03	 4.248937e+00
 1.422136e+03	 4.162402e+00
 1.461187e+03	 4.077351e+00
 1.501311e+03	 3.993770e+00
 1.542536e+03	 3.911645e+00
 1.584893e+03	 3.830961e+00
 1.628414e+03	 3.751704e+00
 1.673129e+03	 3.673857e+00
 1.719072e+03	 3.597406e+00
 1.766277e+03	 3.522334e+00
 1.814778e+03	 3.448626e+00
 1.864611e+03	 3.376264e+00
 1.915812e+03	 3.305232e+00
 1.968419e+03	 3.235515e+00
 2.022471e+03	 3.167093e+00
 2.078007e+03	 3.099952e+00
 2.135068e+03	 3.034073e+00
 2.193696e+03	 2.969440e+00
 2.253934e+03	 2.906036e+00
 2.315826e+03	 2.843842e+00
 2.379417e+03	 2.782842e+00
 2.444755e+03	 2.723018e+00
 2.511886e+03	 2.664354e+00
 2.580862e+03	 2.606835e+00
 2.651731e+03	 2.550440e+00
 2.724546e+03	 2.495153e+00
 2.799360e+03	 2.440956e+00
 2.876229e+03	 2.387833e+00
 2.955209e+03	 2.335765e+00
 3.036358e+03	 2.284737e+00
 3.119735e+03	 2.234731e+00
 3.205401e+03	 2.185731e+00
 3.293420e+03	 2.137720e+00
 3.383855e+03	 2.090681e+00
 3.476774e+03	 2.044598e+00
 3.572245e+03	 1.999456e+00
 3.670336e+03	 1.955236e+00
 3.771122e+03	 1.911925e+00
 3.874675e+03	 1.869505e+00
 3.981072e+03	 1.827962e+00
 4.090390e+03	 1.787279e+00
 4.202710e+03	 1.747442e+00
 4.318114e+03	 1.708435e+00
 4.436687e+03	 1.670244e+00
 4.558516e+03	 1.632852e+00
 4.683691e+03	 1.596247e+00
 4.812303e+03	 1.560413e+00
 4.944446e+03	 1.525336e+00
 5.080218e+03	 1.491001e+00
 5.219718e+03	 1.457396e+00
 5.363049e+03	 1.424506e+00
 5.510316e+03	 1.392317e+00
 5.661626e+03	 1.360817e+00
 5.817091e+03	 1.329992e+00
 5.976826e+03	 1.299830e+00
 6.140946e+03	 1.270316e+00
 6.309573e+03	 1.241440e+00
 6.482831e+03	 1.213187e+00
 6.660846e+03	 1.185547e+00
 6.843750e+03	 1.158507e+00
 7.031676e+03	 1.132054e+00
 7.224762e+03	 1.106179e+00
 7.423150e+03	 1.080868e+00
 7.626986e+03	 1.056111e+00
 7.836419e+03	 1.031897e+00
 8.051603e+03	 1.008214e+00
 8.272696e+03	 9.850522e-01
 8.499860e+03	 9.624006e-01
 8.733262e+03	 9.402489e-01
 8.973072e+03	 9.185868e-01
 9.219468e+03	 8.974044e-01
 9.472630e+03	 8.766918e-01
 9.732744e+03	 8.564392e-01
 1.000000e+04	 8.366372e-01
