# c-C2H4O cross section
256
1.00000e+01	1.99400e+00
1.04600e+01	2.38600e+00
1.09400e+01	2.78200e+00
1.14500e+01	3.19400e+00
1.19800e+01	3.73600e+00
1.25300e+01	4.28700e+00
1.31100e+01	4.84300e+00
1.37200e+01	5.40100e+00
1.43500e+01	6.06300e+00
1.50100e+01	6.79900e+00
1.57100e+01	7.62300e+00
1.64300e+01	8.45400e+00
1.71900e+01	9.28400e+00
1.79800e+01	1.01200e+01
1.88200e+01	1.10900e+01
1.96800e+01	1.21500e+01
2.05900e+01	1.32100e+01
2.15400e+01	1.42600e+01
2.25400e+01	1.53000e+01
2.35800e+01	1.63100e+01
2.46700e+01	1.73000e+01
2.58100e+01	1.82600e+01
2.70000e+01	1.91800e+01
2.82500e+01	2.01000e+01
2.95500e+01	2.09900e+01
3.09200e+01	2.18300e+01
3.23400e+01	2.26400e+01
3.38400e+01	2.34000e+01
3.54000e+01	2.41100e+01
3.70400e+01	2.47800e+01
3.87500e+01	2.54000e+01
4.05400e+01	2.59700e+01
4.24100e+01	2.65000e+01
4.43700e+01	2.69900e+01
4.64200e+01	2.74300e+01
4.85600e+01	2.78300e+01
5.08000e+01	2.81700e+01
5.31500e+01	2.84800e+01
5.56000e+01	2.87300e+01
5.81700e+01	2.89400e+01
6.08600e+01	2.91000e+01
6.36700e+01	2.92200e+01
6.66100e+01	2.93000e+01
6.96800e+01	2.93400e+01
7.29000e+01	2.93400e+01
7.62700e+01	2.93000e+01
7.97900e+01	2.92200e+01
8.34800e+01	2.91100e+01
8.73300e+01	2.89600e+01
9.13700e+01	2.87800e+01
9.55900e+01	2.85700e+01
1.00000e+02	2.83400e+01
1.04600e+02	2.80700e+01
1.09400e+02	2.77800e+01
1.14500e+02	2.74700e+01
1.19800e+02	2.71400e+01
1.25300e+02	2.67800e+01
1.31100e+02	2.64100e+01
1.37200e+02	2.60200e+01
1.43500e+02	2.56100e+01
1.50100e+02	2.52000e+01
1.57100e+02	2.47700e+01
1.64300e+02	2.43200e+01
1.71900e+02	2.38700e+01
1.79800e+02	2.34100e+01
1.88200e+02	2.29500e+01
1.96800e+02	2.24800e+01
2.05900e+02	2.20000e+01
2.15400e+02	2.15200e+01
2.25400e+02	2.10400e+01
2.35800e+02	2.05600e+01
2.46700e+02	2.00800e+01
2.58100e+02	1.95900e+01
2.70000e+02	1.91100e+01
2.82500e+02	1.86400e+01
2.95500e+02	1.81600e+01
3.09200e+02	1.76900e+01
3.23400e+02	1.72200e+01
3.38400e+02	1.67600e+01
3.54000e+02	1.63000e+01
3.70400e+02	1.58500e+01
3.87500e+02	1.54100e+01
4.05400e+02	1.49700e+01
4.24100e+02	1.45400e+01
4.43700e+02	1.41200e+01
4.64200e+02	1.37000e+01
4.85600e+02	1.32900e+01
5.08000e+02	1.28900e+01
5.31500e+02	1.25000e+01
5.56000e+02	1.21200e+01
5.81700e+02	1.17400e+01
6.08600e+02	1.13700e+01
6.36700e+02	1.10200e+01
6.66100e+02	1.06700e+01
6.96800e+02	1.03200e+01
7.29000e+02	9.99000e+00
7.62700e+02	9.66400e+00
7.97900e+02	9.34800e+00
8.34800e+02	9.03900e+00
8.73300e+02	8.73900e+00
9.13700e+02	8.44700e+00
9.55900e+02	8.16300e+00
1.00000e+03	7.88700e+00
1.04600e+03	7.61900e+00
1.09400e+03	7.35900e+00
1.14500e+03	7.10600e+00
1.19800e+03	6.86100e+00
1.25300e+03	6.62300e+00
1.31100e+03	6.39200e+00
1.37200e+03	6.16900e+00
1.43500e+03	5.95200e+00
1.50100e+03	5.74200e+00
1.57100e+03	5.53900e+00
1.64300e+03	5.34200e+00
1.71900e+03	5.15100e+00
1.79800e+03	4.96700e+00
1.88200e+03	4.78800e+00
1.96800e+03	4.61600e+00
2.05900e+03	4.44900e+00
2.15400e+03	4.28700e+00
2.25400e+03	4.13100e+00
2.35800e+03	3.98100e+00
2.46700e+03	3.83500e+00
2.58100e+03	3.69400e+00
2.70000e+03	3.55800e+00
2.82500e+03	3.42700e+00
2.95500e+03	3.30000e+00
3.09200e+03	3.17800e+00
3.23400e+03	3.06000e+00
3.38400e+03	2.94600e+00
3.54000e+03	2.83600e+00
3.70400e+03	2.73000e+00
3.87500e+03	2.62800e+00
4.05400e+03	2.52900e+00
4.24100e+03	2.43400e+00
4.43700e+03	2.34300e+00
4.64200e+03	2.25400e+00
4.85600e+03	2.16900e+00
5.08000e+03	2.08700e+00
5.31500e+03	2.00800e+00
5.56000e+03	1.93100e+00
5.81700e+03	1.85800e+00
6.08600e+03	1.78700e+00
6.36700e+03	1.71900e+00
6.66100e+03	1.65300e+00
6.96800e+03	1.59000e+00
7.29000e+03	1.52900e+00
7.62700e+03	1.47000e+00
7.97900e+03	1.41400e+00
8.34800e+03	1.35900e+00
8.73300e+03	1.30700e+00
9.13700e+03	1.25700e+00
9.55900e+03	1.20800e+00
1.00000e+04	1.16100e+00
1.04600e+04	1.11600e+00
1.09400e+04	1.07300e+00
1.14500e+04	1.03100e+00
1.19800e+04	9.91400e-01
1.25300e+04	9.52900e-01
1.31100e+04	9.15800e-01
1.37200e+04	8.80100e-01
1.43500e+04	8.45800e-01
1.50100e+04	8.12800e-01
1.57100e+04	7.81100e-01
1.64300e+04	7.50500e-01
1.71900e+04	7.21200e-01
1.79800e+04	6.92900e-01
1.88200e+04	6.65800e-01
1.96800e+04	6.39600e-01
2.05900e+04	6.14500e-01
2.15400e+04	5.90400e-01
2.25400e+04	5.67200e-01
2.35800e+04	5.44800e-01
2.46700e+04	5.23400e-01
2.58100e+04	5.02800e-01
2.70000e+04	4.82900e-01
2.82500e+04	4.63900e-01
2.95500e+04	4.45600e-01
3.09200e+04	4.27900e-01
3.23400e+04	4.11000e-01
3.38400e+04	3.94800e-01
3.54000e+04	3.79100e-01
3.70400e+04	3.64100e-01
3.87500e+04	3.49700e-01
4.05400e+04	3.35800e-01
4.24100e+04	3.22500e-01
4.43700e+04	3.09700e-01
4.64200e+04	2.97300e-01
4.85600e+04	2.85500e-01
5.08000e+04	2.74200e-01
5.31500e+04	2.63200e-01
5.56000e+04	2.52800e-01
5.81700e+04	2.42700e-01
6.08600e+04	2.33000e-01
6.36700e+04	2.23700e-01
6.66100e+04	2.14800e-01
6.96800e+04	2.06200e-01
7.29000e+04	1.98000e-01
7.62700e+04	1.90000e-01
7.97900e+04	1.82400e-01
8.34800e+04	1.75100e-01
8.73300e+04	1.68100e-01
9.13700e+04	1.61400e-01
9.55900e+04	1.54900e-01
1.00000e+05	1.48700e-01
1.04600e+05	1.42700e-01
1.09400e+05	1.37000e-01
1.14500e+05	1.31500e-01
1.19800e+05	1.26200e-01
1.25300e+05	1.21200e-01
1.31100e+05	1.16300e-01
1.37200e+05	1.11600e-01
1.43500e+05	1.07100e-01
1.50100e+05	1.02800e-01
1.57100e+05	9.86600e-02
1.64300e+05	9.46800e-02
1.71900e+05	9.08700e-02
1.79800e+05	8.72000e-02
1.88200e+05	8.36900e-02
1.96800e+05	8.03100e-02
2.05900e+05	7.70700e-02
2.15400e+05	7.39500e-02
2.25400e+05	7.09700e-02
2.35800e+05	6.81000e-02
2.46700e+05	6.53400e-02
2.58100e+05	6.27000e-02
2.70000e+05	6.01600e-02
2.82500e+05	5.77300e-02
2.95500e+05	5.53900e-02
3.09200e+05	5.31500e-02
3.23400e+05	5.09900e-02
3.38400e+05	4.89300e-02
3.54000e+05	4.69400e-02
3.70400e+05	4.50400e-02
3.87500e+05	4.32100e-02
4.05400e+05	4.14600e-02
4.24100e+05	3.97700e-02
4.43700e+05	3.81600e-02
4.64200e+05	3.66100e-02
4.85600e+05	3.51200e-02
5.08000e+05	3.36900e-02
5.31500e+05	3.23200e-02
5.56000e+05	3.10100e-02
5.81700e+05	2.97400e-02
6.08600e+05	2.85300e-02
6.36700e+05	2.73700e-02
6.66100e+05	2.62600e-02
6.96800e+05	2.51900e-02
7.29000e+05	2.41600e-02
7.62700e+05	2.31800e-02
7.97900e+05	2.22300e-02
8.34800e+05	2.13200e-02
8.73300e+05	2.04500e-02
9.13700e+05	1.96200e-02
9.55900e+05	1.88200e-02
1.00000e+06	1.80500e-02
