# C2H2 cross section
256
1.00000e+01	0.00000e+00
1.04600e+01	0.00000e+00
1.09400e+01	0.00000e+00
1.14500e+01	0.00000e+00
1.19800e+01	2.05500e-01
1.25300e+01	5.82800e-01
1.31100e+01	9.87100e-01
1.37200e+01	1.41200e+00
1.43500e+01	1.85200e+00
1.50100e+01	2.30200e+00
1.57100e+01	2.75700e+00
1.64300e+01	3.21400e+00
1.71900e+01	3.66900e+00
1.79800e+01	4.19200e+00
1.88200e+01	4.73800e+00
1.96800e+01	5.32600e+00
2.05900e+01	5.95100e+00
2.15400e+01	6.57200e+00
2.25400e+01	7.18600e+00
2.35800e+01	7.78700e+00
2.46700e+01	8.37400e+00
2.58100e+01	8.97200e+00
2.70000e+01	9.57100e+00
2.82500e+01	1.01500e+01
2.95500e+01	1.07100e+01
3.09200e+01	1.12500e+01
3.23400e+01	1.17600e+01
3.38400e+01	1.22500e+01
3.54000e+01	1.27000e+01
3.70400e+01	1.31300e+01
3.87500e+01	1.35400e+01
4.05400e+01	1.39100e+01
4.24100e+01	1.42500e+01
4.43700e+01	1.45600e+01
4.64200e+01	1.48500e+01
4.85600e+01	1.51000e+01
5.08000e+01	1.53200e+01
5.31500e+01	1.55200e+01
5.56000e+01	1.56900e+01
5.81700e+01	1.58300e+01
6.08600e+01	1.59400e+01
6.36700e+01	1.60300e+01
6.66100e+01	1.60900e+01
6.96800e+01	1.61200e+01
7.29000e+01	1.61300e+01
7.62700e+01	1.61200e+01
7.97900e+01	1.60900e+01
8.34800e+01	1.60400e+01
8.73300e+01	1.59600e+01
9.13700e+01	1.58700e+01
9.55900e+01	1.57600e+01
1.00000e+02	1.56300e+01
1.04600e+02	1.54900e+01
1.09400e+02	1.53300e+01
1.14500e+02	1.51600e+01
1.19800e+02	1.49800e+01
1.25300e+02	1.47900e+01
1.31100e+02	1.45800e+01
1.37200e+02	1.43600e+01
1.43500e+02	1.41400e+01
1.50100e+02	1.39100e+01
1.57100e+02	1.36700e+01
1.64300e+02	1.34200e+01
1.71900e+02	1.31700e+01
1.79800e+02	1.29200e+01
1.88200e+02	1.26600e+01
1.96800e+02	1.23900e+01
2.05900e+02	1.21300e+01
2.15400e+02	1.18600e+01
2.25400e+02	1.15900e+01
2.35800e+02	1.13300e+01
2.46700e+02	1.10600e+01
2.58100e+02	1.07900e+01
2.70000e+02	1.05200e+01
2.82500e+02	1.02600e+01
2.95500e+02	9.99400e+00
3.09200e+02	9.73200e+00
3.23400e+02	9.47400e+00
3.38400e+02	9.21800e+00
3.54000e+02	8.96500e+00
3.70400e+02	8.71600e+00
3.87500e+02	8.47000e+00
4.05400e+02	8.22800e+00
4.24100e+02	7.99100e+00
4.43700e+02	7.75700e+00
4.64200e+02	7.52700e+00
4.85600e+02	7.30200e+00
5.08000e+02	7.08100e+00
5.31500e+02	6.86500e+00
5.56000e+02	6.65300e+00
5.81700e+02	6.44600e+00
6.08600e+02	6.24400e+00
6.36700e+02	6.04600e+00
6.66100e+02	5.85300e+00
6.96800e+02	5.66500e+00
7.29000e+02	5.48200e+00
7.62700e+02	5.30300e+00
7.97900e+02	5.12900e+00
8.34800e+02	4.95900e+00
8.73300e+02	4.79400e+00
9.13700e+02	4.63400e+00
9.55900e+02	4.47800e+00
1.00000e+03	4.32600e+00
1.04600e+03	4.17900e+00
1.09400e+03	4.03600e+00
1.14500e+03	3.89700e+00
1.19800e+03	3.76300e+00
1.25300e+03	3.63200e+00
1.31100e+03	3.50500e+00
1.37200e+03	3.38300e+00
1.43500e+03	3.26400e+00
1.50100e+03	3.14900e+00
1.57100e+03	3.03700e+00
1.64300e+03	2.92900e+00
1.71900e+03	2.82500e+00
1.79800e+03	2.72400e+00
1.88200e+03	2.62600e+00
1.96800e+03	2.53100e+00
2.05900e+03	2.44000e+00
2.15400e+03	2.35100e+00
2.25400e+03	2.26600e+00
2.35800e+03	2.18300e+00
2.46700e+03	2.10300e+00
2.58100e+03	2.02600e+00
2.70000e+03	1.95200e+00
2.82500e+03	1.88000e+00
2.95500e+03	1.81000e+00
3.09200e+03	1.74300e+00
3.23400e+03	1.67800e+00
3.38400e+03	1.61600e+00
3.54000e+03	1.55600e+00
3.70400e+03	1.49800e+00
3.87500e+03	1.44200e+00
4.05400e+03	1.38800e+00
4.24100e+03	1.33500e+00
4.43700e+03	1.28500e+00
4.64200e+03	1.23700e+00
4.85600e+03	1.19000e+00
5.08000e+03	1.14500e+00
5.31500e+03	1.10200e+00
5.56000e+03	1.06000e+00
5.81700e+03	1.01900e+00
6.08600e+03	9.80700e-01
6.36700e+03	9.43300e-01
6.66100e+03	9.07300e-01
6.96800e+03	8.72600e-01
7.29000e+03	8.39100e-01
7.62700e+03	8.07000e-01
7.97900e+03	7.76000e-01
8.34800e+03	7.46200e-01
8.73300e+03	7.17400e-01
9.13700e+03	6.89800e-01
9.55900e+03	6.63200e-01
1.00000e+04	6.37600e-01
1.04600e+04	6.12900e-01
1.09400e+04	5.89200e-01
1.14500e+04	5.66300e-01
1.19800e+04	5.44400e-01
1.25300e+04	5.23200e-01
1.31100e+04	5.02900e-01
1.37200e+04	4.83300e-01
1.43500e+04	4.64500e-01
1.50100e+04	4.46400e-01
1.57100e+04	4.29000e-01
1.64300e+04	4.12200e-01
1.71900e+04	3.96100e-01
1.79800e+04	3.80600e-01
1.88200e+04	3.65700e-01
1.96800e+04	3.51400e-01
2.05900e+04	3.37600e-01
2.15400e+04	3.24300e-01
2.25400e+04	3.11600e-01
2.35800e+04	2.99300e-01
2.46700e+04	2.87600e-01
2.58100e+04	2.76200e-01
2.70000e+04	2.65300e-01
2.82500e+04	2.54900e-01
2.95500e+04	2.44800e-01
3.09200e+04	2.35200e-01
3.23400e+04	2.25900e-01
3.38400e+04	2.16900e-01
3.54000e+04	2.08400e-01
3.70400e+04	2.00100e-01
3.87500e+04	1.92200e-01
4.05400e+04	1.84600e-01
4.24100e+04	1.77200e-01
4.43700e+04	1.70200e-01
4.64200e+04	1.63400e-01
4.85600e+04	1.56900e-01
5.08000e+04	1.50700e-01
5.31500e+04	1.44700e-01
5.56000e+04	1.38900e-01
5.81700e+04	1.33400e-01
6.08600e+04	1.28100e-01
6.36700e+04	1.23000e-01
6.66100e+04	1.18100e-01
6.96800e+04	1.13400e-01
7.29000e+04	1.08800e-01
7.62700e+04	1.04500e-01
7.97900e+04	1.00300e-01
8.34800e+04	9.63100e-02
8.73300e+04	9.24500e-02
9.13700e+04	8.87500e-02
9.55900e+04	8.52000e-02
1.00000e+05	8.17800e-02
1.04600e+05	7.85000e-02
1.09400e+05	7.53500e-02
1.14500e+05	7.23300e-02
1.19800e+05	6.94300e-02
1.25300e+05	6.66400e-02
1.31100e+05	6.39600e-02
1.37200e+05	6.13900e-02
1.43500e+05	5.89200e-02
1.50100e+05	5.65500e-02
1.57100e+05	5.42700e-02
1.64300e+05	5.20900e-02
1.71900e+05	4.99900e-02
1.79800e+05	4.79800e-02
1.88200e+05	4.60400e-02
1.96800e+05	4.41800e-02
2.05900e+05	4.24000e-02
2.15400e+05	4.06900e-02
2.25400e+05	3.90500e-02
2.35800e+05	3.74700e-02
2.46700e+05	3.59600e-02
2.58100e+05	3.45000e-02
2.70000e+05	3.31100e-02
2.82500e+05	3.17700e-02
2.95500e+05	3.04800e-02
3.09200e+05	2.92500e-02
3.23400e+05	2.80600e-02
3.38400e+05	2.69300e-02
3.54000e+05	2.58400e-02
3.70400e+05	2.47900e-02
3.87500e+05	2.37800e-02
4.05400e+05	2.28200e-02
4.24100e+05	2.18900e-02
4.43700e+05	2.10000e-02
4.64200e+05	2.01500e-02
4.85600e+05	1.93300e-02
5.08000e+05	1.85500e-02
5.31500e+05	1.77900e-02
5.56000e+05	1.70700e-02
5.81700e+05	1.63700e-02
6.08600e+05	1.57100e-02
6.36700e+05	1.50700e-02
6.66100e+05	1.44600e-02
6.96800e+05	1.38700e-02
7.29000e+05	1.33000e-02
7.62700e+05	1.27600e-02
7.97900e+05	1.22400e-02
8.34800e+05	1.17400e-02
8.73300e+05	1.12600e-02
9.13700e+05	1.08000e-02
9.55900e+05	1.03600e-02
1.00000e+06	9.93800e-03
