# C2H2O cross section
256
1.00000e+01	7.21200e-02
1.04600e+01	2.79400e-01
1.09400e+01	5.03600e-01
1.14500e+01	7.41100e-01
1.19800e+01	9.88800e-01
1.25300e+01	1.24400e+00
1.31100e+01	1.50400e+00
1.37200e+01	1.76600e+00
1.43500e+01	2.03000e+00
1.50100e+01	2.33800e+00
1.57100e+01	2.71000e+00
1.64300e+01	3.13500e+00
1.71900e+01	3.62800e+00
1.79800e+01	4.28200e+00
1.88200e+01	4.97400e+00
1.96800e+01	5.72600e+00
2.05900e+01	6.48700e+00
2.15400e+01	7.25200e+00
2.25400e+01	8.01400e+00
2.35800e+01	8.76800e+00
2.46700e+01	9.51000e+00
2.58100e+01	1.02400e+01
2.70000e+01	1.09400e+01
2.82500e+01	1.16300e+01
2.95500e+01	1.23200e+01
3.09200e+01	1.29900e+01
3.23400e+01	1.36400e+01
3.38400e+01	1.42700e+01
3.54000e+01	1.48700e+01
3.70400e+01	1.54600e+01
3.87500e+01	1.60100e+01
4.05400e+01	1.65400e+01
4.24100e+01	1.70300e+01
4.43700e+01	1.74900e+01
4.64200e+01	1.79200e+01
4.85600e+01	1.83100e+01
5.08000e+01	1.86700e+01
5.31500e+01	1.89900e+01
5.56000e+01	1.92800e+01
5.81700e+01	1.95400e+01
6.08600e+01	1.97600e+01
6.36700e+01	1.99500e+01
6.66100e+01	2.01000e+01
6.96800e+01	2.02300e+01
7.29000e+01	2.03200e+01
7.62700e+01	2.03800e+01
7.97900e+01	2.04200e+01
8.34800e+01	2.04200e+01
8.73300e+01	2.04000e+01
9.13700e+01	2.03500e+01
9.55900e+01	2.02800e+01
1.00000e+02	2.01800e+01
1.04600e+02	2.00600e+01
1.09400e+02	1.99200e+01
1.14500e+02	1.97600e+01
1.19800e+02	1.95800e+01
1.25300e+02	1.93800e+01
1.31100e+02	1.91700e+01
1.37200e+02	1.89400e+01
1.43500e+02	1.86900e+01
1.50100e+02	1.84400e+01
1.57100e+02	1.81700e+01
1.64300e+02	1.78900e+01
1.71900e+02	1.76000e+01
1.79800e+02	1.73000e+01
1.88200e+02	1.69900e+01
1.96800e+02	1.66700e+01
2.05900e+02	1.63600e+01
2.15400e+02	1.60300e+01
2.25400e+02	1.57000e+01
2.35800e+02	1.53700e+01
2.46700e+02	1.50400e+01
2.58100e+02	1.47000e+01
2.70000e+02	1.43600e+01
2.82500e+02	1.40300e+01
2.95500e+02	1.36900e+01
3.09200e+02	1.33600e+01
3.23400e+02	1.30200e+01
3.38400e+02	1.26900e+01
3.54000e+02	1.23600e+01
3.70400e+02	1.20400e+01
3.87500e+02	1.17100e+01
4.05400e+02	1.14000e+01
4.24100e+02	1.10800e+01
4.43700e+02	1.07700e+01
4.64200e+02	1.04700e+01
4.85600e+02	1.01600e+01
5.08000e+02	9.86900e+00
5.31500e+02	9.57800e+00
5.56000e+02	9.29300e+00
5.81700e+02	9.01400e+00
6.08600e+02	8.74000e+00
6.36700e+02	8.47100e+00
6.66100e+02	8.20900e+00
6.96800e+02	7.95200e+00
7.29000e+02	7.70200e+00
7.62700e+02	7.45700e+00
7.97900e+02	7.21800e+00
8.34800e+02	6.98500e+00
8.73300e+02	6.75700e+00
9.13700e+02	6.53600e+00
9.55900e+02	6.32100e+00
1.00000e+03	6.11100e+00
1.04600e+03	5.90700e+00
1.09400e+03	5.70800e+00
1.14500e+03	5.51500e+00
1.19800e+03	5.32800e+00
1.25300e+03	5.14600e+00
1.31100e+03	4.96900e+00
1.37200e+03	4.79800e+00
1.43500e+03	4.63200e+00
1.50100e+03	4.47000e+00
1.57100e+03	4.31400e+00
1.64300e+03	4.16300e+00
1.71900e+03	4.01600e+00
1.79800e+03	3.87400e+00
1.88200e+03	3.73600e+00
1.96800e+03	3.60300e+00
2.05900e+03	3.47400e+00
2.15400e+03	3.34900e+00
2.25400e+03	3.22800e+00
2.35800e+03	3.11200e+00
2.46700e+03	2.99900e+00
2.58100e+03	2.89000e+00
2.70000e+03	2.78400e+00
2.82500e+03	2.68300e+00
2.95500e+03	2.58400e+00
3.09200e+03	2.48900e+00
3.23400e+03	2.39700e+00
3.38400e+03	2.30900e+00
3.54000e+03	2.22300e+00
3.70400e+03	2.14100e+00
3.87500e+03	2.06100e+00
4.05400e+03	1.98400e+00
4.24100e+03	1.91000e+00
4.43700e+03	1.83900e+00
4.64200e+03	1.77000e+00
4.85600e+03	1.70300e+00
5.08000e+03	1.63900e+00
5.31500e+03	1.57700e+00
5.56000e+03	1.51800e+00
5.81700e+03	1.46000e+00
6.08600e+03	1.40500e+00
6.36700e+03	1.35100e+00
6.66100e+03	1.30000e+00
6.96800e+03	1.25000e+00
7.29000e+03	1.20300e+00
7.62700e+03	1.15700e+00
7.97900e+03	1.11200e+00
8.34800e+03	1.07000e+00
8.73300e+03	1.02900e+00
9.13700e+03	9.89200e-01
9.55900e+03	9.51200e-01
1.00000e+04	9.14500e-01
1.04600e+04	8.79300e-01
1.09400e+04	8.45300e-01
1.14500e+04	8.12600e-01
1.19800e+04	7.81200e-01
1.25300e+04	7.50900e-01
1.31100e+04	7.21800e-01
1.37200e+04	6.93800e-01
1.43500e+04	6.66800e-01
1.50100e+04	6.40900e-01
1.57100e+04	6.15900e-01
1.64300e+04	5.91900e-01
1.71900e+04	5.68800e-01
1.79800e+04	5.46600e-01
1.88200e+04	5.25200e-01
1.96800e+04	5.04700e-01
2.05900e+04	4.84900e-01
2.15400e+04	4.65900e-01
2.25400e+04	4.47700e-01
2.35800e+04	4.30100e-01
2.46700e+04	4.13200e-01
2.58100e+04	3.96900e-01
2.70000e+04	3.81300e-01
2.82500e+04	3.66300e-01
2.95500e+04	3.51900e-01
3.09200e+04	3.38000e-01
3.23400e+04	3.24700e-01
3.38400e+04	3.11800e-01
3.54000e+04	2.99500e-01
3.70400e+04	2.87700e-01
3.87500e+04	2.76300e-01
4.05400e+04	2.65400e-01
4.24100e+04	2.54800e-01
4.43700e+04	2.44700e-01
4.64200e+04	2.35000e-01
4.85600e+04	2.25700e-01
5.08000e+04	2.16700e-01
5.31500e+04	2.08100e-01
5.56000e+04	1.99800e-01
5.81700e+04	1.91900e-01
6.08600e+04	1.84300e-01
6.36700e+04	1.76900e-01
6.66100e+04	1.69900e-01
6.96800e+04	1.63100e-01
7.29000e+04	1.56600e-01
7.62700e+04	1.50300e-01
7.97900e+04	1.44300e-01
8.34800e+04	1.38600e-01
8.73300e+04	1.33000e-01
9.13700e+04	1.27700e-01
9.55900e+04	1.22600e-01
1.00000e+05	1.17700e-01
1.04600e+05	1.13000e-01
1.09400e+05	1.08400e-01
1.14500e+05	1.04100e-01
1.19800e+05	9.99200e-02
1.25300e+05	9.59100e-02
1.31100e+05	9.20600e-02
1.37200e+05	8.83600e-02
1.43500e+05	8.48100e-02
1.50100e+05	8.14000e-02
1.57100e+05	7.81200e-02
1.64300e+05	7.49800e-02
1.71900e+05	7.19600e-02
1.79800e+05	6.90600e-02
1.88200e+05	6.62800e-02
1.96800e+05	6.36100e-02
2.05900e+05	6.10500e-02
2.15400e+05	5.85800e-02
2.25400e+05	5.62200e-02
2.35800e+05	5.39500e-02
2.46700e+05	5.17700e-02
2.58100e+05	4.96800e-02
2.70000e+05	4.76700e-02
2.82500e+05	4.57400e-02
2.95500e+05	4.38900e-02
3.09200e+05	4.21200e-02
3.23400e+05	4.04100e-02
3.38400e+05	3.87800e-02
3.54000e+05	3.72100e-02
3.70400e+05	3.57000e-02
3.87500e+05	3.42500e-02
4.05400e+05	3.28600e-02
4.24100e+05	3.15300e-02
4.43700e+05	3.02500e-02
4.64200e+05	2.90200e-02
4.85600e+05	2.78400e-02
5.08000e+05	2.67100e-02
5.31500e+05	2.56300e-02
5.56000e+05	2.45900e-02
5.81700e+05	2.35900e-02
6.08600e+05	2.26300e-02
6.36700e+05	2.17100e-02
6.66100e+05	2.08200e-02
6.96800e+05	1.99800e-02
7.29000e+05	1.91600e-02
7.62700e+05	1.83800e-02
7.97900e+05	1.76300e-02
8.34800e+05	1.69100e-02
8.73300e+05	1.62300e-02
9.13700e+05	1.55600e-02
9.55900e+05	1.49300e-02
1.00000e+06	1.43200e-02
