# C2HNO cross section
256
1.00000e+01	0.00000e+00
1.04600e+01	0.00000e+00
1.09400e+01	0.00000e+00
1.14500e+01	0.00000e+00
1.19800e+01	0.00000e+00
1.25300e+01	5.03200e-02
1.31100e+01	1.70200e-01
1.37200e+01	2.99800e-01
1.43500e+01	5.11800e-01
1.50100e+01	9.51500e-01
1.57100e+01	1.45600e+00
1.64300e+01	1.98600e+00
1.71900e+01	2.61900e+00
1.79800e+01	3.29500e+00
1.88200e+01	4.03400e+00
1.96800e+01	4.79000e+00
2.05900e+01	5.62300e+00
2.15400e+01	6.46400e+00
2.25400e+01	7.30500e+00
2.35800e+01	8.14200e+00
2.46700e+01	8.99400e+00
2.58100e+01	9.86000e+00
2.70000e+01	1.07100e+01
2.82500e+01	1.15400e+01
2.95500e+01	1.23600e+01
3.09200e+01	1.31400e+01
3.23400e+01	1.39000e+01
3.38400e+01	1.46300e+01
3.54000e+01	1.53400e+01
3.70400e+01	1.60300e+01
3.87500e+01	1.66900e+01
4.05400e+01	1.73100e+01
4.24100e+01	1.79200e+01
4.43700e+01	1.84900e+01
4.64200e+01	1.90200e+01
4.85600e+01	1.95200e+01
5.08000e+01	1.99800e+01
5.31500e+01	2.04000e+01
5.56000e+01	2.07800e+01
5.81700e+01	2.11300e+01
6.08600e+01	2.14400e+01
6.36700e+01	2.17100e+01
6.66100e+01	2.19400e+01
6.96800e+01	2.21400e+01
7.29000e+01	2.23000e+01
7.62700e+01	2.24300e+01
7.97900e+01	2.25200e+01
8.34800e+01	2.25800e+01
8.73300e+01	2.26100e+01
9.13700e+01	2.26100e+01
9.55900e+01	2.25700e+01
1.00000e+02	2.25100e+01
1.04600e+02	2.24200e+01
1.09400e+02	2.23100e+01
1.14500e+02	2.21700e+01
1.19800e+02	2.20100e+01
1.25300e+02	2.18200e+01
1.31100e+02	2.16200e+01
1.37200e+02	2.13900e+01
1.43500e+02	2.11500e+01
1.50100e+02	2.08900e+01
1.57100e+02	2.06100e+01
1.64300e+02	2.03200e+01
1.71900e+02	2.00200e+01
1.79800e+02	1.97100e+01
1.88200e+02	1.93800e+01
1.96800e+02	1.90500e+01
2.05900e+02	1.87100e+01
2.15400e+02	1.83600e+01
2.25400e+02	1.80000e+01
2.35800e+02	1.76400e+01
2.46700e+02	1.72800e+01
2.58100e+02	1.69100e+01
2.70000e+02	1.65400e+01
2.82500e+02	1.61600e+01
2.95500e+02	1.57900e+01
3.09200e+02	1.54200e+01
3.23400e+02	1.50500e+01
3.38400e+02	1.46800e+01
3.54000e+02	1.43100e+01
3.70400e+02	1.39400e+01
3.87500e+02	1.35800e+01
4.05400e+02	1.32200e+01
4.24100e+02	1.28600e+01
4.43700e+02	1.25100e+01
4.64200e+02	1.21600e+01
4.85600e+02	1.18200e+01
5.08000e+02	1.14800e+01
5.31500e+02	1.11500e+01
5.56000e+02	1.08300e+01
5.81700e+02	1.05100e+01
6.08600e+02	1.01900e+01
6.36700e+02	9.88600e+00
6.66100e+02	9.58400e+00
6.96800e+02	9.28900e+00
7.29000e+02	9.00100e+00
7.62700e+02	8.71800e+00
7.97900e+02	8.44300e+00
8.34800e+02	8.17400e+00
8.73300e+02	7.91100e+00
9.13700e+02	7.65500e+00
9.55900e+02	7.40500e+00
1.00000e+03	7.16200e+00
1.04600e+03	6.92500e+00
1.09400e+03	6.69500e+00
1.14500e+03	6.47100e+00
1.19800e+03	6.25300e+00
1.25300e+03	6.04100e+00
1.31100e+03	5.83600e+00
1.37200e+03	5.63600e+00
1.43500e+03	5.44200e+00
1.50100e+03	5.25400e+00
1.57100e+03	5.07200e+00
1.64300e+03	4.89500e+00
1.71900e+03	4.72400e+00
1.79800e+03	4.55700e+00
1.88200e+03	4.39600e+00
1.96800e+03	4.24100e+00
2.05900e+03	4.09000e+00
2.15400e+03	3.94400e+00
2.25400e+03	3.80200e+00
2.35800e+03	3.66600e+00
2.46700e+03	3.53300e+00
2.58100e+03	3.40500e+00
2.70000e+03	3.28200e+00
2.82500e+03	3.16200e+00
2.95500e+03	3.04700e+00
3.09200e+03	2.93500e+00
3.23400e+03	2.82800e+00
3.38400e+03	2.72400e+00
3.54000e+03	2.62300e+00
3.70400e+03	2.52600e+00
3.87500e+03	2.43200e+00
4.05400e+03	2.34200e+00
4.24100e+03	2.25500e+00
4.43700e+03	2.17100e+00
4.64200e+03	2.08900e+00
4.85600e+03	2.01100e+00
5.08000e+03	1.93600e+00
5.31500e+03	1.86300e+00
5.56000e+03	1.79300e+00
5.81700e+03	1.72500e+00
6.08600e+03	1.66000e+00
6.36700e+03	1.59700e+00
6.66100e+03	1.53600e+00
6.96800e+03	1.47800e+00
7.29000e+03	1.42200e+00
7.62700e+03	1.36700e+00
7.97900e+03	1.31500e+00
8.34800e+03	1.26500e+00
8.73300e+03	1.21600e+00
9.13700e+03	1.17000e+00
9.55900e+03	1.12500e+00
1.00000e+04	1.08200e+00
1.04600e+04	1.04000e+00
1.09400e+04	9.99900e-01
1.14500e+04	9.61300e-01
1.19800e+04	9.24100e-01
1.25300e+04	8.88400e-01
1.31100e+04	8.54000e-01
1.37200e+04	8.20900e-01
1.43500e+04	7.89000e-01
1.50100e+04	7.58400e-01
1.57100e+04	7.28900e-01
1.64300e+04	7.00500e-01
1.71900e+04	6.73200e-01
1.79800e+04	6.47000e-01
1.88200e+04	6.21700e-01
1.96800e+04	5.97400e-01
2.05900e+04	5.74100e-01
2.15400e+04	5.51600e-01
2.25400e+04	5.30000e-01
2.35800e+04	5.09200e-01
2.46700e+04	4.89200e-01
2.58100e+04	4.70000e-01
2.70000e+04	4.51500e-01
2.82500e+04	4.33800e-01
2.95500e+04	4.16700e-01
3.09200e+04	4.00300e-01
3.23400e+04	3.84500e-01
3.38400e+04	3.69300e-01
3.54000e+04	3.54800e-01
3.70400e+04	3.40700e-01
3.87500e+04	3.27300e-01
4.05400e+04	3.14300e-01
4.24100e+04	3.01900e-01
4.43700e+04	2.89900e-01
4.64200e+04	2.78400e-01
4.85600e+04	2.67400e-01
5.08000e+04	2.56800e-01
5.31500e+04	2.46600e-01
5.56000e+04	2.36800e-01
5.81700e+04	2.27400e-01
6.08600e+04	2.18300e-01
6.36700e+04	2.09600e-01
6.66100e+04	2.01300e-01
6.96800e+04	1.93300e-01
7.29000e+04	1.85600e-01
7.62700e+04	1.78200e-01
7.97900e+04	1.71100e-01
8.34800e+04	1.64200e-01
8.73300e+04	1.57700e-01
9.13700e+04	1.51400e-01
9.55900e+04	1.45300e-01
1.00000e+05	1.39500e-01
1.04600e+05	1.33900e-01
1.09400e+05	1.28500e-01
1.14500e+05	1.23400e-01
1.19800e+05	1.18400e-01
1.25300e+05	1.13700e-01
1.31100e+05	1.09100e-01
1.37200e+05	1.04800e-01
1.43500e+05	1.00500e-01
1.50100e+05	9.65100e-02
1.57100e+05	9.26300e-02
1.64300e+05	8.89000e-02
1.71900e+05	8.53300e-02
1.79800e+05	8.18900e-02
1.88200e+05	7.85900e-02
1.96800e+05	7.54300e-02
2.05900e+05	7.23900e-02
2.15400e+05	6.94700e-02
2.25400e+05	6.66700e-02
2.35800e+05	6.39800e-02
2.46700e+05	6.14000e-02
2.58100e+05	5.89200e-02
2.70000e+05	5.65400e-02
2.82500e+05	5.42500e-02
2.95500e+05	5.20600e-02
3.09200e+05	4.99500e-02
3.23400e+05	4.79300e-02
3.38400e+05	4.59900e-02
3.54000e+05	4.41300e-02
3.70400e+05	4.23400e-02
3.87500e+05	4.06300e-02
4.05400e+05	3.89800e-02
4.24100e+05	3.74000e-02
4.43700e+05	3.58800e-02
4.64200e+05	3.44300e-02
4.85600e+05	3.30300e-02
5.08000e+05	3.16900e-02
5.31500e+05	3.04000e-02
5.56000e+05	2.91700e-02
5.81700e+05	2.79800e-02
6.08600e+05	2.68500e-02
6.36700e+05	2.57500e-02
6.66100e+05	2.47100e-02
6.96800e+05	2.37000e-02
7.29000e+05	2.27400e-02
7.62700e+05	2.18100e-02
7.97900e+05	2.09200e-02
8.34800e+05	2.00700e-02
8.73300e+05	1.92500e-02
9.13700e+05	1.84700e-02
9.55900e+05	1.77100e-02
1.00000e+06	1.69900e-02
