# C3N cross section
256
1.00000e+01	0.00000e+00
1.04600e+01	0.00000e+00
1.09400e+01	0.00000e+00
1.14500e+01	0.00000e+00
1.19800e+01	3.25300e-02
1.25300e+01	2.53800e-01
1.31100e+01	5.87800e-01
1.37200e+01	9.52700e-01
1.43500e+01	1.38200e+00
1.50100e+01	2.02200e+00
1.57100e+01	2.79800e+00
1.64300e+01	3.61900e+00
1.71900e+01	4.49300e+00
1.79800e+01	5.38300e+00
1.88200e+01	6.28000e+00
1.96800e+01	7.17700e+00
2.05900e+01	8.06900e+00
2.15400e+01	8.95000e+00
2.25400e+01	9.83500e+00
2.35800e+01	1.07400e+01
2.46700e+01	1.16200e+01
2.58100e+01	1.24800e+01
2.70000e+01	1.33200e+01
2.82500e+01	1.41500e+01
2.95500e+01	1.49400e+01
3.09200e+01	1.57200e+01
3.23400e+01	1.64700e+01
3.38400e+01	1.71800e+01
3.54000e+01	1.78800e+01
3.70400e+01	1.85400e+01
3.87500e+01	1.91700e+01
4.05400e+01	1.97600e+01
4.24100e+01	2.03100e+01
4.43700e+01	2.08100e+01
4.64200e+01	2.12800e+01
4.85600e+01	2.17000e+01
5.08000e+01	2.20900e+01
5.31500e+01	2.24300e+01
5.56000e+01	2.27300e+01
5.81700e+01	2.29900e+01
6.08600e+01	2.32100e+01
6.36700e+01	2.34000e+01
6.66100e+01	2.35400e+01
6.96800e+01	2.36500e+01
7.29000e+01	2.37200e+01
7.62700e+01	2.37600e+01
7.97900e+01	2.37700e+01
8.34800e+01	2.37400e+01
8.73300e+01	2.36800e+01
9.13700e+01	2.35900e+01
9.55900e+01	2.34800e+01
1.00000e+02	2.33300e+01
1.04600e+02	2.31700e+01
1.09400e+02	2.29700e+01
1.14500e+02	2.27600e+01
1.19800e+02	2.25300e+01
1.25300e+02	2.22700e+01
1.31100e+02	2.20000e+01
1.37200e+02	2.17100e+01
1.43500e+02	2.14100e+01
1.50100e+02	2.10900e+01
1.57100e+02	2.07600e+01
1.64300e+02	2.04200e+01
1.71900e+02	2.00700e+01
1.79800e+02	1.97100e+01
1.88200e+02	1.93400e+01
1.96800e+02	1.89600e+01
2.05900e+02	1.85800e+01
2.15400e+02	1.82000e+01
2.25400e+02	1.78100e+01
2.35800e+02	1.74200e+01
2.46700e+02	1.70300e+01
2.58100e+02	1.66400e+01
2.70000e+02	1.62400e+01
2.82500e+02	1.58500e+01
2.95500e+02	1.54600e+01
3.09200e+02	1.50700e+01
3.23400e+02	1.46900e+01
3.38400e+02	1.43000e+01
3.54000e+02	1.39200e+01
3.70400e+02	1.35500e+01
3.87500e+02	1.31800e+01
4.05400e+02	1.28100e+01
4.24100e+02	1.24500e+01
4.43700e+02	1.21000e+01
4.64200e+02	1.17500e+01
4.85600e+02	1.14100e+01
5.08000e+02	1.10700e+01
5.31500e+02	1.07400e+01
5.56000e+02	1.04200e+01
5.81700e+02	1.01000e+01
6.08600e+02	9.79000e+00
6.36700e+02	9.48600e+00
6.66100e+02	9.18900e+00
6.96800e+02	8.89900e+00
7.29000e+02	8.61600e+00
7.62700e+02	8.33900e+00
7.97900e+02	8.07000e+00
8.34800e+02	7.80700e+00
8.73300e+02	7.55100e+00
9.13700e+02	7.30200e+00
9.55900e+02	7.06000e+00
1.00000e+03	6.82400e+00
1.04600e+03	6.59500e+00
1.09400e+03	6.37200e+00
1.14500e+03	6.15500e+00
1.19800e+03	5.94500e+00
1.25300e+03	5.74100e+00
1.31100e+03	5.54300e+00
1.37200e+03	5.35100e+00
1.43500e+03	5.16500e+00
1.50100e+03	4.98400e+00
1.57100e+03	4.80900e+00
1.64300e+03	4.64000e+00
1.71900e+03	4.47500e+00
1.79800e+03	4.31700e+00
1.88200e+03	4.16300e+00
1.96800e+03	4.01400e+00
2.05900e+03	3.87000e+00
2.15400e+03	3.73000e+00
2.25400e+03	3.59600e+00
2.35800e+03	3.46500e+00
2.46700e+03	3.33900e+00
2.58100e+03	3.21800e+00
2.70000e+03	3.10000e+00
2.82500e+03	2.98600e+00
2.95500e+03	2.87700e+00
3.09200e+03	2.77100e+00
3.23400e+03	2.66800e+00
3.38400e+03	2.57000e+00
3.54000e+03	2.47400e+00
3.70400e+03	2.38200e+00
3.87500e+03	2.29400e+00
4.05400e+03	2.20800e+00
4.24100e+03	2.12500e+00
4.43700e+03	2.04600e+00
4.64200e+03	1.96900e+00
4.85600e+03	1.89500e+00
5.08000e+03	1.82300e+00
5.31500e+03	1.75400e+00
5.56000e+03	1.68800e+00
5.81700e+03	1.62400e+00
6.08600e+03	1.56300e+00
6.36700e+03	1.50300e+00
6.66100e+03	1.44600e+00
6.96800e+03	1.39100e+00
7.29000e+03	1.33800e+00
7.62700e+03	1.28600e+00
7.97900e+03	1.23700e+00
8.34800e+03	1.19000e+00
8.73300e+03	1.14400e+00
9.13700e+03	1.10000e+00
9.55900e+03	1.05800e+00
1.00000e+04	1.01700e+00
1.04600e+04	9.77800e-01
1.09400e+04	9.40000e-01
1.14500e+04	9.03600e-01
1.19800e+04	8.68600e-01
1.25300e+04	8.35000e-01
1.31100e+04	8.02600e-01
1.37200e+04	7.71400e-01
1.43500e+04	7.41400e-01
1.50100e+04	7.12500e-01
1.57100e+04	6.84800e-01
1.64300e+04	6.58100e-01
1.71900e+04	6.32400e-01
1.79800e+04	6.07700e-01
1.88200e+04	5.83900e-01
1.96800e+04	5.61100e-01
2.05900e+04	5.39100e-01
2.15400e+04	5.18000e-01
2.25400e+04	4.97700e-01
2.35800e+04	4.78100e-01
2.46700e+04	4.59300e-01
2.58100e+04	4.41300e-01
2.70000e+04	4.23900e-01
2.82500e+04	4.07200e-01
2.95500e+04	3.91100e-01
3.09200e+04	3.75700e-01
3.23400e+04	3.60900e-01
3.38400e+04	3.46600e-01
3.54000e+04	3.32900e-01
3.70400e+04	3.19800e-01
3.87500e+04	3.07100e-01
4.05400e+04	2.94900e-01
4.24100e+04	2.83300e-01
4.43700e+04	2.72000e-01
4.64200e+04	2.61200e-01
4.85600e+04	2.50900e-01
5.08000e+04	2.40900e-01
5.31500e+04	2.31300e-01
5.56000e+04	2.22100e-01
5.81700e+04	2.13300e-01
6.08600e+04	2.04800e-01
6.36700e+04	1.96600e-01
6.66100e+04	1.88800e-01
6.96800e+04	1.81300e-01
7.29000e+04	1.74000e-01
7.62700e+04	1.67100e-01
7.97900e+04	1.60400e-01
8.34800e+04	1.54000e-01
8.73300e+04	1.47800e-01
9.13700e+04	1.41900e-01
9.55900e+04	1.36200e-01
1.00000e+05	1.30800e-01
1.04600e+05	1.25500e-01
1.09400e+05	1.20500e-01
1.14500e+05	1.15700e-01
1.19800e+05	1.11000e-01
1.25300e+05	1.06600e-01
1.31100e+05	1.02300e-01
1.37200e+05	9.81900e-02
1.43500e+05	9.42500e-02
1.50100e+05	9.04600e-02
1.57100e+05	8.68200e-02
1.64300e+05	8.33300e-02
1.71900e+05	7.99700e-02
1.79800e+05	7.67500e-02
1.88200e+05	7.36600e-02
1.96800e+05	7.06900e-02
2.05900e+05	6.78400e-02
2.15400e+05	6.51000e-02
2.25400e+05	6.24700e-02
2.35800e+05	5.99500e-02
2.46700e+05	5.75300e-02
2.58100e+05	5.52100e-02
2.70000e+05	5.29700e-02
2.82500e+05	5.08300e-02
2.95500e+05	4.87800e-02
3.09200e+05	4.68000e-02
3.23400e+05	4.49100e-02
3.38400e+05	4.30900e-02
3.54000e+05	4.13400e-02
3.70400e+05	3.96700e-02
3.87500e+05	3.80600e-02
4.05400e+05	3.65200e-02
4.24100e+05	3.50400e-02
4.43700e+05	3.36100e-02
4.64200e+05	3.22500e-02
4.85600e+05	3.09400e-02
5.08000e+05	2.96800e-02
5.31500e+05	2.84800e-02
5.56000e+05	2.73200e-02
5.81700e+05	2.62100e-02
6.08600e+05	2.51400e-02
6.36700e+05	2.41200e-02
6.66100e+05	2.31400e-02
6.96800e+05	2.22000e-02
7.29000e+05	2.12900e-02
7.62700e+05	2.04300e-02
7.97900e+05	1.95900e-02
8.34800e+05	1.87900e-02
8.73300e+05	1.80300e-02
9.13700e+05	1.72900e-02
9.55900e+05	1.65900e-02
1.00000e+06	1.59100e-02
