# C5 cross section
256
1.00000e+01	0.00000e+00
1.04600e+01	0.00000e+00
1.09400e+01	0.00000e+00
1.14500e+01	0.00000e+00
1.19800e+01	2.31600e-01
1.25300e+01	9.26200e-01
1.31100e+01	1.67500e+00
1.37200e+01	2.46700e+00
1.43500e+01	3.28900e+00
1.50100e+01	4.34200e+00
1.57100e+01	5.49200e+00
1.64300e+01	6.66500e+00
1.71900e+01	7.85100e+00
1.79800e+01	9.04000e+00
1.88200e+01	1.02200e+01
1.96800e+01	1.13900e+01
2.05900e+01	1.25400e+01
2.15400e+01	1.36700e+01
2.25400e+01	1.47600e+01
2.35800e+01	1.58600e+01
2.46700e+01	1.69500e+01
2.58100e+01	1.79900e+01
2.70000e+01	1.89900e+01
2.82500e+01	1.99500e+01
2.95500e+01	2.08700e+01
3.09200e+01	2.17800e+01
3.23400e+01	2.26600e+01
3.38400e+01	2.35300e+01
3.54000e+01	2.43600e+01
3.70400e+01	2.51300e+01
3.87500e+01	2.58500e+01
4.05400e+01	2.65300e+01
4.24100e+01	2.71500e+01
4.43700e+01	2.77200e+01
4.64200e+01	2.82300e+01
4.85600e+01	2.86900e+01
5.08000e+01	2.91000e+01
5.31500e+01	2.94600e+01
5.56000e+01	2.97700e+01
5.81700e+01	3.00200e+01
6.08600e+01	3.02300e+01
6.36700e+01	3.03900e+01
6.66100e+01	3.05000e+01
6.96800e+01	3.05600e+01
7.29000e+01	3.05900e+01
7.62700e+01	3.05700e+01
7.97900e+01	3.05100e+01
8.34800e+01	3.04100e+01
8.73300e+01	3.02700e+01
9.13700e+01	3.01000e+01
9.55900e+01	2.98900e+01
1.00000e+02	2.96600e+01
1.04600e+02	2.93900e+01
1.09400e+02	2.91000e+01
1.14500e+02	2.87800e+01
1.19800e+02	2.84400e+01
1.25300e+02	2.80800e+01
1.31100e+02	2.76900e+01
1.37200e+02	2.72900e+01
1.43500e+02	2.68700e+01
1.50100e+02	2.64400e+01
1.57100e+02	2.59900e+01
1.64300e+02	2.55300e+01
1.71900e+02	2.50600e+01
1.79800e+02	2.45800e+01
1.88200e+02	2.40900e+01
1.96800e+02	2.36000e+01
2.05900e+02	2.31000e+01
2.15400e+02	2.26000e+01
2.25400e+02	2.21000e+01
2.35800e+02	2.15900e+01
2.46700e+02	2.10900e+01
2.58100e+02	2.05800e+01
2.70000e+02	2.00800e+01
2.82500e+02	1.95800e+01
2.95500e+02	1.90800e+01
3.09200e+02	1.85900e+01
3.23400e+02	1.81000e+01
3.38400e+02	1.76100e+01
3.54000e+02	1.71400e+01
3.70400e+02	1.66600e+01
3.87500e+02	1.62000e+01
4.05400e+02	1.57400e+01
4.24100e+02	1.52900e+01
4.43700e+02	1.48500e+01
4.64200e+02	1.44100e+01
4.85600e+02	1.39800e+01
5.08000e+02	1.35700e+01
5.31500e+02	1.31500e+01
5.56000e+02	1.27500e+01
5.81700e+02	1.23600e+01
6.08600e+02	1.19700e+01
6.36700e+02	1.16000e+01
6.66100e+02	1.12300e+01
6.96800e+02	1.08700e+01
7.29000e+02	1.05200e+01
7.62700e+02	1.01800e+01
7.97900e+02	9.84900e+00
8.34800e+02	9.52600e+00
8.73300e+02	9.21100e+00
9.13700e+02	8.90500e+00
9.55900e+02	8.60700e+00
1.00000e+03	8.31700e+00
1.04600e+03	8.03600e+00
1.09400e+03	7.76200e+00
1.14500e+03	7.49700e+00
1.19800e+03	7.23900e+00
1.25300e+03	6.98900e+00
1.31100e+03	6.74700e+00
1.37200e+03	6.51200e+00
1.43500e+03	6.28400e+00
1.50100e+03	6.06300e+00
1.57100e+03	5.84900e+00
1.64300e+03	5.64200e+00
1.71900e+03	5.44200e+00
1.79800e+03	5.24800e+00
1.88200e+03	5.06000e+00
1.96800e+03	4.87800e+00
2.05900e+03	4.70300e+00
2.15400e+03	4.53300e+00
2.25400e+03	4.36800e+00
2.35800e+03	4.21000e+00
2.46700e+03	4.05600e+00
2.58100e+03	3.90800e+00
2.70000e+03	3.76500e+00
2.82500e+03	3.62600e+00
2.95500e+03	3.49300e+00
3.09200e+03	3.36400e+00
3.23400e+03	3.23900e+00
3.38400e+03	3.11900e+00
3.54000e+03	3.00300e+00
3.70400e+03	2.89100e+00
3.87500e+03	2.78300e+00
4.05400e+03	2.67900e+00
4.24100e+03	2.57900e+00
4.43700e+03	2.48200e+00
4.64200e+03	2.38900e+00
4.85600e+03	2.29800e+00
5.08000e+03	2.21200e+00
5.31500e+03	2.12800e+00
5.56000e+03	2.04700e+00
5.81700e+03	1.97000e+00
6.08600e+03	1.89500e+00
6.36700e+03	1.82300e+00
6.66100e+03	1.75300e+00
6.96800e+03	1.68600e+00
7.29000e+03	1.62200e+00
7.62700e+03	1.56000e+00
7.97900e+03	1.50000e+00
8.34800e+03	1.44200e+00
8.73300e+03	1.38700e+00
9.13700e+03	1.33300e+00
9.55900e+03	1.28200e+00
1.00000e+04	1.23300e+00
1.04600e+04	1.18500e+00
1.09400e+04	1.13900e+00
1.14500e+04	1.09500e+00
1.19800e+04	1.05300e+00
1.25300e+04	1.01200e+00
1.31100e+04	9.72500e-01
1.37200e+04	9.34700e-01
1.43500e+04	8.98300e-01
1.50100e+04	8.63400e-01
1.57100e+04	8.29700e-01
1.64300e+04	7.97300e-01
1.71900e+04	7.66200e-01
1.79800e+04	7.36200e-01
1.88200e+04	7.07400e-01
1.96800e+04	6.79700e-01
2.05900e+04	6.53100e-01
2.15400e+04	6.27400e-01
2.25400e+04	6.02800e-01
2.35800e+04	5.79100e-01
2.46700e+04	5.56400e-01
2.58100e+04	5.34500e-01
2.70000e+04	5.13400e-01
2.82500e+04	4.93200e-01
2.95500e+04	4.73700e-01
3.09200e+04	4.55000e-01
3.23400e+04	4.37100e-01
3.38400e+04	4.19800e-01
3.54000e+04	4.03200e-01
3.70400e+04	3.87200e-01
3.87500e+04	3.71900e-01
4.05400e+04	3.57200e-01
4.24100e+04	3.43000e-01
4.43700e+04	3.29400e-01
4.64200e+04	3.16300e-01
4.85600e+04	3.03800e-01
5.08000e+04	2.91700e-01
5.31500e+04	2.80100e-01
5.56000e+04	2.68900e-01
5.81700e+04	2.58200e-01
6.08600e+04	2.47900e-01
6.36700e+04	2.38100e-01
6.66100e+04	2.28600e-01
6.96800e+04	2.19500e-01
7.29000e+04	2.10700e-01
7.62700e+04	2.02300e-01
7.97900e+04	1.94200e-01
8.34800e+04	1.86400e-01
8.73300e+04	1.79000e-01
9.13700e+04	1.71800e-01
9.55900e+04	1.64900e-01
1.00000e+05	1.58300e-01
1.04600e+05	1.52000e-01
1.09400e+05	1.45900e-01
1.14500e+05	1.40000e-01
1.19800e+05	1.34400e-01
1.25300e+05	1.29000e-01
1.31100e+05	1.23800e-01
1.37200e+05	1.18900e-01
1.43500e+05	1.14100e-01
1.50100e+05	1.09500e-01
1.57100e+05	1.05100e-01
1.64300e+05	1.00900e-01
1.71900e+05	9.67900e-02
1.79800e+05	9.28900e-02
1.88200e+05	8.91500e-02
1.96800e+05	8.55500e-02
2.05900e+05	8.21000e-02
2.15400e+05	7.87900e-02
2.25400e+05	7.56100e-02
2.35800e+05	7.25500e-02
2.46700e+05	6.96200e-02
2.58100e+05	6.68100e-02
2.70000e+05	6.41100e-02
2.82500e+05	6.15200e-02
2.95500e+05	5.90300e-02
3.09200e+05	5.66400e-02
3.23400e+05	5.43400e-02
3.38400e+05	5.21400e-02
3.54000e+05	5.00300e-02
3.70400e+05	4.80000e-02
3.87500e+05	4.60600e-02
4.05400e+05	4.41900e-02
4.24100e+05	4.24000e-02
4.43700e+05	4.06700e-02
4.64200e+05	3.90200e-02
4.85600e+05	3.74400e-02
5.08000e+05	3.59200e-02
5.31500e+05	3.44600e-02
5.56000e+05	3.30600e-02
5.81700e+05	3.17100e-02
6.08600e+05	3.04200e-02
6.36700e+05	2.91800e-02
6.66100e+05	2.80000e-02
6.96800e+05	2.68600e-02
7.29000e+05	2.57600e-02
7.62700e+05	2.47100e-02
7.97900e+05	2.37100e-02
8.34800e+05	2.27400e-02
8.73300e+05	2.18100e-02
9.13700e+05	2.09200e-02
9.55900e+05	2.00700e-02
1.00000e+06	1.92500e-02
