# C5N cross section
256
1.00000e+01	0.00000e+00
1.04600e+01	0.00000e+00
1.09400e+01	0.00000e+00
1.14500e+01	3.68800e-02
1.19800e+01	2.76600e-01
1.25300e+01	6.33900e-01
1.31100e+01	1.01600e+00
1.37200e+01	1.47100e+00
1.43500e+01	2.22200e+00
1.50100e+01	3.10700e+00
1.57100e+01	4.23500e+00
1.64300e+01	5.44700e+00
1.71900e+01	6.69100e+00
1.79800e+01	7.95400e+00
1.88200e+01	9.22400e+00
1.96800e+01	1.04900e+01
2.05900e+01	1.17800e+01
2.15400e+01	1.30900e+01
2.25400e+01	1.43900e+01
2.35800e+01	1.57200e+01
2.46700e+01	1.70100e+01
2.58100e+01	1.82800e+01
2.70000e+01	1.95000e+01
2.82500e+01	2.06800e+01
2.95500e+01	2.18200e+01
3.09200e+01	2.29300e+01
3.23400e+01	2.40300e+01
3.38400e+01	2.50700e+01
3.54000e+01	2.60700e+01
3.70400e+01	2.70300e+01
3.87500e+01	2.79200e+01
4.05400e+01	2.87600e+01
4.24100e+01	2.95500e+01
4.43700e+01	3.02800e+01
4.64200e+01	3.09600e+01
4.85600e+01	3.15700e+01
5.08000e+01	3.21200e+01
5.31500e+01	3.26100e+01
5.56000e+01	3.30400e+01
5.81700e+01	3.34200e+01
6.08600e+01	3.37300e+01
6.36700e+01	3.40000e+01
6.66100e+01	3.42000e+01
6.96800e+01	3.43500e+01
7.29000e+01	3.44500e+01
7.62700e+01	3.45000e+01
7.97900e+01	3.45100e+01
8.34800e+01	3.44600e+01
8.73300e+01	3.43700e+01
9.13700e+01	3.42400e+01
9.55900e+01	3.40700e+01
1.00000e+02	3.38600e+01
1.04600e+02	3.36100e+01
1.09400e+02	3.33300e+01
1.14500e+02	3.30100e+01
1.19800e+02	3.26700e+01
1.25300e+02	3.23000e+01
1.31100e+02	3.19000e+01
1.37200e+02	3.14800e+01
1.43500e+02	3.10400e+01
1.50100e+02	3.05700e+01
1.57100e+02	3.00900e+01
1.64300e+02	2.95900e+01
1.71900e+02	2.90800e+01
1.79800e+02	2.85600e+01
1.88200e+02	2.80200e+01
1.96800e+02	2.74800e+01
2.05900e+02	2.69200e+01
2.15400e+02	2.63700e+01
2.25400e+02	2.58000e+01
2.35800e+02	2.52400e+01
2.46700e+02	2.46700e+01
2.58100e+02	2.41000e+01
2.70000e+02	2.35300e+01
2.82500e+02	2.29600e+01
2.95500e+02	2.23900e+01
3.09200e+02	2.18200e+01
3.23400e+02	2.12700e+01
3.38400e+02	2.07100e+01
3.54000e+02	2.01600e+01
3.70400e+02	1.96200e+01
3.87500e+02	1.90800e+01
4.05400e+02	1.85500e+01
4.24100e+02	1.80300e+01
4.43700e+02	1.75200e+01
4.64200e+02	1.70100e+01
4.85600e+02	1.65200e+01
5.08000e+02	1.60300e+01
5.31500e+02	1.55500e+01
5.56000e+02	1.50800e+01
5.81700e+02	1.46200e+01
6.08600e+02	1.41700e+01
6.36700e+02	1.37300e+01
6.66100e+02	1.33000e+01
6.96800e+02	1.28800e+01
7.29000e+02	1.24700e+01
7.62700e+02	1.20700e+01
7.97900e+02	1.16800e+01
8.34800e+02	1.13000e+01
8.73300e+02	1.09300e+01
9.13700e+02	1.05700e+01
9.55900e+02	1.02200e+01
1.00000e+03	9.88100e+00
1.04600e+03	9.54900e+00
1.09400e+03	9.22600e+00
1.14500e+03	8.91300e+00
1.19800e+03	8.60900e+00
1.25300e+03	8.31300e+00
1.31100e+03	8.02700e+00
1.37200e+03	7.74900e+00
1.43500e+03	7.47900e+00
1.50100e+03	7.21800e+00
1.57100e+03	6.96400e+00
1.64300e+03	6.71900e+00
1.71900e+03	6.48100e+00
1.79800e+03	6.25100e+00
1.88200e+03	6.02900e+00
1.96800e+03	5.81300e+00
2.05900e+03	5.60500e+00
2.15400e+03	5.40300e+00
2.25400e+03	5.20800e+00
2.35800e+03	5.01900e+00
2.46700e+03	4.83700e+00
2.58100e+03	4.66100e+00
2.70000e+03	4.49000e+00
2.82500e+03	4.32600e+00
2.95500e+03	4.16700e+00
3.09200e+03	4.01400e+00
3.23400e+03	3.86500e+00
3.38400e+03	3.72200e+00
3.54000e+03	3.58400e+00
3.70400e+03	3.45100e+00
3.87500e+03	3.32300e+00
4.05400e+03	3.19900e+00
4.24100e+03	3.07900e+00
4.43700e+03	2.96400e+00
4.64200e+03	2.85200e+00
4.85600e+03	2.74500e+00
5.08000e+03	2.64200e+00
5.31500e+03	2.54200e+00
5.56000e+03	2.44600e+00
5.81700e+03	2.35300e+00
6.08600e+03	2.26400e+00
6.36700e+03	2.17800e+00
6.66100e+03	2.09500e+00
6.96800e+03	2.01500e+00
7.29000e+03	1.93800e+00
7.62700e+03	1.86400e+00
7.97900e+03	1.79300e+00
8.34800e+03	1.72400e+00
8.73300e+03	1.65800e+00
9.13700e+03	1.59400e+00
9.55900e+03	1.53300e+00
1.00000e+04	1.47400e+00
1.04600e+04	1.41700e+00
1.09400e+04	1.36200e+00
1.14500e+04	1.30900e+00
1.19800e+04	1.25900e+00
1.25300e+04	1.21000e+00
1.31100e+04	1.16300e+00
1.37200e+04	1.11800e+00
1.43500e+04	1.07400e+00
1.50100e+04	1.03300e+00
1.57100e+04	9.92300e-01
1.64300e+04	9.53600e-01
1.71900e+04	9.16400e-01
1.79800e+04	8.80600e-01
1.88200e+04	8.46200e-01
1.96800e+04	8.13100e-01
2.05900e+04	7.81300e-01
2.15400e+04	7.50600e-01
2.25400e+04	7.21200e-01
2.35800e+04	6.92900e-01
2.46700e+04	6.65700e-01
2.58100e+04	6.39500e-01
2.70000e+04	6.14300e-01
2.82500e+04	5.90100e-01
2.95500e+04	5.66900e-01
3.09200e+04	5.44500e-01
3.23400e+04	5.23000e-01
3.38400e+04	5.02400e-01
3.54000e+04	4.82500e-01
3.70400e+04	4.63400e-01
3.87500e+04	4.45100e-01
4.05400e+04	4.27500e-01
4.24100e+04	4.10500e-01
4.43700e+04	3.94300e-01
4.64200e+04	3.78600e-01
4.85600e+04	3.63600e-01
5.08000e+04	3.49100e-01
5.31500e+04	3.35300e-01
5.56000e+04	3.21900e-01
5.81700e+04	3.09100e-01
6.08600e+04	2.96800e-01
6.36700e+04	2.85000e-01
6.66100e+04	2.73600e-01
6.96800e+04	2.62700e-01
7.29000e+04	2.52200e-01
7.62700e+04	2.42200e-01
7.97900e+04	2.32500e-01
8.34800e+04	2.23200e-01
8.73300e+04	2.14300e-01
9.13700e+04	2.05700e-01
9.55900e+04	1.97500e-01
1.00000e+05	1.89600e-01
1.04600e+05	1.82000e-01
1.09400e+05	1.74700e-01
1.14500e+05	1.67700e-01
1.19800e+05	1.61000e-01
1.25300e+05	1.54500e-01
1.31100e+05	1.48300e-01
1.37200e+05	1.42300e-01
1.43500e+05	1.36600e-01
1.50100e+05	1.31100e-01
1.57100e+05	1.25800e-01
1.64300e+05	1.20800e-01
1.71900e+05	1.15900e-01
1.79800e+05	1.11300e-01
1.88200e+05	1.06800e-01
1.96800e+05	1.02500e-01
2.05900e+05	9.83400e-02
2.15400e+05	9.43700e-02
2.25400e+05	9.05600e-02
2.35800e+05	8.69100e-02
2.46700e+05	8.34000e-02
2.58100e+05	8.00300e-02
2.70000e+05	7.67900e-02
2.82500e+05	7.36900e-02
2.95500e+05	7.07100e-02
3.09200e+05	6.78500e-02
3.23400e+05	6.51000e-02
3.38400e+05	6.24600e-02
3.54000e+05	5.99300e-02
3.70400e+05	5.75100e-02
3.87500e+05	5.51800e-02
4.05400e+05	5.29400e-02
4.24100e+05	5.07900e-02
4.43700e+05	4.87300e-02
4.64200e+05	4.67500e-02
4.85600e+05	4.48500e-02
5.08000e+05	4.30300e-02
5.31500e+05	4.12800e-02
5.56000e+05	3.96100e-02
5.81700e+05	3.80000e-02
6.08600e+05	3.64500e-02
6.36700e+05	3.49700e-02
6.66100e+05	3.35400e-02
6.96800e+05	3.21800e-02
7.29000e+05	3.08700e-02
7.62700e+05	2.96100e-02
7.97900e+05	2.84100e-02
8.34800e+05	2.72500e-02
8.73300e+05	2.61400e-02
9.13700e+05	2.50700e-02
9.55900e+05	2.40500e-02
1.00000e+06	2.30700e-02
