# C6H2 cross section
256
1.00000e+01	3.24900e-01
1.04600e+01	7.20700e-01
1.09400e+01	1.29000e+00
1.14500e+01	2.02000e+00
1.19800e+01	2.82500e+00
1.25300e+01	3.80700e+00
1.31100e+01	4.82200e+00
1.37200e+01	5.94500e+00
1.43500e+01	7.27100e+00
1.50100e+01	8.65900e+00
1.57100e+01	1.00600e+01
1.64300e+01	1.14700e+01
1.71900e+01	1.29900e+01
1.79800e+01	1.45500e+01
1.88200e+01	1.61400e+01
1.96800e+01	1.77200e+01
2.05900e+01	1.92600e+01
2.15400e+01	2.07700e+01
2.25400e+01	2.22400e+01
2.35800e+01	2.36600e+01
2.46700e+01	2.50300e+01
2.58100e+01	2.63800e+01
2.70000e+01	2.77200e+01
2.82500e+01	2.90000e+01
2.95500e+01	3.02300e+01
3.09200e+01	3.14500e+01
3.23400e+01	3.26300e+01
3.38400e+01	3.37600e+01
3.54000e+01	3.48300e+01
3.70400e+01	3.58300e+01
3.87500e+01	3.67600e+01
4.05400e+01	3.76200e+01
4.24100e+01	3.84100e+01
4.43700e+01	3.91200e+01
4.64200e+01	3.97700e+01
4.85600e+01	4.03400e+01
5.08000e+01	4.08300e+01
5.31500e+01	4.12600e+01
5.56000e+01	4.16200e+01
5.81700e+01	4.19100e+01
6.08600e+01	4.21300e+01
6.36700e+01	4.22900e+01
6.66100e+01	4.23800e+01
6.96800e+01	4.24200e+01
7.29000e+01	4.23900e+01
7.62700e+01	4.23100e+01
7.97900e+01	4.21800e+01
8.34800e+01	4.19900e+01
8.73300e+01	4.17600e+01
9.13700e+01	4.14800e+01
9.55900e+01	4.11600e+01
1.00000e+02	4.07900e+01
1.04600e+02	4.03900e+01
1.09400e+02	3.99500e+01
1.14500e+02	3.94800e+01
1.19800e+02	3.89800e+01
1.25300e+02	3.84500e+01
1.31100e+02	3.78900e+01
1.37200e+02	3.73100e+01
1.43500e+02	3.67100e+01
1.50100e+02	3.60900e+01
1.57100e+02	3.54600e+01
1.64300e+02	3.48100e+01
1.71900e+02	3.41400e+01
1.79800e+02	3.34700e+01
1.88200e+02	3.27900e+01
1.96800e+02	3.21000e+01
2.05900e+02	3.14100e+01
2.15400e+02	3.07100e+01
2.25400e+02	3.00100e+01
2.35800e+02	2.93100e+01
2.46700e+02	2.86100e+01
2.58100e+02	2.79100e+01
2.70000e+02	2.72200e+01
2.82500e+02	2.65300e+01
2.95500e+02	2.58400e+01
3.09200e+02	2.51600e+01
3.23400e+02	2.44900e+01
3.38400e+02	2.38300e+01
3.54000e+02	2.31700e+01
3.70400e+02	2.25300e+01
3.87500e+02	2.18900e+01
4.05400e+02	2.12600e+01
4.24100e+02	2.06500e+01
4.43700e+02	2.00400e+01
4.64200e+02	1.94500e+01
4.85600e+02	1.88700e+01
5.08000e+02	1.83000e+01
5.31500e+02	1.77400e+01
5.56000e+02	1.71900e+01
5.81700e+02	1.66600e+01
6.08600e+02	1.61300e+01
6.36700e+02	1.56200e+01
6.66100e+02	1.51200e+01
6.96800e+02	1.46400e+01
7.29000e+02	1.41600e+01
7.62700e+02	1.37000e+01
7.97900e+02	1.32500e+01
8.34800e+02	1.28100e+01
8.73300e+02	1.23900e+01
9.13700e+02	1.19700e+01
9.55900e+02	1.15700e+01
1.00000e+03	1.11800e+01
1.04600e+03	1.08000e+01
1.09400e+03	1.04300e+01
1.14500e+03	1.00700e+01
1.19800e+03	9.72300e+00
1.25300e+03	9.38600e+00
1.31100e+03	9.05900e+00
1.37200e+03	8.74200e+00
1.43500e+03	8.43500e+00
1.50100e+03	8.13800e+00
1.57100e+03	7.85000e+00
1.64300e+03	7.57100e+00
1.71900e+03	7.30100e+00
1.79800e+03	7.03900e+00
1.88200e+03	6.78700e+00
1.96800e+03	6.54200e+00
2.05900e+03	6.30600e+00
2.15400e+03	6.07700e+00
2.25400e+03	5.85600e+00
2.35800e+03	5.64300e+00
2.46700e+03	5.43700e+00
2.58100e+03	5.23700e+00
2.70000e+03	5.04500e+00
2.82500e+03	4.85900e+00
2.95500e+03	4.68000e+00
3.09200e+03	4.50600e+00
3.23400e+03	4.33900e+00
3.38400e+03	4.17800e+00
3.54000e+03	4.02200e+00
3.70400e+03	3.87200e+00
3.87500e+03	3.72700e+00
4.05400e+03	3.58800e+00
4.24100e+03	3.45300e+00
4.43700e+03	3.32300e+00
4.64200e+03	3.19800e+00
4.85600e+03	3.07700e+00
5.08000e+03	2.96000e+00
5.31500e+03	2.84800e+00
5.56000e+03	2.74000e+00
5.81700e+03	2.63600e+00
6.08600e+03	2.53600e+00
6.36700e+03	2.43900e+00
6.66100e+03	2.34600e+00
6.96800e+03	2.25600e+00
7.29000e+03	2.17000e+00
7.62700e+03	2.08700e+00
7.97900e+03	2.00600e+00
8.34800e+03	1.92900e+00
8.73300e+03	1.85500e+00
9.13700e+03	1.78400e+00
9.55900e+03	1.71500e+00
1.00000e+04	1.64900e+00
1.04600e+04	1.58500e+00
1.09400e+04	1.52300e+00
1.14500e+04	1.46400e+00
1.19800e+04	1.40800e+00
1.25300e+04	1.35300e+00
1.31100e+04	1.30000e+00
1.37200e+04	1.25000e+00
1.43500e+04	1.20100e+00
1.50100e+04	1.15400e+00
1.57100e+04	1.10900e+00
1.64300e+04	1.06600e+00
1.71900e+04	1.02400e+00
1.79800e+04	9.84100e-01
1.88200e+04	9.45600e-01
1.96800e+04	9.08500e-01
2.05900e+04	8.72900e-01
2.15400e+04	8.38600e-01
2.25400e+04	8.05700e-01
2.35800e+04	7.74000e-01
2.46700e+04	7.43500e-01
2.58100e+04	7.14200e-01
2.70000e+04	6.86100e-01
2.82500e+04	6.59000e-01
2.95500e+04	6.33000e-01
3.09200e+04	6.08000e-01
3.23400e+04	5.84000e-01
3.38400e+04	5.60900e-01
3.54000e+04	5.38700e-01
3.70400e+04	5.17400e-01
3.87500e+04	4.96900e-01
4.05400e+04	4.77200e-01
4.24100e+04	4.58300e-01
4.43700e+04	4.40100e-01
4.64200e+04	4.22600e-01
4.85600e+04	4.05800e-01
5.08000e+04	3.89600e-01
5.31500e+04	3.74100e-01
5.56000e+04	3.59200e-01
5.81700e+04	3.44900e-01
6.08600e+04	3.31200e-01
6.36700e+04	3.18000e-01
6.66100e+04	3.05300e-01
6.96800e+04	2.93100e-01
7.29000e+04	2.81400e-01
7.62700e+04	2.70200e-01
7.97900e+04	2.59400e-01
8.34800e+04	2.49000e-01
8.73300e+04	2.39000e-01
9.13700e+04	2.29400e-01
9.55900e+04	2.20300e-01
1.00000e+05	2.11400e-01
1.04600e+05	2.03000e-01
1.09400e+05	1.94800e-01
1.14500e+05	1.87000e-01
1.19800e+05	1.79500e-01
1.25300e+05	1.72300e-01
1.31100e+05	1.65400e-01
1.37200e+05	1.58700e-01
1.43500e+05	1.52300e-01
1.50100e+05	1.46200e-01
1.57100e+05	1.40300e-01
1.64300e+05	1.34700e-01
1.71900e+05	1.29200e-01
1.79800e+05	1.24000e-01
1.88200e+05	1.19000e-01
1.96800e+05	1.14200e-01
2.05900e+05	1.09600e-01
2.15400e+05	1.05200e-01
2.25400e+05	1.00900e-01
2.35800e+05	9.68600e-02
2.46700e+05	9.29500e-02
2.58100e+05	8.91900e-02
2.70000e+05	8.55800e-02
2.82500e+05	8.21200e-02
2.95500e+05	7.87900e-02
3.09200e+05	7.56000e-02
3.23400e+05	7.25400e-02
3.38400e+05	6.96000e-02
3.54000e+05	6.67800e-02
3.70400e+05	6.40700e-02
3.87500e+05	6.14700e-02
4.05400e+05	5.89800e-02
4.24100e+05	5.65900e-02
4.43700e+05	5.42900e-02
4.64200e+05	5.20800e-02
4.85600e+05	4.99700e-02
5.08000e+05	4.79400e-02
5.31500e+05	4.59900e-02
5.56000e+05	4.41200e-02
5.81700e+05	4.23200e-02
6.08600e+05	4.06000e-02
6.36700e+05	3.89500e-02
6.66100e+05	3.73600e-02
6.96800e+05	3.58400e-02
7.29000e+05	3.43800e-02
7.62700e+05	3.29800e-02
7.97900e+05	3.16300e-02
8.34800e+05	3.03400e-02
8.73300e+05	2.91100e-02
9.13700e+05	2.79200e-02
9.55900e+05	2.67800e-02
1.00000e+06	2.56900e-02
