# C8H- cross section
256
1.00000e+01	5.38400e+01
1.04600e+01	5.84200e+01
1.09400e+01	6.29700e+01
1.14500e+01	6.74800e+01
1.19800e+01	7.19200e+01
1.25300e+01	7.62800e+01
1.31100e+01	8.05200e+01
1.37200e+01	8.46500e+01
1.43500e+01	8.86400e+01
1.50100e+01	9.24900e+01
1.57100e+01	9.61800e+01
1.64300e+01	9.97100e+01
1.71900e+01	1.03200e+02
1.79800e+01	1.06500e+02
1.88200e+01	1.09800e+02
1.96800e+01	1.12900e+02
2.05900e+01	1.15800e+02
2.15400e+01	1.18600e+02
2.25400e+01	1.21200e+02
2.35800e+01	1.23600e+02
2.46700e+01	1.25900e+02
2.58100e+01	1.28000e+02
2.70000e+01	1.30000e+02
2.82500e+01	1.31800e+02
2.95500e+01	1.33500e+02
3.09200e+01	1.35000e+02
3.23400e+01	1.36300e+02
3.38400e+01	1.37400e+02
3.54000e+01	1.38300e+02
3.70400e+01	1.39000e+02
3.87500e+01	1.39500e+02
4.05400e+01	1.39900e+02
4.24100e+01	1.40100e+02
4.43700e+01	1.40100e+02
4.64200e+01	1.40000e+02
4.85600e+01	1.39700e+02
5.08000e+01	1.39200e+02
5.31500e+01	1.38600e+02
5.56000e+01	1.37800e+02
5.81700e+01	1.36900e+02
6.08600e+01	1.35900e+02
6.36700e+01	1.34800e+02
6.66100e+01	1.33500e+02
6.96800e+01	1.32100e+02
7.29000e+01	1.30600e+02
7.62700e+01	1.29100e+02
7.97900e+01	1.27400e+02
8.34800e+01	1.25600e+02
8.73300e+01	1.23800e+02
9.13700e+01	1.21900e+02
9.55900e+01	1.20000e+02
1.00000e+02	1.18000e+02
1.04600e+02	1.15900e+02
1.09400e+02	1.13800e+02
1.14500e+02	1.11600e+02
1.19800e+02	1.09500e+02
1.25300e+02	1.07300e+02
1.31100e+02	1.05000e+02
1.37200e+02	1.02800e+02
1.43500e+02	1.00600e+02
1.50100e+02	9.82900e+01
1.57100e+02	9.60300e+01
1.64300e+02	9.37700e+01
1.71900e+02	9.15100e+01
1.79800e+02	8.92600e+01
1.88200e+02	8.70300e+01
1.96800e+02	8.48100e+01
2.05900e+02	8.26000e+01
2.15400e+02	8.04200e+01
2.25400e+02	7.82600e+01
2.35800e+02	7.61300e+01
2.46700e+02	7.40200e+01
2.58100e+02	7.19400e+01
2.70000e+02	6.99000e+01
2.82500e+02	6.78800e+01
2.95500e+02	6.59000e+01
3.09200e+02	6.39600e+01
3.23400e+02	6.20500e+01
3.38400e+02	6.01900e+01
3.54000e+02	5.83600e+01
3.70400e+02	5.65600e+01
3.87500e+02	5.48100e+01
4.05400e+02	5.31000e+01
4.24100e+02	5.14200e+01
4.43700e+02	4.97800e+01
4.64200e+02	4.81900e+01
4.85600e+02	4.66300e+01
5.08000e+02	4.51100e+01
5.31500e+02	4.36400e+01
5.56000e+02	4.22000e+01
5.81700e+02	4.07900e+01
6.08600e+02	3.94300e+01
6.36700e+02	3.81100e+01
6.66100e+02	3.68200e+01
6.96800e+02	3.55600e+01
7.29000e+02	3.43500e+01
7.62700e+02	3.31700e+01
7.97900e+02	3.20200e+01
8.34800e+02	3.09100e+01
8.73300e+02	2.98400e+01
9.13700e+02	2.87900e+01
9.55900e+02	2.77800e+01
1.00000e+03	2.68000e+01
1.04600e+03	2.58500e+01
1.09400e+03	2.49300e+01
1.14500e+03	2.40400e+01
1.19800e+03	2.31800e+01
1.25300e+03	2.23400e+01
1.31100e+03	2.15400e+01
1.37200e+03	2.07600e+01
1.43500e+03	2.00000e+01
1.50100e+03	1.92800e+01
1.57100e+03	1.85700e+01
1.64300e+03	1.78900e+01
1.71900e+03	1.72300e+01
1.79800e+03	1.66000e+01
1.88200e+03	1.59900e+01
1.96800e+03	1.53900e+01
2.05900e+03	1.48200e+01
2.15400e+03	1.42700e+01
2.25400e+03	1.37400e+01
2.35800e+03	1.32300e+01
2.46700e+03	1.27300e+01
2.58100e+03	1.22500e+01
2.70000e+03	1.17900e+01
2.82500e+03	1.13500e+01
2.95500e+03	1.09200e+01
3.09200e+03	1.05100e+01
3.23400e+03	1.01100e+01
3.38400e+03	9.72800e+00
3.54000e+03	9.35800e+00
3.70400e+03	9.00200e+00
3.87500e+03	8.65900e+00
4.05400e+03	8.32900e+00
4.24100e+03	8.01000e+00
4.43700e+03	7.70400e+00
4.64200e+03	7.40800e+00
4.85600e+03	7.12400e+00
5.08000e+03	6.85000e+00
5.31500e+03	6.58600e+00
5.56000e+03	6.33300e+00
5.81700e+03	6.08800e+00
6.08600e+03	5.85300e+00
6.36700e+03	5.62700e+00
6.66100e+03	5.40900e+00
6.96800e+03	5.19900e+00
7.29000e+03	4.99700e+00
7.62700e+03	4.80300e+00
7.97900e+03	4.61600e+00
8.34800e+03	4.43700e+00
8.73300e+03	4.26400e+00
9.13700e+03	4.09700e+00
9.55900e+03	3.93700e+00
1.00000e+04	3.78400e+00
1.04600e+04	3.63600e+00
1.09400e+04	3.49300e+00
1.14500e+04	3.35600e+00
1.19800e+04	3.22500e+00
1.25300e+04	3.09800e+00
1.31100e+04	2.97600e+00
1.37200e+04	2.85900e+00
1.43500e+04	2.74700e+00
1.50100e+04	2.63900e+00
1.57100e+04	2.53500e+00
1.64300e+04	2.43500e+00
1.71900e+04	2.33900e+00
1.79800e+04	2.24600e+00
1.88200e+04	2.15700e+00
1.96800e+04	2.07200e+00
2.05900e+04	1.99000e+00
2.15400e+04	1.91100e+00
2.25400e+04	1.83600e+00
2.35800e+04	1.76300e+00
2.46700e+04	1.69300e+00
2.58100e+04	1.62600e+00
2.70000e+04	1.56100e+00
2.82500e+04	1.49900e+00
2.95500e+04	1.43900e+00
3.09200e+04	1.38200e+00
3.23400e+04	1.32700e+00
3.38400e+04	1.27400e+00
3.54000e+04	1.22300e+00
3.70400e+04	1.17400e+00
3.87500e+04	1.12800e+00
4.05400e+04	1.08300e+00
4.24100e+04	1.03900e+00
4.43700e+04	9.97700e-01
4.64200e+04	9.57800e-01
4.85600e+04	9.19500e-01
5.08000e+04	8.82700e-01
5.31500e+04	8.47300e-01
5.56000e+04	8.13400e-01
5.81700e+04	7.80800e-01
6.08600e+04	7.49400e-01
6.36700e+04	7.19400e-01
6.66100e+04	6.90500e-01
6.96800e+04	6.62700e-01
7.29000e+04	6.36100e-01
7.62700e+04	6.10500e-01
7.97900e+04	5.86000e-01
8.34800e+04	5.62400e-01
8.73300e+04	5.39800e-01
9.13700e+04	5.18000e-01
9.55900e+04	4.97100e-01
1.00000e+05	4.77100e-01
1.04600e+05	4.57900e-01
1.09400e+05	4.39400e-01
1.14500e+05	4.21700e-01
1.19800e+05	4.04600e-01
1.25300e+05	3.88300e-01
1.31100e+05	3.72600e-01
1.37200e+05	3.57500e-01
1.43500e+05	3.43100e-01
1.50100e+05	3.29200e-01
1.57100e+05	3.15900e-01
1.64300e+05	3.03100e-01
1.71900e+05	2.90800e-01
1.79800e+05	2.79000e-01
1.88200e+05	2.67700e-01
1.96800e+05	2.56900e-01
2.05900e+05	2.46500e-01
2.15400e+05	2.36500e-01
2.25400e+05	2.26900e-01
2.35800e+05	2.17700e-01
2.46700e+05	2.08800e-01
2.58100e+05	2.00300e-01
2.70000e+05	1.92200e-01
2.82500e+05	1.84400e-01
2.95500e+05	1.76900e-01
3.09200e+05	1.69700e-01
3.23400e+05	1.62800e-01
3.38400e+05	1.56200e-01
3.54000e+05	1.49800e-01
3.70400e+05	1.43700e-01
3.87500e+05	1.37900e-01
4.05400e+05	1.32200e-01
4.24100e+05	1.26800e-01
4.43700e+05	1.21700e-01
4.64200e+05	1.16700e-01
4.85600e+05	1.11900e-01
5.08000e+05	1.07400e-01
5.31500e+05	1.03000e-01
5.56000e+05	9.87900e-02
5.81700e+05	9.47500e-02
6.08600e+05	9.08800e-02
6.36700e+05	8.71700e-02
6.66100e+05	8.36100e-02
6.96800e+05	8.01900e-02
7.29000e+05	7.69100e-02
7.62700e+05	7.37600e-02
7.97900e+05	7.07400e-02
8.34800e+05	6.78500e-02
8.73300e+05	6.50700e-02
9.13700e+05	6.24000e-02
9.55900e+05	5.98500e-02
1.00000e+06	5.73900e-02
