# C8H cross section
256
1.00000e+01	5.56500e-01
1.04600e+01	1.04000e+00
1.09400e+01	1.60000e+00
1.14500e+01	2.42200e+00
1.19800e+01	3.50200e+00
1.25300e+01	4.63000e+00
1.31100e+01	5.95600e+00
1.37200e+01	7.48600e+00
1.43500e+01	9.26200e+00
1.50100e+01	1.11700e+01
1.57100e+01	1.31000e+01
1.64300e+01	1.50500e+01
1.71900e+01	1.69900e+01
1.79800e+01	1.89100e+01
1.88200e+01	2.08700e+01
1.96800e+01	2.28200e+01
2.05900e+01	2.47600e+01
2.15400e+01	2.66600e+01
2.25400e+01	2.85000e+01
2.35800e+01	3.02800e+01
2.46700e+01	3.20400e+01
2.58100e+01	3.37500e+01
2.70000e+01	3.54200e+01
2.82500e+01	3.70500e+01
2.95500e+01	3.86300e+01
3.09200e+01	4.01700e+01
3.23400e+01	4.16700e+01
3.38400e+01	4.31100e+01
3.54000e+01	4.44600e+01
3.70400e+01	4.57200e+01
3.87500e+01	4.69000e+01
4.05400e+01	4.79900e+01
4.24100e+01	4.89800e+01
4.43700e+01	4.98900e+01
4.64200e+01	5.07000e+01
4.85600e+01	5.14200e+01
5.08000e+01	5.20500e+01
5.31500e+01	5.25800e+01
5.56000e+01	5.30300e+01
5.81700e+01	5.34000e+01
6.08600e+01	5.36800e+01
6.36700e+01	5.38700e+01
6.66100e+01	5.39900e+01
6.96800e+01	5.40300e+01
7.29000e+01	5.40000e+01
7.62700e+01	5.38900e+01
7.97900e+01	5.37200e+01
8.34800e+01	5.34800e+01
8.73300e+01	5.31800e+01
9.13700e+01	5.28200e+01
9.55900e+01	5.24100e+01
1.00000e+02	5.19400e+01
1.04600e+02	5.14300e+01
1.09400e+02	5.08700e+01
1.14500e+02	5.02700e+01
1.19800e+02	4.96300e+01
1.25300e+02	4.89500e+01
1.31100e+02	4.82500e+01
1.37200e+02	4.75100e+01
1.43500e+02	4.67400e+01
1.50100e+02	4.59600e+01
1.57100e+02	4.51500e+01
1.64300e+02	4.43200e+01
1.71900e+02	4.34700e+01
1.79800e+02	4.26200e+01
1.88200e+02	4.17500e+01
1.96800e+02	4.08700e+01
2.05900e+02	3.99900e+01
2.15400e+02	3.91000e+01
2.25400e+02	3.82100e+01
2.35800e+02	3.73200e+01
2.46700e+02	3.64300e+01
2.58100e+02	3.55400e+01
2.70000e+02	3.46600e+01
2.82500e+02	3.37800e+01
2.95500e+02	3.29000e+01
3.09200e+02	3.20400e+01
3.23400e+02	3.11800e+01
3.38400e+02	3.03400e+01
3.54000e+02	2.95100e+01
3.70400e+02	2.86800e+01
3.87500e+02	2.78700e+01
4.05400e+02	2.70800e+01
4.24100e+02	2.62900e+01
4.43700e+02	2.55200e+01
4.64200e+02	2.47700e+01
4.85600e+02	2.40300e+01
5.08000e+02	2.33000e+01
5.31500e+02	2.25900e+01
5.56000e+02	2.18900e+01
5.81700e+02	2.12100e+01
6.08600e+02	2.05400e+01
6.36700e+02	1.98900e+01
6.66100e+02	1.92600e+01
6.96800e+02	1.86400e+01
7.29000e+02	1.80400e+01
7.62700e+02	1.74500e+01
7.97900e+02	1.68800e+01
8.34800e+02	1.63200e+01
8.73300e+02	1.57800e+01
9.13700e+02	1.52500e+01
9.55900e+02	1.47400e+01
1.00000e+03	1.42400e+01
1.04600e+03	1.37500e+01
1.09400e+03	1.32800e+01
1.14500e+03	1.28300e+01
1.19800e+03	1.23800e+01
1.25300e+03	1.19600e+01
1.31100e+03	1.15400e+01
1.37200e+03	1.11400e+01
1.43500e+03	1.07400e+01
1.50100e+03	1.03700e+01
1.57100e+03	9.99900e+00
1.64300e+03	9.64400e+00
1.71900e+03	9.30000e+00
1.79800e+03	8.96700e+00
1.88200e+03	8.64500e+00
1.96800e+03	8.33400e+00
2.05900e+03	8.03300e+00
2.15400e+03	7.74200e+00
2.25400e+03	7.46100e+00
2.35800e+03	7.18900e+00
2.46700e+03	6.92600e+00
2.58100e+03	6.67200e+00
2.70000e+03	6.42700e+00
2.82500e+03	6.19000e+00
2.95500e+03	5.96200e+00
3.09200e+03	5.74100e+00
3.23400e+03	5.52800e+00
3.38400e+03	5.32300e+00
3.54000e+03	5.12400e+00
3.70400e+03	4.93300e+00
3.87500e+03	4.74900e+00
4.05400e+03	4.57100e+00
4.24100e+03	4.39900e+00
4.43700e+03	4.23300e+00
4.64200e+03	4.07400e+00
4.85600e+03	3.92000e+00
5.08000e+03	3.77200e+00
5.31500e+03	3.62900e+00
5.56000e+03	3.49100e+00
5.81700e+03	3.35900e+00
6.08600e+03	3.23100e+00
6.36700e+03	3.10800e+00
6.66100e+03	2.98900e+00
6.96800e+03	2.87500e+00
7.29000e+03	2.76500e+00
7.62700e+03	2.65900e+00
7.97900e+03	2.55700e+00
8.34800e+03	2.45800e+00
8.73300e+03	2.36400e+00
9.13700e+03	2.27300e+00
9.55900e+03	2.18500e+00
1.00000e+04	2.10100e+00
1.04600e+04	2.01900e+00
1.09400e+04	1.94100e+00
1.14500e+04	1.86600e+00
1.19800e+04	1.79400e+00
1.25300e+04	1.72400e+00
1.31100e+04	1.65700e+00
1.37200e+04	1.59200e+00
1.43500e+04	1.53000e+00
1.50100e+04	1.47100e+00
1.57100e+04	1.41300e+00
1.64300e+04	1.35800e+00
1.71900e+04	1.30500e+00
1.79800e+04	1.25400e+00
1.88200e+04	1.20500e+00
1.96800e+04	1.15800e+00
2.05900e+04	1.11200e+00
2.15400e+04	1.06900e+00
2.25400e+04	1.02700e+00
2.35800e+04	9.86200e-01
2.46700e+04	9.47400e-01
2.58100e+04	9.10100e-01
2.70000e+04	8.74300e-01
2.82500e+04	8.39800e-01
2.95500e+04	8.06600e-01
3.09200e+04	7.74800e-01
3.23400e+04	7.44200e-01
3.38400e+04	7.14700e-01
3.54000e+04	6.86500e-01
3.70400e+04	6.59300e-01
3.87500e+04	6.33200e-01
4.05400e+04	6.08100e-01
4.24100e+04	5.83900e-01
4.43700e+04	5.60800e-01
4.64200e+04	5.38500e-01
4.85600e+04	5.17100e-01
5.08000e+04	4.96500e-01
5.31500e+04	4.76800e-01
5.56000e+04	4.57800e-01
5.81700e+04	4.39500e-01
6.08600e+04	4.22000e-01
6.36700e+04	4.05200e-01
6.66100e+04	3.89000e-01
6.96800e+04	3.73500e-01
7.29000e+04	3.58600e-01
7.62700e+04	3.44300e-01
7.97900e+04	3.30500e-01
8.34800e+04	3.17300e-01
8.73300e+04	3.04600e-01
9.13700e+04	2.92400e-01
9.55900e+04	2.80700e-01
1.00000e+05	2.69400e-01
1.04600e+05	2.58600e-01
1.09400e+05	2.48200e-01
1.14500e+05	2.38300e-01
1.19800e+05	2.28700e-01
1.25300e+05	2.19500e-01
1.31100e+05	2.10700e-01
1.37200e+05	2.02200e-01
1.43500e+05	1.94100e-01
1.50100e+05	1.86300e-01
1.57100e+05	1.78800e-01
1.64300e+05	1.71600e-01
1.71900e+05	1.64700e-01
1.79800e+05	1.58000e-01
1.88200e+05	1.51700e-01
1.96800e+05	1.45500e-01
2.05900e+05	1.39700e-01
2.15400e+05	1.34000e-01
2.25400e+05	1.28600e-01
2.35800e+05	1.23400e-01
2.46700e+05	1.18400e-01
2.58100e+05	1.13700e-01
2.70000e+05	1.09100e-01
2.82500e+05	1.04600e-01
2.95500e+05	1.00400e-01
3.09200e+05	9.63400e-02
3.23400e+05	9.24400e-02
3.38400e+05	8.86900e-02
3.54000e+05	8.51000e-02
3.70400e+05	8.16500e-02
3.87500e+05	7.83400e-02
4.05400e+05	7.51600e-02
4.24100e+05	7.21100e-02
4.43700e+05	6.91800e-02
4.64200e+05	6.63700e-02
4.85600e+05	6.36700e-02
5.08000e+05	6.10900e-02
5.31500e+05	5.86000e-02
5.56000e+05	5.62200e-02
5.81700e+05	5.39300e-02
6.08600e+05	5.17400e-02
6.36700e+05	4.96300e-02
6.66100e+05	4.76100e-02
6.96800e+05	4.56700e-02
7.29000e+05	4.38100e-02
7.62700e+05	4.20300e-02
7.97900e+05	4.03100e-02
8.34800e+05	3.86700e-02
8.73300e+05	3.70900e-02
9.13700e+05	3.55800e-02
9.55900e+05	3.41300e-02
1.00000e+06	3.27300e-02
