# CCN cross section
256
1.00000e+01	0.00000e+00
1.04600e+01	0.00000e+00
1.09400e+01	0.00000e+00
1.14500e+01	5.96800e-02
1.19800e+01	1.53200e-01
1.25300e+01	2.60100e-01
1.31100e+01	4.38300e-01
1.37200e+01	6.79600e-01
1.43500e+01	9.45800e-01
1.50100e+01	1.31800e+00
1.57100e+01	1.88500e+00
1.64300e+01	2.52300e+00
1.71900e+01	3.18700e+00
1.79800e+01	3.86600e+00
1.88200e+01	4.55400e+00
1.96800e+01	5.24500e+00
2.05900e+01	5.93400e+00
2.15400e+01	6.61700e+00
2.25400e+01	7.28900e+00
2.35800e+01	7.94800e+00
2.46700e+01	8.59700e+00
2.58100e+01	9.24600e+00
2.70000e+01	9.87600e+00
2.82500e+01	1.04900e+01
2.95500e+01	1.11000e+01
3.09200e+01	1.16800e+01
3.23400e+01	1.22400e+01
3.38400e+01	1.27700e+01
3.54000e+01	1.32800e+01
3.70400e+01	1.37800e+01
3.87500e+01	1.42500e+01
4.05400e+01	1.46900e+01
4.24100e+01	1.51100e+01
4.43700e+01	1.54900e+01
4.64200e+01	1.58500e+01
4.85600e+01	1.61700e+01
5.08000e+01	1.64600e+01
5.31500e+01	1.67300e+01
5.56000e+01	1.69600e+01
5.81700e+01	1.71600e+01
6.08600e+01	1.73400e+01
6.36700e+01	1.74800e+01
6.66100e+01	1.76000e+01
6.96800e+01	1.76900e+01
7.29000e+01	1.77500e+01
7.62700e+01	1.77800e+01
7.97900e+01	1.77900e+01
8.34800e+01	1.77800e+01
8.73300e+01	1.77400e+01
9.13700e+01	1.76900e+01
9.55900e+01	1.76000e+01
1.00000e+02	1.75000e+01
1.04600e+02	1.73800e+01
1.09400e+02	1.72500e+01
1.14500e+02	1.70900e+01
1.19800e+02	1.69200e+01
1.25300e+02	1.67400e+01
1.31100e+02	1.65400e+01
1.37200e+02	1.63300e+01
1.43500e+02	1.61000e+01
1.50100e+02	1.58700e+01
1.57100e+02	1.56200e+01
1.64300e+02	1.53700e+01
1.71900e+02	1.51100e+01
1.79800e+02	1.48400e+01
1.88200e+02	1.45700e+01
1.96800e+02	1.42900e+01
2.05900e+02	1.40100e+01
2.15400e+02	1.37200e+01
2.25400e+02	1.34300e+01
2.35800e+02	1.31400e+01
2.46700e+02	1.28500e+01
2.58100e+02	1.25600e+01
2.70000e+02	1.22600e+01
2.82500e+02	1.19700e+01
2.95500e+02	1.16700e+01
3.09200e+02	1.13800e+01
3.23400e+02	1.10900e+01
3.38400e+02	1.08100e+01
3.54000e+02	1.05200e+01
3.70400e+02	1.02400e+01
3.87500e+02	9.96200e+00
4.05400e+02	9.68800e+00
4.24100e+02	9.41700e+00
4.43700e+02	9.15000e+00
4.64200e+02	8.88700e+00
4.85600e+02	8.62900e+00
5.08000e+02	8.37500e+00
5.31500e+02	8.12600e+00
5.56000e+02	7.88200e+00
5.81700e+02	7.64300e+00
6.08600e+02	7.40900e+00
6.36700e+02	7.18000e+00
6.66100e+02	6.95500e+00
6.96800e+02	6.73600e+00
7.29000e+02	6.52300e+00
7.62700e+02	6.31400e+00
7.97900e+02	6.11000e+00
8.34800e+02	5.91200e+00
8.73300e+02	5.71900e+00
9.13700e+02	5.53000e+00
9.55900e+02	5.34700e+00
1.00000e+03	5.16900e+00
1.04600e+03	4.99500e+00
1.09400e+03	4.82700e+00
1.14500e+03	4.66300e+00
1.19800e+03	4.50400e+00
1.25300e+03	4.35000e+00
1.31100e+03	4.20000e+00
1.37200e+03	4.05500e+00
1.43500e+03	3.91400e+00
1.50100e+03	3.77700e+00
1.57100e+03	3.64500e+00
1.64300e+03	3.51600e+00
1.71900e+03	3.39200e+00
1.79800e+03	3.27200e+00
1.88200e+03	3.15500e+00
1.96800e+03	3.04200e+00
2.05900e+03	2.93300e+00
2.15400e+03	2.82800e+00
2.25400e+03	2.72600e+00
2.35800e+03	2.62700e+00
2.46700e+03	2.53200e+00
2.58100e+03	2.43900e+00
2.70000e+03	2.35000e+00
2.82500e+03	2.26400e+00
2.95500e+03	2.18100e+00
3.09200e+03	2.10100e+00
3.23400e+03	2.02300e+00
3.38400e+03	1.94800e+00
3.54000e+03	1.87600e+00
3.70400e+03	1.80700e+00
3.87500e+03	1.73900e+00
4.05400e+03	1.67400e+00
4.24100e+03	1.61200e+00
4.43700e+03	1.55100e+00
4.64200e+03	1.49300e+00
4.85600e+03	1.43700e+00
5.08000e+03	1.38300e+00
5.31500e+03	1.33100e+00
5.56000e+03	1.28000e+00
5.81700e+03	1.23200e+00
6.08600e+03	1.18500e+00
6.36700e+03	1.14000e+00
6.66100e+03	1.09700e+00
6.96800e+03	1.05500e+00
7.29000e+03	1.01500e+00
7.62700e+03	9.75700e-01
7.97900e+03	9.38400e-01
8.34800e+03	9.02400e-01
8.73300e+03	8.67800e-01
9.13700e+03	8.34400e-01
9.55900e+03	8.02300e-01
1.00000e+04	7.71400e-01
1.04600e+04	7.41600e-01
1.09400e+04	7.13000e-01
1.14500e+04	6.85400e-01
1.19800e+04	6.58900e-01
1.25300e+04	6.33300e-01
1.31100e+04	6.08800e-01
1.37200e+04	5.85100e-01
1.43500e+04	5.62400e-01
1.50100e+04	5.40500e-01
1.57100e+04	5.19400e-01
1.64300e+04	4.99200e-01
1.71900e+04	4.79700e-01
1.79800e+04	4.61000e-01
1.88200e+04	4.42900e-01
1.96800e+04	4.25600e-01
2.05900e+04	4.08900e-01
2.15400e+04	3.92900e-01
2.25400e+04	3.77500e-01
2.35800e+04	3.62700e-01
2.46700e+04	3.48400e-01
2.58100e+04	3.34700e-01
2.70000e+04	3.21600e-01
2.82500e+04	3.08900e-01
2.95500e+04	2.96700e-01
3.09200e+04	2.85000e-01
3.23400e+04	2.73800e-01
3.38400e+04	2.63000e-01
3.54000e+04	2.52600e-01
3.70400e+04	2.42600e-01
3.87500e+04	2.33000e-01
4.05400e+04	2.23700e-01
4.24100e+04	2.14900e-01
4.43700e+04	2.06400e-01
4.64200e+04	1.98200e-01
4.85600e+04	1.90300e-01
5.08000e+04	1.82700e-01
5.31500e+04	1.75500e-01
5.56000e+04	1.68500e-01
5.81700e+04	1.61800e-01
6.08600e+04	1.55400e-01
6.36700e+04	1.49200e-01
6.66100e+04	1.43200e-01
6.96800e+04	1.37500e-01
7.29000e+04	1.32000e-01
7.62700e+04	1.26800e-01
7.97900e+04	1.21700e-01
8.34800e+04	1.16800e-01
8.73300e+04	1.12200e-01
9.13700e+04	1.07700e-01
9.55900e+04	1.03400e-01
1.00000e+05	9.92200e-02
1.04600e+05	9.52400e-02
1.09400e+05	9.14300e-02
1.14500e+05	8.77600e-02
1.19800e+05	8.42400e-02
1.25300e+05	8.08600e-02
1.31100e+05	7.76100e-02
1.37200e+05	7.44900e-02
1.43500e+05	7.15000e-02
1.50100e+05	6.86300e-02
1.57100e+05	6.58600e-02
1.64300e+05	6.32100e-02
1.71900e+05	6.06700e-02
1.79800e+05	5.82300e-02
1.88200e+05	5.58800e-02
1.96800e+05	5.36300e-02
2.05900e+05	5.14600e-02
2.15400e+05	4.93900e-02
2.25400e+05	4.74000e-02
2.35800e+05	4.54800e-02
2.46700e+05	4.36500e-02
2.58100e+05	4.18800e-02
2.70000e+05	4.01900e-02
2.82500e+05	3.85600e-02
2.95500e+05	3.70000e-02
3.09200e+05	3.55100e-02
3.23400e+05	3.40700e-02
3.38400e+05	3.26900e-02
3.54000e+05	3.13700e-02
3.70400e+05	3.00900e-02
3.87500e+05	2.88700e-02
4.05400e+05	2.77000e-02
4.24100e+05	2.65800e-02
4.43700e+05	2.55000e-02
4.64200e+05	2.44700e-02
4.85600e+05	2.34700e-02
5.08000e+05	2.25200e-02
5.31500e+05	2.16000e-02
5.56000e+05	2.07300e-02
5.81700e+05	1.98800e-02
6.08600e+05	1.90800e-02
6.36700e+05	1.83000e-02
6.66100e+05	1.75500e-02
6.96800e+05	1.68400e-02
7.29000e+05	1.61500e-02
7.62700e+05	1.55000e-02
7.97900e+05	1.48600e-02
8.34800e+05	1.42600e-02
8.73300e+05	1.36800e-02
9.13700e+05	1.31200e-02
9.55900e+05	1.25800e-02
1.00000e+06	1.20700e-02
