# CCO cross section
256
1.00000e+01	0.00000e+00
1.04600e+01	0.00000e+00
1.09400e+01	0.00000e+00
1.14500e+01	7.62700e-02
1.19800e+01	3.20700e-01
1.25300e+01	6.01100e-01
1.31100e+01	9.36200e-01
1.37200e+01	1.31800e+00
1.43500e+01	1.71300e+00
1.50100e+01	2.11900e+00
1.57100e+01	2.53100e+00
1.64300e+01	2.94500e+00
1.71900e+01	3.39700e+00
1.79800e+01	3.90200e+00
1.88200e+01	4.47300e+00
1.96800e+01	5.06200e+00
2.05900e+01	5.68400e+00
2.15400e+01	6.31400e+00
2.25400e+01	6.94100e+00
2.35800e+01	7.56000e+00
2.46700e+01	8.18700e+00
2.58100e+01	8.80800e+00
2.70000e+01	9.41500e+00
2.82500e+01	1.00000e+01
2.95500e+01	1.05800e+01
3.09200e+01	1.11300e+01
3.23400e+01	1.16700e+01
3.38400e+01	1.21900e+01
3.54000e+01	1.26900e+01
3.70400e+01	1.31600e+01
3.87500e+01	1.36000e+01
4.05400e+01	1.40200e+01
4.24100e+01	1.44100e+01
4.43700e+01	1.47900e+01
4.64200e+01	1.51400e+01
4.85600e+01	1.54600e+01
5.08000e+01	1.57600e+01
5.31500e+01	1.60200e+01
5.56000e+01	1.62600e+01
5.81700e+01	1.64700e+01
6.08600e+01	1.66600e+01
6.36700e+01	1.68100e+01
6.66100e+01	1.69400e+01
6.96800e+01	1.70500e+01
7.29000e+01	1.71200e+01
7.62700e+01	1.71800e+01
7.97900e+01	1.72100e+01
8.34800e+01	1.72100e+01
8.73300e+01	1.72000e+01
9.13700e+01	1.71600e+01
9.55900e+01	1.71000e+01
1.00000e+02	1.70200e+01
1.04600e+02	1.69200e+01
1.09400e+02	1.68000e+01
1.14500e+02	1.66700e+01
1.19800e+02	1.65200e+01
1.25300e+02	1.63600e+01
1.31100e+02	1.61800e+01
1.37200e+02	1.59900e+01
1.43500e+02	1.57900e+01
1.50100e+02	1.55700e+01
1.57100e+02	1.53500e+01
1.64300e+02	1.51100e+01
1.71900e+02	1.48700e+01
1.79800e+02	1.46200e+01
1.88200e+02	1.43700e+01
1.96800e+02	1.41000e+01
2.05900e+02	1.38400e+01
2.15400e+02	1.35700e+01
2.25400e+02	1.32900e+01
2.35800e+02	1.30100e+01
2.46700e+02	1.27300e+01
2.58100e+02	1.24500e+01
2.70000e+02	1.21700e+01
2.82500e+02	1.18900e+01
2.95500e+02	1.16100e+01
3.09200e+02	1.13200e+01
3.23400e+02	1.10400e+01
3.38400e+02	1.07700e+01
3.54000e+02	1.04900e+01
3.70400e+02	1.02200e+01
3.87500e+02	9.94500e+00
4.05400e+02	9.67700e+00
4.24100e+02	9.41200e+00
4.43700e+02	9.15000e+00
4.64200e+02	8.89300e+00
4.85600e+02	8.63900e+00
5.08000e+02	8.38900e+00
5.31500e+02	8.14400e+00
5.56000e+02	7.90300e+00
5.81700e+02	7.66700e+00
6.08600e+02	7.43500e+00
6.36700e+02	7.20900e+00
6.66100e+02	6.98700e+00
6.96800e+02	6.76900e+00
7.29000e+02	6.55700e+00
7.62700e+02	6.35000e+00
7.97900e+02	6.14800e+00
8.34800e+02	5.95000e+00
8.73300e+02	5.75700e+00
9.13700e+02	5.57000e+00
9.55900e+02	5.38700e+00
1.00000e+03	5.20900e+00
1.04600e+03	5.03600e+00
1.09400e+03	4.86700e+00
1.14500e+03	4.70400e+00
1.19800e+03	4.54500e+00
1.25300e+03	4.39000e+00
1.31100e+03	4.24000e+00
1.37200e+03	4.09400e+00
1.43500e+03	3.95300e+00
1.50100e+03	3.81600e+00
1.57100e+03	3.68300e+00
1.64300e+03	3.55400e+00
1.71900e+03	3.42900e+00
1.79800e+03	3.30800e+00
1.88200e+03	3.19100e+00
1.96800e+03	3.07700e+00
2.05900e+03	2.96700e+00
2.15400e+03	2.86100e+00
2.25400e+03	2.75800e+00
2.35800e+03	2.65900e+00
2.46700e+03	2.56300e+00
2.58100e+03	2.47000e+00
2.70000e+03	2.38000e+00
2.82500e+03	2.29300e+00
2.95500e+03	2.20900e+00
3.09200e+03	2.12800e+00
3.23400e+03	2.05000e+00
3.38400e+03	1.97400e+00
3.54000e+03	1.90100e+00
3.70400e+03	1.83100e+00
3.87500e+03	1.76300e+00
4.05400e+03	1.69700e+00
4.24100e+03	1.63400e+00
4.43700e+03	1.57300e+00
4.64200e+03	1.51400e+00
4.85600e+03	1.45700e+00
5.08000e+03	1.40200e+00
5.31500e+03	1.34900e+00
5.56000e+03	1.29800e+00
5.81700e+03	1.24900e+00
6.08600e+03	1.20200e+00
6.36700e+03	1.15600e+00
6.66100e+03	1.11200e+00
6.96800e+03	1.07000e+00
7.29000e+03	1.02900e+00
7.62700e+03	9.90000e-01
7.97900e+03	9.52200e-01
8.34800e+03	9.15700e-01
8.73300e+03	8.80600e-01
9.13700e+03	8.46800e-01
9.55900e+03	8.14300e-01
1.00000e+04	7.82900e-01
1.04600e+04	7.52800e-01
1.09400e+04	7.23700e-01
1.14500e+04	6.95800e-01
1.19800e+04	6.68900e-01
1.25300e+04	6.43000e-01
1.31100e+04	6.18000e-01
1.37200e+04	5.94100e-01
1.43500e+04	5.71000e-01
1.50100e+04	5.48800e-01
1.57100e+04	5.27400e-01
1.64300e+04	5.06900e-01
1.71900e+04	4.87100e-01
1.79800e+04	4.68100e-01
1.88200e+04	4.49800e-01
1.96800e+04	4.32200e-01
2.05900e+04	4.15300e-01
2.15400e+04	3.99100e-01
2.25400e+04	3.83400e-01
2.35800e+04	3.68400e-01
2.46700e+04	3.53900e-01
2.58100e+04	3.40000e-01
2.70000e+04	3.26600e-01
2.82500e+04	3.13800e-01
2.95500e+04	3.01400e-01
3.09200e+04	2.89500e-01
3.23400e+04	2.78100e-01
3.38400e+04	2.67100e-01
3.54000e+04	2.56600e-01
3.70400e+04	2.46400e-01
3.87500e+04	2.36700e-01
4.05400e+04	2.27300e-01
4.24100e+04	2.18300e-01
4.43700e+04	2.09700e-01
4.64200e+04	2.01400e-01
4.85600e+04	1.93400e-01
5.08000e+04	1.85700e-01
5.31500e+04	1.78300e-01
5.56000e+04	1.71200e-01
5.81700e+04	1.64400e-01
6.08600e+04	1.57900e-01
6.36700e+04	1.51600e-01
6.66100e+04	1.45500e-01
6.96800e+04	1.39700e-01
7.29000e+04	1.34200e-01
7.62700e+04	1.28800e-01
7.97900e+04	1.23700e-01
8.34800e+04	1.18700e-01
8.73300e+04	1.14000e-01
9.13700e+04	1.09400e-01
9.55900e+04	1.05000e-01
1.00000e+05	1.00800e-01
1.04600e+05	9.68000e-02
1.09400e+05	9.29300e-02
1.14500e+05	8.92000e-02
1.19800e+05	8.56200e-02
1.25300e+05	8.21900e-02
1.31100e+05	7.88900e-02
1.37200e+05	7.57200e-02
1.43500e+05	7.26800e-02
1.50100e+05	6.97600e-02
1.57100e+05	6.69500e-02
1.64300e+05	6.42600e-02
1.71900e+05	6.16700e-02
1.79800e+05	5.91900e-02
1.88200e+05	5.68000e-02
1.96800e+05	5.45200e-02
2.05900e+05	5.23200e-02
2.15400e+05	5.02100e-02
2.25400e+05	4.81800e-02
2.35800e+05	4.62400e-02
2.46700e+05	4.43700e-02
2.58100e+05	4.25800e-02
2.70000e+05	4.08600e-02
2.82500e+05	3.92100e-02
2.95500e+05	3.76200e-02
3.09200e+05	3.61000e-02
3.23400e+05	3.46400e-02
3.38400e+05	3.32400e-02
3.54000e+05	3.18900e-02
3.70400e+05	3.06000e-02
3.87500e+05	2.93600e-02
4.05400e+05	2.81700e-02
4.24100e+05	2.70300e-02
4.43700e+05	2.59300e-02
4.64200e+05	2.48800e-02
4.85600e+05	2.38700e-02
5.08000e+05	2.29000e-02
5.31500e+05	2.19700e-02
5.56000e+05	2.10700e-02
5.81700e+05	2.02200e-02
6.08600e+05	1.94000e-02
6.36700e+05	1.86100e-02
6.66100e+05	1.78500e-02
6.96800e+05	1.71200e-02
7.29000e+05	1.64300e-02
7.62700e+05	1.57600e-02
7.97900e+05	1.51200e-02
8.34800e+05	1.45000e-02
8.73300e+05	1.39100e-02
9.13700e+05	1.33400e-02
9.55900e+05	1.28000e-02
1.00000e+06	1.22800e-02
