# CH2 cross section
256
1.00000e+01	0.00000e+00
1.04600e+01	1.30700e-01
1.09400e+01	3.61200e-01
1.14500e+01	6.08500e-01
1.19800e+01	8.68600e-01
1.25300e+01	1.13800e+00
1.31100e+01	1.41400e+00
1.37200e+01	1.69400e+00
1.43500e+01	1.97500e+00
1.50100e+01	2.25600e+00
1.57100e+01	2.64000e+00
1.64300e+01	3.05300e+00
1.71900e+01	3.46900e+00
1.79800e+01	3.88500e+00
1.88200e+01	4.29800e+00
1.96800e+01	4.70600e+00
2.05900e+01	5.10500e+00
2.15400e+01	5.49500e+00
2.25400e+01	5.87200e+00
2.35800e+01	6.23700e+00
2.46700e+01	6.59900e+00
2.58100e+01	6.99000e+00
2.70000e+01	7.36800e+00
2.82500e+01	7.73200e+00
2.95500e+01	8.08100e+00
3.09200e+01	8.41400e+00
3.23400e+01	8.72900e+00
3.38400e+01	9.02600e+00
3.54000e+01	9.30300e+00
3.70400e+01	9.56200e+00
3.87500e+01	9.80000e+00
4.05400e+01	1.00200e+01
4.24100e+01	1.02200e+01
4.43700e+01	1.04000e+01
4.64200e+01	1.05500e+01
4.85600e+01	1.06900e+01
5.08000e+01	1.08100e+01
5.31500e+01	1.09100e+01
5.56000e+01	1.10000e+01
5.81700e+01	1.10600e+01
6.08600e+01	1.11100e+01
6.36700e+01	1.11400e+01
6.66100e+01	1.11500e+01
6.96800e+01	1.11500e+01
7.29000e+01	1.11300e+01
7.62700e+01	1.10900e+01
7.97900e+01	1.10500e+01
8.34800e+01	1.09900e+01
8.73300e+01	1.09100e+01
9.13700e+01	1.08300e+01
9.55900e+01	1.07300e+01
1.00000e+02	1.06300e+01
1.04600e+02	1.05100e+01
1.09400e+02	1.03900e+01
1.14500e+02	1.02600e+01
1.19800e+02	1.01200e+01
1.25300e+02	9.96900e+00
1.31100e+02	9.81600e+00
1.37200e+02	9.65700e+00
1.43500e+02	9.49300e+00
1.50100e+02	9.32500e+00
1.57100e+02	9.15300e+00
1.64300e+02	8.97700e+00
1.71900e+02	8.79900e+00
1.79800e+02	8.61900e+00
1.88200e+02	8.43600e+00
1.96800e+02	8.25200e+00
2.05900e+02	8.06800e+00
2.15400e+02	7.88200e+00
2.25400e+02	7.69700e+00
2.35800e+02	7.51200e+00
2.46700e+02	7.32700e+00
2.58100e+02	7.14400e+00
2.70000e+02	6.96100e+00
2.82500e+02	6.78000e+00
2.95500e+02	6.60000e+00
3.09200e+02	6.42200e+00
3.23400e+02	6.24700e+00
3.38400e+02	6.07400e+00
3.54000e+02	5.90300e+00
3.70400e+02	5.73500e+00
3.87500e+02	5.57000e+00
4.05400e+02	5.40700e+00
4.24100e+02	5.24700e+00
4.43700e+02	5.09100e+00
4.64200e+02	4.93700e+00
4.85600e+02	4.78700e+00
5.08000e+02	4.63900e+00
5.31500e+02	4.49500e+00
5.56000e+02	4.35400e+00
5.81700e+02	4.21700e+00
6.08600e+02	4.08200e+00
6.36700e+02	3.95100e+00
6.66100e+02	3.82300e+00
6.96800e+02	3.69900e+00
7.29000e+02	3.57700e+00
7.62700e+02	3.45900e+00
7.97900e+02	3.34400e+00
8.34800e+02	3.23200e+00
8.73300e+02	3.12400e+00
9.13700e+02	3.01800e+00
9.55900e+02	2.91500e+00
1.00000e+03	2.81600e+00
1.04600e+03	2.71900e+00
1.09400e+03	2.62500e+00
1.14500e+03	2.53400e+00
1.19800e+03	2.44600e+00
1.25300e+03	2.36000e+00
1.31100e+03	2.27700e+00
1.37200e+03	2.19700e+00
1.43500e+03	2.11900e+00
1.50100e+03	2.04400e+00
1.57100e+03	1.97100e+00
1.64300e+03	1.90000e+00
1.71900e+03	1.83200e+00
1.79800e+03	1.76600e+00
1.88200e+03	1.70200e+00
1.96800e+03	1.64000e+00
2.05900e+03	1.58100e+00
2.15400e+03	1.52300e+00
2.25400e+03	1.46700e+00
2.35800e+03	1.41300e+00
2.46700e+03	1.36100e+00
2.58100e+03	1.31100e+00
2.70000e+03	1.26300e+00
2.82500e+03	1.21600e+00
2.95500e+03	1.17100e+00
3.09200e+03	1.12700e+00
3.23400e+03	1.08500e+00
3.38400e+03	1.04500e+00
3.54000e+03	1.00600e+00
3.70400e+03	9.67900e-01
3.87500e+03	9.31600e-01
4.05400e+03	8.96500e-01
4.24100e+03	8.62700e-01
4.43700e+03	8.30100e-01
4.64200e+03	7.98700e-01
4.85600e+03	7.68400e-01
5.08000e+03	7.39200e-01
5.31500e+03	7.11100e-01
5.56000e+03	6.84000e-01
5.81700e+03	6.58000e-01
6.08600e+03	6.32800e-01
6.36700e+03	6.08600e-01
6.66100e+03	5.85300e-01
6.96800e+03	5.62900e-01
7.29000e+03	5.41200e-01
7.62700e+03	5.20400e-01
7.97900e+03	5.00400e-01
8.34800e+03	4.81100e-01
8.73300e+03	4.62500e-01
9.13700e+03	4.44700e-01
9.55900e+03	4.27500e-01
1.00000e+04	4.10900e-01
1.04600e+04	3.95000e-01
1.09400e+04	3.79700e-01
1.14500e+04	3.64900e-01
1.19800e+04	3.50700e-01
1.25300e+04	3.37100e-01
1.31100e+04	3.24000e-01
1.37200e+04	3.11300e-01
1.43500e+04	2.99200e-01
1.50100e+04	2.87500e-01
1.57100e+04	2.76200e-01
1.64300e+04	2.65400e-01
1.71900e+04	2.55000e-01
1.79800e+04	2.45000e-01
1.88200e+04	2.35400e-01
1.96800e+04	2.26200e-01
2.05900e+04	2.17300e-01
2.15400e+04	2.08800e-01
2.25400e+04	2.00500e-01
2.35800e+04	1.92600e-01
2.46700e+04	1.85100e-01
2.58100e+04	1.77800e-01
2.70000e+04	1.70700e-01
2.82500e+04	1.64000e-01
2.95500e+04	1.57500e-01
3.09200e+04	1.51300e-01
3.23400e+04	1.45300e-01
3.38400e+04	1.39500e-01
3.54000e+04	1.34000e-01
3.70400e+04	1.28700e-01
3.87500e+04	1.23600e-01
4.05400e+04	1.18700e-01
4.24100e+04	1.14000e-01
4.43700e+04	1.09500e-01
4.64200e+04	1.05100e-01
4.85600e+04	1.00900e-01
5.08000e+04	9.69000e-02
5.31500e+04	9.30400e-02
5.56000e+04	8.93300e-02
5.81700e+04	8.57700e-02
6.08600e+04	8.23500e-02
6.36700e+04	7.90600e-02
6.66100e+04	7.59000e-02
6.96800e+04	7.28700e-02
7.29000e+04	6.99600e-02
7.62700e+04	6.71600e-02
7.97900e+04	6.44700e-02
8.34800e+04	6.18900e-02
8.73300e+04	5.94100e-02
9.13700e+04	5.70300e-02
9.55900e+04	5.47400e-02
1.00000e+05	5.25500e-02
1.04600e+05	5.04400e-02
1.09400e+05	4.84100e-02
1.14500e+05	4.64700e-02
1.19800e+05	4.46000e-02
1.25300e+05	4.28100e-02
1.31100e+05	4.10900e-02
1.37200e+05	3.94400e-02
1.43500e+05	3.78500e-02
1.50100e+05	3.63200e-02
1.57100e+05	3.48600e-02
1.64300e+05	3.34600e-02
1.71900e+05	3.21100e-02
1.79800e+05	3.08100e-02
1.88200e+05	2.95700e-02
1.96800e+05	2.83700e-02
2.05900e+05	2.72300e-02
2.15400e+05	2.61300e-02
2.25400e+05	2.50700e-02
2.35800e+05	2.40600e-02
2.46700e+05	2.30900e-02
2.58100e+05	2.21500e-02
2.70000e+05	2.12600e-02
2.82500e+05	2.04000e-02
2.95500e+05	1.95700e-02
3.09200e+05	1.87800e-02
3.23400e+05	1.80200e-02
3.38400e+05	1.72900e-02
3.54000e+05	1.65800e-02
3.70400e+05	1.59100e-02
3.87500e+05	1.52700e-02
4.05400e+05	1.46500e-02
4.24100e+05	1.40500e-02
4.43700e+05	1.34800e-02
4.64200e+05	1.29300e-02
4.85600e+05	1.24100e-02
5.08000e+05	1.19000e-02
5.31500e+05	1.14200e-02
5.56000e+05	1.09500e-02
5.81700e+05	1.05100e-02
6.08600e+05	1.00800e-02
6.36700e+05	9.66900e-03
6.66100e+05	9.27600e-03
6.96800e+05	8.89800e-03
7.29000e+05	8.53500e-03
7.62700e+05	8.18700e-03
7.97900e+05	7.85300e-03
8.34800e+05	7.53300e-03
8.73300e+05	7.22500e-03
9.13700e+05	6.93000e-03
9.55900e+05	6.64700e-03
1.00000e+06	6.37600e-03
