# CH2CHCHO cross section
256
1.00000e+01	0.00000e+00
1.04600e+01	4.89000e-02
1.09400e+01	2.08200e-01
1.14500e+01	4.70000e-01
1.19800e+01	8.44900e-01
1.25300e+01	1.24300e+00
1.31100e+01	1.65800e+00
1.37200e+01	2.08600e+00
1.43500e+01	2.57500e+00
1.50100e+01	3.24800e+00
1.57100e+01	4.02000e+00
1.64300e+01	4.84700e+00
1.71900e+01	5.82800e+00
1.79800e+01	6.87400e+00
1.88200e+01	7.93400e+00
1.96800e+01	9.01400e+00
2.05900e+01	1.01600e+01
2.15400e+01	1.13000e+01
2.25400e+01	1.24300e+01
2.35800e+01	1.35400e+01
2.46700e+01	1.46600e+01
2.58100e+01	1.57700e+01
2.70000e+01	1.68600e+01
2.82500e+01	1.79100e+01
2.95500e+01	1.89300e+01
3.09200e+01	1.99300e+01
3.23400e+01	2.09000e+01
3.38400e+01	2.18300e+01
3.54000e+01	2.27200e+01
3.70400e+01	2.35500e+01
3.87500e+01	2.43400e+01
4.05400e+01	2.51000e+01
4.24100e+01	2.58100e+01
4.43700e+01	2.64600e+01
4.64200e+01	2.70600e+01
4.85600e+01	2.76200e+01
5.08000e+01	2.81200e+01
5.31500e+01	2.85600e+01
5.56000e+01	2.89600e+01
5.81700e+01	2.93100e+01
6.08600e+01	2.96000e+01
6.36700e+01	2.98500e+01
6.66100e+01	3.00500e+01
6.96800e+01	3.02000e+01
7.29000e+01	3.03000e+01
7.62700e+01	3.03600e+01
7.97900e+01	3.03800e+01
8.34800e+01	3.03600e+01
8.73300e+01	3.02900e+01
9.13700e+01	3.01900e+01
9.55900e+01	3.00600e+01
1.00000e+02	2.98800e+01
1.04600e+02	2.96800e+01
1.09400e+02	2.94400e+01
1.14500e+02	2.91800e+01
1.19800e+02	2.88900e+01
1.25300e+02	2.85700e+01
1.31100e+02	2.82300e+01
1.37200e+02	2.78700e+01
1.43500e+02	2.74900e+01
1.50100e+02	2.70900e+01
1.57100e+02	2.66700e+01
1.64300e+02	2.62400e+01
1.71900e+02	2.58000e+01
1.79800e+02	2.53400e+01
1.88200e+02	2.48700e+01
1.96800e+02	2.44000e+01
2.05900e+02	2.39100e+01
2.15400e+02	2.34200e+01
2.25400e+02	2.29300e+01
2.35800e+02	2.24300e+01
2.46700e+02	2.19300e+01
2.58100e+02	2.14300e+01
2.70000e+02	2.09300e+01
2.82500e+02	2.04200e+01
2.95500e+02	1.99200e+01
3.09200e+02	1.94300e+01
3.23400e+02	1.89300e+01
3.38400e+02	1.84400e+01
3.54000e+02	1.79600e+01
3.70400e+02	1.74800e+01
3.87500e+02	1.70000e+01
4.05400e+02	1.65300e+01
4.24100e+02	1.60700e+01
4.43700e+02	1.56100e+01
4.64200e+02	1.51600e+01
4.85600e+02	1.47200e+01
5.08000e+02	1.42900e+01
5.31500e+02	1.38600e+01
5.56000e+02	1.34400e+01
5.81700e+02	1.30400e+01
6.08600e+02	1.26400e+01
6.36700e+02	1.22400e+01
6.66100e+02	1.18600e+01
6.96800e+02	1.14900e+01
7.29000e+02	1.11200e+01
7.62700e+02	1.07700e+01
7.97900e+02	1.04200e+01
8.34800e+02	1.00800e+01
8.73300e+02	9.74800e+00
9.13700e+02	9.42700e+00
9.55900e+02	9.11400e+00
1.00000e+03	8.80900e+00
1.04600e+03	8.51300e+00
1.09400e+03	8.22600e+00
1.14500e+03	7.94600e+00
1.19800e+03	7.67500e+00
1.25300e+03	7.41100e+00
1.31100e+03	7.15500e+00
1.37200e+03	6.90700e+00
1.43500e+03	6.66700e+00
1.50100e+03	6.43400e+00
1.57100e+03	6.20800e+00
1.64300e+03	5.98900e+00
1.71900e+03	5.77700e+00
1.79800e+03	5.57100e+00
1.88200e+03	5.37300e+00
1.96800e+03	5.18000e+00
2.05900e+03	4.99400e+00
2.15400e+03	4.81400e+00
2.25400e+03	4.64000e+00
2.35800e+03	4.47200e+00
2.46700e+03	4.30900e+00
2.58100e+03	4.15200e+00
2.70000e+03	4.00000e+00
2.82500e+03	3.85400e+00
2.95500e+03	3.71200e+00
3.09200e+03	3.57500e+00
3.23400e+03	3.44300e+00
3.38400e+03	3.31500e+00
3.54000e+03	3.19200e+00
3.70400e+03	3.07400e+00
3.87500e+03	2.95900e+00
4.05400e+03	2.84800e+00
4.24100e+03	2.74200e+00
4.43700e+03	2.63900e+00
4.64200e+03	2.54000e+00
4.85600e+03	2.44400e+00
5.08000e+03	2.35200e+00
5.31500e+03	2.26300e+00
5.56000e+03	2.17700e+00
5.81700e+03	2.09500e+00
6.08600e+03	2.01500e+00
6.36700e+03	1.93800e+00
6.66100e+03	1.86500e+00
6.96800e+03	1.79300e+00
7.29000e+03	1.72500e+00
7.62700e+03	1.65900e+00
7.97900e+03	1.59500e+00
8.34800e+03	1.53400e+00
8.73300e+03	1.47500e+00
9.13700e+03	1.41800e+00
9.55900e+03	1.36400e+00
1.00000e+04	1.31100e+00
1.04600e+04	1.26100e+00
1.09400e+04	1.21200e+00
1.14500e+04	1.16500e+00
1.19800e+04	1.12000e+00
1.25300e+04	1.07600e+00
1.31100e+04	1.03500e+00
1.37200e+04	9.94400e-01
1.43500e+04	9.55700e-01
1.50100e+04	9.18500e-01
1.57100e+04	8.82700e-01
1.64300e+04	8.48300e-01
1.71900e+04	8.15100e-01
1.79800e+04	7.83300e-01
1.88200e+04	7.52600e-01
1.96800e+04	7.23200e-01
2.05900e+04	6.94800e-01
2.15400e+04	6.67600e-01
2.25400e+04	6.41400e-01
2.35800e+04	6.16200e-01
2.46700e+04	5.92000e-01
2.58100e+04	5.68700e-01
2.70000e+04	5.46300e-01
2.82500e+04	5.24800e-01
2.95500e+04	5.04100e-01
3.09200e+04	4.84200e-01
3.23400e+04	4.65100e-01
3.38400e+04	4.46700e-01
3.54000e+04	4.29000e-01
3.70400e+04	4.12000e-01
3.87500e+04	3.95700e-01
4.05400e+04	3.80100e-01
4.24100e+04	3.65000e-01
4.43700e+04	3.50500e-01
4.64200e+04	3.36600e-01
4.85600e+04	3.23200e-01
5.08000e+04	3.10400e-01
5.31500e+04	2.98000e-01
5.56000e+04	2.86200e-01
5.81700e+04	2.74800e-01
6.08600e+04	2.63800e-01
6.36700e+04	2.53300e-01
6.66100e+04	2.43200e-01
6.96800e+04	2.33500e-01
7.29000e+04	2.24200e-01
7.62700e+04	2.15300e-01
7.97900e+04	2.06700e-01
8.34800e+04	1.98400e-01
8.73300e+04	1.90500e-01
9.13700e+04	1.82800e-01
9.55900e+04	1.75500e-01
1.00000e+05	1.68500e-01
1.04600e+05	1.61700e-01
1.09400e+05	1.55200e-01
1.14500e+05	1.49000e-01
1.19800e+05	1.43000e-01
1.25300e+05	1.37300e-01
1.31100e+05	1.31800e-01
1.37200e+05	1.26500e-01
1.43500e+05	1.21400e-01
1.50100e+05	1.16500e-01
1.57100e+05	1.11800e-01
1.64300e+05	1.07300e-01
1.71900e+05	1.03000e-01
1.79800e+05	9.88600e-02
1.88200e+05	9.48700e-02
1.96800e+05	9.10500e-02
2.05900e+05	8.73800e-02
2.15400e+05	8.38500e-02
2.25400e+05	8.04700e-02
2.35800e+05	7.72200e-02
2.46700e+05	7.41000e-02
2.58100e+05	7.11000e-02
2.70000e+05	6.82300e-02
2.82500e+05	6.54700e-02
2.95500e+05	6.28200e-02
3.09200e+05	6.02800e-02
3.23400e+05	5.78400e-02
3.38400e+05	5.54900e-02
3.54000e+05	5.32500e-02
3.70400e+05	5.10900e-02
3.87500e+05	4.90200e-02
4.05400e+05	4.70300e-02
4.24100e+05	4.51200e-02
4.43700e+05	4.32900e-02
4.64200e+05	4.15300e-02
4.85600e+05	3.98500e-02
5.08000e+05	3.82300e-02
5.31500e+05	3.66700e-02
5.56000e+05	3.51800e-02
5.81700e+05	3.37500e-02
6.08600e+05	3.23800e-02
6.36700e+05	3.10600e-02
6.66100e+05	2.98000e-02
6.96800e+05	2.85800e-02
7.29000e+05	2.74200e-02
7.62700e+05	2.63000e-02
7.97900e+05	2.52300e-02
8.34800e+05	2.42000e-02
8.73300e+05	2.32100e-02
9.13700e+05	2.22700e-02
9.55900e+05	2.13600e-02
1.00000e+06	2.04900e-02
