# CH2CCHCN cross section
256
1.00000e+01	0.00000e+00
1.04600e+01	0.00000e+00
1.09400e+01	2.13600e-02
1.14500e+01	2.41400e-01
1.19800e+01	6.32600e-01
1.25300e+01	1.05200e+00
1.31100e+01	1.54700e+00
1.37200e+01	2.22300e+00
1.43500e+01	3.07300e+00
1.50100e+01	3.98100e+00
1.57100e+01	4.91400e+00
1.64300e+01	5.88700e+00
1.71900e+01	6.98700e+00
1.79800e+01	8.21700e+00
1.88200e+01	9.50900e+00
1.96800e+01	1.08100e+01
2.05900e+01	1.21600e+01
2.15400e+01	1.35200e+01
2.25400e+01	1.48600e+01
2.35800e+01	1.61800e+01
2.46700e+01	1.74600e+01
2.58100e+01	1.87100e+01
2.70000e+01	1.99200e+01
2.82500e+01	2.11000e+01
2.95500e+01	2.22600e+01
3.09200e+01	2.33700e+01
3.23400e+01	2.44600e+01
3.38400e+01	2.55000e+01
3.54000e+01	2.65100e+01
3.70400e+01	2.74600e+01
3.87500e+01	2.83600e+01
4.05400e+01	2.92000e+01
4.24100e+01	2.99800e+01
4.43700e+01	3.07000e+01
4.64200e+01	3.13500e+01
4.85600e+01	3.19500e+01
5.08000e+01	3.24900e+01
5.31500e+01	3.29600e+01
5.56000e+01	3.33800e+01
5.81700e+01	3.37300e+01
6.08600e+01	3.40300e+01
6.36700e+01	3.42700e+01
6.66100e+01	3.44600e+01
6.96800e+01	3.45900e+01
7.29000e+01	3.46700e+01
7.62700e+01	3.47000e+01
7.97900e+01	3.46800e+01
8.34800e+01	3.46200e+01
8.73300e+01	3.45100e+01
9.13700e+01	3.43600e+01
9.55900e+01	3.41600e+01
1.00000e+02	3.39300e+01
1.04600e+02	3.36700e+01
1.09400e+02	3.33700e+01
1.14500e+02	3.30400e+01
1.19800e+02	3.26800e+01
1.25300e+02	3.22900e+01
1.31100e+02	3.18800e+01
1.37200e+02	3.14400e+01
1.43500e+02	3.09800e+01
1.50100e+02	3.05100e+01
1.57100e+02	3.00100e+01
1.64300e+02	2.95000e+01
1.71900e+02	2.89800e+01
1.79800e+02	2.84500e+01
1.88200e+02	2.79000e+01
1.96800e+02	2.73500e+01
2.05900e+02	2.67900e+01
2.15400e+02	2.62200e+01
2.25400e+02	2.56500e+01
2.35800e+02	2.50800e+01
2.46700e+02	2.45100e+01
2.58100e+02	2.39300e+01
2.70000e+02	2.33600e+01
2.82500e+02	2.27900e+01
2.95500e+02	2.22200e+01
3.09200e+02	2.16500e+01
3.23400e+02	2.10900e+01
3.38400e+02	2.05300e+01
3.54000e+02	1.99800e+01
3.70400e+02	1.94400e+01
3.87500e+02	1.89000e+01
4.05400e+02	1.83700e+01
4.24100e+02	1.78500e+01
4.43700e+02	1.73400e+01
4.64200e+02	1.68300e+01
4.85600e+02	1.63400e+01
5.08000e+02	1.58500e+01
5.31500e+02	1.53700e+01
5.56000e+02	1.49100e+01
5.81700e+02	1.44500e+01
6.08600e+02	1.40000e+01
6.36700e+02	1.35600e+01
6.66100e+02	1.31400e+01
6.96800e+02	1.27200e+01
7.29000e+02	1.23100e+01
7.62700e+02	1.19200e+01
7.97900e+02	1.15300e+01
8.34800e+02	1.11500e+01
8.73300e+02	1.07800e+01
9.13700e+02	1.04300e+01
9.55900e+02	1.00800e+01
1.00000e+03	9.74000e+00
1.04600e+03	9.41100e+00
1.09400e+03	9.09200e+00
1.14500e+03	8.78200e+00
1.19800e+03	8.48000e+00
1.25300e+03	8.18800e+00
1.31100e+03	7.90500e+00
1.37200e+03	7.63000e+00
1.43500e+03	7.36300e+00
1.50100e+03	7.10500e+00
1.57100e+03	6.85500e+00
1.64300e+03	6.61300e+00
1.71900e+03	6.37800e+00
1.79800e+03	6.15100e+00
1.88200e+03	5.93100e+00
1.96800e+03	5.71800e+00
2.05900e+03	5.51200e+00
2.15400e+03	5.31300e+00
2.25400e+03	5.12100e+00
2.35800e+03	4.93500e+00
2.46700e+03	4.75500e+00
2.58100e+03	4.58200e+00
2.70000e+03	4.41400e+00
2.82500e+03	4.25200e+00
2.95500e+03	4.09500e+00
3.09200e+03	3.94400e+00
3.23400e+03	3.79800e+00
3.38400e+03	3.65700e+00
3.54000e+03	3.52100e+00
3.70400e+03	3.39000e+00
3.87500e+03	3.26400e+00
4.05400e+03	3.14200e+00
4.24100e+03	3.02400e+00
4.43700e+03	2.91000e+00
4.64200e+03	2.80100e+00
4.85600e+03	2.69500e+00
5.08000e+03	2.59400e+00
5.31500e+03	2.49600e+00
5.56000e+03	2.40100e+00
5.81700e+03	2.31000e+00
6.08600e+03	2.22200e+00
6.36700e+03	2.13800e+00
6.66100e+03	2.05600e+00
6.96800e+03	1.97800e+00
7.29000e+03	1.90200e+00
7.62700e+03	1.82900e+00
7.97900e+03	1.75900e+00
8.34800e+03	1.69200e+00
8.73300e+03	1.62700e+00
9.13700e+03	1.56400e+00
9.55900e+03	1.50400e+00
1.00000e+04	1.44600e+00
1.04600e+04	1.39000e+00
1.09400e+04	1.33600e+00
1.14500e+04	1.28400e+00
1.19800e+04	1.23500e+00
1.25300e+04	1.18700e+00
1.31100e+04	1.14100e+00
1.37200e+04	1.09600e+00
1.43500e+04	1.05400e+00
1.50100e+04	1.01300e+00
1.57100e+04	9.73200e-01
1.64300e+04	9.35200e-01
1.71900e+04	8.98700e-01
1.79800e+04	8.63600e-01
1.88200e+04	8.29800e-01
1.96800e+04	7.97300e-01
2.05900e+04	7.66100e-01
2.15400e+04	7.36000e-01
2.25400e+04	7.07100e-01
2.35800e+04	6.79300e-01
2.46700e+04	6.52600e-01
2.58100e+04	6.27000e-01
2.70000e+04	6.02300e-01
2.82500e+04	5.78500e-01
2.95500e+04	5.55700e-01
3.09200e+04	5.33800e-01
3.23400e+04	5.12700e-01
3.38400e+04	4.92500e-01
3.54000e+04	4.73000e-01
3.70400e+04	4.54300e-01
3.87500e+04	4.36300e-01
4.05400e+04	4.19000e-01
4.24100e+04	4.02400e-01
4.43700e+04	3.86400e-01
4.64200e+04	3.71100e-01
4.85600e+04	3.56400e-01
5.08000e+04	3.42200e-01
5.31500e+04	3.28600e-01
5.56000e+04	3.15500e-01
5.81700e+04	3.03000e-01
6.08600e+04	2.90900e-01
6.36700e+04	2.79300e-01
6.66100e+04	2.68200e-01
6.96800e+04	2.57500e-01
7.29000e+04	2.47200e-01
7.62700e+04	2.37300e-01
7.97900e+04	2.27800e-01
8.34800e+04	2.18700e-01
8.73300e+04	2.10000e-01
9.13700e+04	2.01600e-01
9.55900e+04	1.93500e-01
1.00000e+05	1.85800e-01
1.04600e+05	1.78300e-01
1.09400e+05	1.71200e-01
1.14500e+05	1.64300e-01
1.19800e+05	1.57700e-01
1.25300e+05	1.51400e-01
1.31100e+05	1.45300e-01
1.37200e+05	1.39500e-01
1.43500e+05	1.33900e-01
1.50100e+05	1.28500e-01
1.57100e+05	1.23300e-01
1.64300e+05	1.18300e-01
1.71900e+05	1.13600e-01
1.79800e+05	1.09000e-01
1.88200e+05	1.04600e-01
1.96800e+05	1.00400e-01
2.05900e+05	9.63400e-02
2.15400e+05	9.24500e-02
2.25400e+05	8.87200e-02
2.35800e+05	8.51400e-02
2.46700e+05	8.17000e-02
2.58100e+05	7.83900e-02
2.70000e+05	7.52300e-02
2.82500e+05	7.21800e-02
2.95500e+05	6.92600e-02
3.09200e+05	6.64600e-02
3.23400e+05	6.37700e-02
3.38400e+05	6.11900e-02
3.54000e+05	5.87100e-02
3.70400e+05	5.63300e-02
3.87500e+05	5.40400e-02
4.05400e+05	5.18500e-02
4.24100e+05	4.97500e-02
4.43700e+05	4.77300e-02
4.64200e+05	4.57900e-02
4.85600e+05	4.39300e-02
5.08000e+05	4.21500e-02
5.31500e+05	4.04400e-02
5.56000e+05	3.87900e-02
5.81700e+05	3.72100e-02
6.08600e+05	3.57000e-02
6.36700e+05	3.42500e-02
6.66100e+05	3.28500e-02
6.96800e+05	3.15200e-02
7.29000e+05	3.02300e-02
7.62700e+05	2.90000e-02
7.97900e+05	2.78200e-02
8.34800e+05	2.66900e-02
8.73300e+05	2.56000e-02
9.13700e+05	2.45500e-02
9.55900e+05	2.35500e-02
1.00000e+06	2.25900e-02
