# CH2NH cross section
256
1.00000e+01	0.00000e+00
1.04600e+01	0.00000e+00
1.09400e+01	1.09500e-01
1.14500e+01	2.92400e-01
1.19800e+01	4.89000e-01
1.25300e+01	6.96300e-01
1.31100e+01	1.01900e+00
1.37200e+01	1.39500e+00
1.43500e+01	1.78600e+00
1.50100e+01	2.18600e+00
1.57100e+01	2.63000e+00
1.64300e+01	3.15300e+00
1.71900e+01	3.68300e+00
1.79800e+01	4.26800e+00
1.88200e+01	4.90100e+00
1.96800e+01	5.53700e+00
2.05900e+01	6.17100e+00
2.15400e+01	6.83300e+00
2.25400e+01	7.52200e+00
2.35800e+01	8.20300e+00
2.46700e+01	8.87300e+00
2.58100e+01	9.52600e+00
2.70000e+01	1.01600e+01
2.82500e+01	1.07800e+01
2.95500e+01	1.13700e+01
3.09200e+01	1.19300e+01
3.23400e+01	1.24700e+01
3.38400e+01	1.29900e+01
3.54000e+01	1.35100e+01
3.70400e+01	1.39900e+01
3.87500e+01	1.44500e+01
4.05400e+01	1.48700e+01
4.24100e+01	1.52700e+01
4.43700e+01	1.56300e+01
4.64200e+01	1.59700e+01
4.85600e+01	1.62700e+01
5.08000e+01	1.65500e+01
5.31500e+01	1.67900e+01
5.56000e+01	1.70000e+01
5.81700e+01	1.71800e+01
6.08600e+01	1.73400e+01
6.36700e+01	1.74600e+01
6.66100e+01	1.75600e+01
6.96800e+01	1.76200e+01
7.29000e+01	1.76700e+01
7.62700e+01	1.76800e+01
7.97900e+01	1.76800e+01
8.34800e+01	1.76500e+01
8.73300e+01	1.75900e+01
9.13700e+01	1.75200e+01
9.55900e+01	1.74200e+01
1.00000e+02	1.73000e+01
1.04600e+02	1.71700e+01
1.09400e+02	1.70200e+01
1.14500e+02	1.68500e+01
1.19800e+02	1.66700e+01
1.25300e+02	1.64700e+01
1.31100e+02	1.62600e+01
1.37200e+02	1.60400e+01
1.43500e+02	1.58100e+01
1.50100e+02	1.55700e+01
1.57100e+02	1.53200e+01
1.64300e+02	1.50600e+01
1.71900e+02	1.47900e+01
1.79800e+02	1.45200e+01
1.88200e+02	1.42400e+01
1.96800e+02	1.39600e+01
2.05900e+02	1.36800e+01
2.15400e+02	1.33900e+01
2.25400e+02	1.31000e+01
2.35800e+02	1.28100e+01
2.46700e+02	1.25100e+01
2.58100e+02	1.22200e+01
2.70000e+02	1.19300e+01
2.82500e+02	1.16400e+01
2.95500e+02	1.13400e+01
3.09200e+02	1.10600e+01
3.23400e+02	1.07700e+01
3.38400e+02	1.04800e+01
3.54000e+02	1.02000e+01
3.70400e+02	9.92600e+00
3.87500e+02	9.65100e+00
4.05400e+02	9.38000e+00
4.24100e+02	9.11400e+00
4.43700e+02	8.85100e+00
4.64200e+02	8.59400e+00
4.85600e+02	8.34000e+00
5.08000e+02	8.09200e+00
5.31500e+02	7.84800e+00
5.56000e+02	7.60900e+00
5.81700e+02	7.37500e+00
6.08600e+02	7.14600e+00
6.36700e+02	6.92300e+00
6.66100e+02	6.70400e+00
6.96800e+02	6.49100e+00
7.29000e+02	6.28200e+00
7.62700e+02	6.07900e+00
7.97900e+02	5.88100e+00
8.34800e+02	5.68800e+00
8.73300e+02	5.50100e+00
9.13700e+02	5.31800e+00
9.55900e+02	5.14000e+00
1.00000e+03	4.96700e+00
1.04600e+03	4.79900e+00
1.09400e+03	4.63600e+00
1.14500e+03	4.47800e+00
1.19800e+03	4.32400e+00
1.25300e+03	4.17400e+00
1.31100e+03	4.03000e+00
1.37200e+03	3.88900e+00
1.43500e+03	3.75300e+00
1.50100e+03	3.62100e+00
1.57100e+03	3.49300e+00
1.64300e+03	3.37000e+00
1.71900e+03	3.25000e+00
1.79800e+03	3.13400e+00
1.88200e+03	3.02200e+00
1.96800e+03	2.91300e+00
2.05900e+03	2.80800e+00
2.15400e+03	2.70700e+00
2.25400e+03	2.60800e+00
2.35800e+03	2.51300e+00
2.46700e+03	2.42200e+00
2.58100e+03	2.33300e+00
2.70000e+03	2.24800e+00
2.82500e+03	2.16500e+00
2.95500e+03	2.08500e+00
3.09200e+03	2.00800e+00
3.23400e+03	1.93400e+00
3.38400e+03	1.86200e+00
3.54000e+03	1.79300e+00
3.70400e+03	1.72600e+00
3.87500e+03	1.66100e+00
4.05400e+03	1.59900e+00
4.24100e+03	1.53900e+00
4.43700e+03	1.48100e+00
4.64200e+03	1.42500e+00
4.85600e+03	1.37200e+00
5.08000e+03	1.32000e+00
5.31500e+03	1.27000e+00
5.56000e+03	1.22200e+00
5.81700e+03	1.17500e+00
6.08600e+03	1.13000e+00
6.36700e+03	1.08700e+00
6.66100e+03	1.04600e+00
6.96800e+03	1.00600e+00
7.29000e+03	9.67500e-01
7.62700e+03	9.30400e-01
7.97900e+03	8.94700e-01
8.34800e+03	8.60300e-01
8.73300e+03	8.27200e-01
9.13700e+03	7.95400e-01
9.55900e+03	7.64700e-01
1.00000e+04	7.35200e-01
1.04600e+04	7.06800e-01
1.09400e+04	6.79400e-01
1.14500e+04	6.53100e-01
1.19800e+04	6.27800e-01
1.25300e+04	6.03400e-01
1.31100e+04	5.79900e-01
1.37200e+04	5.57400e-01
1.43500e+04	5.35700e-01
1.50100e+04	5.14800e-01
1.57100e+04	4.94700e-01
1.64300e+04	4.75400e-01
1.71900e+04	4.56800e-01
1.79800e+04	4.39000e-01
1.88200e+04	4.21800e-01
1.96800e+04	4.05300e-01
2.05900e+04	3.89400e-01
2.15400e+04	3.74100e-01
2.25400e+04	3.59400e-01
2.35800e+04	3.45300e-01
2.46700e+04	3.31700e-01
2.58100e+04	3.18600e-01
2.70000e+04	3.06100e-01
2.82500e+04	2.94000e-01
2.95500e+04	2.82400e-01
3.09200e+04	2.71300e-01
3.23400e+04	2.60500e-01
3.38400e+04	2.50200e-01
3.54000e+04	2.40300e-01
3.70400e+04	2.30800e-01
3.87500e+04	2.21700e-01
4.05400e+04	2.12900e-01
4.24100e+04	2.04400e-01
4.43700e+04	1.96300e-01
4.64200e+04	1.88500e-01
4.85600e+04	1.81000e-01
5.08000e+04	1.73800e-01
5.31500e+04	1.66900e-01
5.56000e+04	1.60300e-01
5.81700e+04	1.53900e-01
6.08600e+04	1.47800e-01
6.36700e+04	1.41900e-01
6.66100e+04	1.36200e-01
6.96800e+04	1.30800e-01
7.29000e+04	1.25600e-01
7.62700e+04	1.20500e-01
7.97900e+04	1.15700e-01
8.34800e+04	1.11100e-01
8.73300e+04	1.06700e-01
9.13700e+04	1.02400e-01
9.55900e+04	9.82900e-02
1.00000e+05	9.43500e-02
1.04600e+05	9.05700e-02
1.09400e+05	8.69300e-02
1.14500e+05	8.34400e-02
1.19800e+05	8.01000e-02
1.25300e+05	7.68800e-02
1.31100e+05	7.37900e-02
1.37200e+05	7.08200e-02
1.43500e+05	6.79800e-02
1.50100e+05	6.52400e-02
1.57100e+05	6.26200e-02
1.64300e+05	6.00900e-02
1.71900e+05	5.76700e-02
1.79800e+05	5.53500e-02
1.88200e+05	5.31200e-02
1.96800e+05	5.09800e-02
2.05900e+05	4.89200e-02
2.15400e+05	4.69400e-02
2.25400e+05	4.50500e-02
2.35800e+05	4.32300e-02
2.46700e+05	4.14800e-02
2.58100e+05	3.98100e-02
2.70000e+05	3.82000e-02
2.82500e+05	3.66500e-02
2.95500e+05	3.51700e-02
3.09200e+05	3.37400e-02
3.23400e+05	3.23800e-02
3.38400e+05	3.10700e-02
3.54000e+05	2.98100e-02
3.70400e+05	2.86000e-02
3.87500e+05	2.74400e-02
4.05400e+05	2.63300e-02
4.24100e+05	2.52600e-02
4.43700e+05	2.42300e-02
4.64200e+05	2.32500e-02
4.85600e+05	2.23000e-02
5.08000e+05	2.14000e-02
5.31500e+05	2.05300e-02
5.56000e+05	1.96900e-02
5.81700e+05	1.88900e-02
6.08600e+05	1.81200e-02
6.36700e+05	1.73900e-02
6.66100e+05	1.66800e-02
6.96800e+05	1.60000e-02
7.29000e+05	1.53500e-02
7.62700e+05	1.47200e-02
7.97900e+05	1.41200e-02
8.34800e+05	1.35500e-02
8.73300e+05	1.29900e-02
9.13700e+05	1.24600e-02
9.55900e+05	1.19500e-02
1.00000e+06	1.14700e-02
