# CH2O cross section
256
1.00000e+01	0.00000e+00
1.04600e+01	0.00000e+00
1.09400e+01	0.00000e+00
1.14500e+01	1.41000e-01
1.19800e+01	2.96500e-01
1.25300e+01	4.62700e-01
1.31100e+01	6.37300e-01
1.37200e+01	8.18300e-01
1.43500e+01	1.00400e+00
1.50100e+01	1.21700e+00
1.57100e+01	1.50600e+00
1.64300e+01	1.80400e+00
1.71900e+01	2.17800e+00
1.79800e+01	2.61100e+00
1.88200e+01	3.10100e+00
1.96800e+01	3.60100e+00
2.05900e+01	4.10600e+00
2.15400e+01	4.61200e+00
2.25400e+01	5.16000e+00
2.35800e+01	5.72400e+00
2.46700e+01	6.28300e+00
2.58100e+01	6.83600e+00
2.70000e+01	7.37900e+00
2.82500e+01	7.91000e+00
2.95500e+01	8.42600e+00
3.09200e+01	8.92500e+00
3.23400e+01	9.40600e+00
3.38400e+01	9.86700e+00
3.54000e+01	1.03100e+01
3.70400e+01	1.07300e+01
3.87500e+01	1.11300e+01
4.05400e+01	1.15200e+01
4.24100e+01	1.18900e+01
4.43700e+01	1.22400e+01
4.64200e+01	1.25600e+01
4.85600e+01	1.28600e+01
5.08000e+01	1.31400e+01
5.31500e+01	1.33900e+01
5.56000e+01	1.36200e+01
5.81700e+01	1.38300e+01
6.08600e+01	1.40100e+01
6.36700e+01	1.41600e+01
6.66100e+01	1.43000e+01
6.96800e+01	1.44100e+01
7.29000e+01	1.44900e+01
7.62700e+01	1.45600e+01
7.97900e+01	1.46000e+01
8.34800e+01	1.46300e+01
8.73300e+01	1.46300e+01
9.13700e+01	1.46200e+01
9.55900e+01	1.45800e+01
1.00000e+02	1.45300e+01
1.04600e+02	1.44600e+01
1.09400e+02	1.43800e+01
1.14500e+02	1.42800e+01
1.19800e+02	1.41600e+01
1.25300e+02	1.40300e+01
1.31100e+02	1.38900e+01
1.37200e+02	1.37400e+01
1.43500e+02	1.35800e+01
1.50100e+02	1.34000e+01
1.57100e+02	1.32200e+01
1.64300e+02	1.30300e+01
1.71900e+02	1.28300e+01
1.79800e+02	1.26200e+01
1.88200e+02	1.24000e+01
1.96800e+02	1.21800e+01
2.05900e+02	1.19600e+01
2.15400e+02	1.17300e+01
2.25400e+02	1.15000e+01
2.35800e+02	1.12700e+01
2.46700e+02	1.10300e+01
2.58100e+02	1.07900e+01
2.70000e+02	1.05500e+01
2.82500e+02	1.03100e+01
2.95500e+02	1.00700e+01
3.09200e+02	9.82500e+00
3.23400e+02	9.58500e+00
3.38400e+02	9.34700e+00
3.54000e+02	9.10900e+00
3.70400e+02	8.87300e+00
3.87500e+02	8.64000e+00
4.05400e+02	8.40900e+00
4.24100e+02	8.18000e+00
4.43700e+02	7.95400e+00
4.64200e+02	7.73100e+00
4.85600e+02	7.51200e+00
5.08000e+02	7.29600e+00
5.31500e+02	7.08400e+00
5.56000e+02	6.87500e+00
5.81700e+02	6.67000e+00
6.08600e+02	6.46900e+00
6.36700e+02	6.27300e+00
6.66100e+02	6.08000e+00
6.96800e+02	5.89200e+00
7.29000e+02	5.70700e+00
7.62700e+02	5.52700e+00
7.97900e+02	5.35100e+00
8.34800e+02	5.18000e+00
8.73300e+02	5.01200e+00
9.13700e+02	4.84900e+00
9.55900e+02	4.69000e+00
1.00000e+03	4.53500e+00
1.04600e+03	4.38400e+00
1.09400e+03	4.23800e+00
1.14500e+03	4.09500e+00
1.19800e+03	3.95700e+00
1.25300e+03	3.82200e+00
1.31100e+03	3.69200e+00
1.37200e+03	3.56500e+00
1.43500e+03	3.44200e+00
1.50100e+03	3.32200e+00
1.57100e+03	3.20600e+00
1.64300e+03	3.09400e+00
1.71900e+03	2.98500e+00
1.79800e+03	2.88000e+00
1.88200e+03	2.77800e+00
1.96800e+03	2.67900e+00
2.05900e+03	2.58300e+00
2.15400e+03	2.49100e+00
2.25400e+03	2.40100e+00
2.35800e+03	2.31500e+00
2.46700e+03	2.23100e+00
2.58100e+03	2.15000e+00
2.70000e+03	2.07100e+00
2.82500e+03	1.99600e+00
2.95500e+03	1.92300e+00
3.09200e+03	1.85200e+00
3.23400e+03	1.78400e+00
3.38400e+03	1.71800e+00
3.54000e+03	1.65500e+00
3.70400e+03	1.59300e+00
3.87500e+03	1.53400e+00
4.05400e+03	1.47700e+00
4.24100e+03	1.42200e+00
4.43700e+03	1.36900e+00
4.64200e+03	1.31700e+00
4.85600e+03	1.26800e+00
5.08000e+03	1.22000e+00
5.31500e+03	1.17400e+00
5.56000e+03	1.13000e+00
5.81700e+03	1.08700e+00
6.08600e+03	1.04600e+00
6.36700e+03	1.00600e+00
6.66100e+03	9.67800e-01
6.96800e+03	9.30900e-01
7.29000e+03	8.95400e-01
7.62700e+03	8.61200e-01
7.97900e+03	8.28300e-01
8.34800e+03	7.96600e-01
8.73300e+03	7.66000e-01
9.13700e+03	7.36600e-01
9.55900e+03	7.08300e-01
1.00000e+04	6.81000e-01
1.04600e+04	6.54700e-01
1.09400e+04	6.29500e-01
1.14500e+04	6.05100e-01
1.19800e+04	5.81700e-01
1.25300e+04	5.59200e-01
1.31100e+04	5.37500e-01
1.37200e+04	5.16600e-01
1.43500e+04	4.96600e-01
1.50100e+04	4.77300e-01
1.57100e+04	4.58700e-01
1.64300e+04	4.40800e-01
1.71900e+04	4.23600e-01
1.79800e+04	4.07100e-01
1.88200e+04	3.91200e-01
1.96800e+04	3.75900e-01
2.05900e+04	3.61100e-01
2.15400e+04	3.47000e-01
2.25400e+04	3.33400e-01
2.35800e+04	3.20300e-01
2.46700e+04	3.07700e-01
2.58100e+04	2.95600e-01
2.70000e+04	2.84000e-01
2.82500e+04	2.72800e-01
2.95500e+04	2.62100e-01
3.09200e+04	2.51700e-01
3.23400e+04	2.41800e-01
3.38400e+04	2.32200e-01
3.54000e+04	2.23100e-01
3.70400e+04	2.14200e-01
3.87500e+04	2.05800e-01
4.05400e+04	1.97600e-01
4.24100e+04	1.89800e-01
4.43700e+04	1.82300e-01
4.64200e+04	1.75000e-01
4.85600e+04	1.68100e-01
5.08000e+04	1.61400e-01
5.31500e+04	1.55000e-01
5.56000e+04	1.48800e-01
5.81700e+04	1.42900e-01
6.08600e+04	1.37200e-01
6.36700e+04	1.31800e-01
6.66100e+04	1.26500e-01
6.96800e+04	1.21500e-01
7.29000e+04	1.16600e-01
7.62700e+04	1.12000e-01
7.97900e+04	1.07500e-01
8.34800e+04	1.03200e-01
8.73300e+04	9.90700e-02
9.13700e+04	9.51100e-02
9.55900e+04	9.13000e-02
1.00000e+05	8.76500e-02
1.04600e+05	8.41300e-02
1.09400e+05	8.07600e-02
1.14500e+05	7.75200e-02
1.19800e+05	7.44100e-02
1.25300e+05	7.14300e-02
1.31100e+05	6.85600e-02
1.37200e+05	6.58100e-02
1.43500e+05	6.31600e-02
1.50100e+05	6.06200e-02
1.57100e+05	5.81800e-02
1.64300e+05	5.58400e-02
1.71900e+05	5.35900e-02
1.79800e+05	5.14400e-02
1.88200e+05	4.93600e-02
1.96800e+05	4.73700e-02
2.05900e+05	4.54600e-02
2.15400e+05	4.36300e-02
2.25400e+05	4.18700e-02
2.35800e+05	4.01800e-02
2.46700e+05	3.85600e-02
2.58100e+05	3.70000e-02
2.70000e+05	3.55000e-02
2.82500e+05	3.40700e-02
2.95500e+05	3.26900e-02
3.09200e+05	3.13700e-02
3.23400e+05	3.01000e-02
3.38400e+05	2.88800e-02
3.54000e+05	2.77100e-02
3.70400e+05	2.65900e-02
3.87500e+05	2.55100e-02
4.05400e+05	2.44700e-02
4.24100e+05	2.34800e-02
4.43700e+05	2.25300e-02
4.64200e+05	2.16100e-02
4.85600e+05	2.07400e-02
5.08000e+05	1.98900e-02
5.31500e+05	1.90900e-02
5.56000e+05	1.83100e-02
5.81700e+05	1.75700e-02
6.08600e+05	1.68500e-02
6.36700e+05	1.61700e-02
6.66100e+05	1.55100e-02
6.96800e+05	1.48800e-02
7.29000e+05	1.42700e-02
7.62700e+05	1.36900e-02
7.97900e+05	1.31300e-02
8.34800e+05	1.26000e-02
8.73300e+05	1.20800e-02
9.13700e+05	1.15900e-02
9.55900e+05	1.11200e-02
1.00000e+06	1.06600e-02
