# CH2OHCHO cross section
256
1.00000e+01	0.00000e+00
1.04600e+01	0.00000e+00
1.09400e+01	1.08100e-02
1.14500e+01	1.59000e-01
1.19800e+01	4.51900e-01
1.25300e+01	7.67900e-01
1.31100e+01	1.10200e+00
1.37200e+01	1.46000e+00
1.43500e+01	1.92300e+00
1.50100e+01	2.49700e+00
1.57100e+01	3.09100e+00
1.64300e+01	3.79000e+00
1.71900e+01	4.54100e+00
1.79800e+01	5.44100e+00
1.88200e+01	6.41300e+00
1.96800e+01	7.43300e+00
2.05900e+01	8.46600e+00
2.15400e+01	9.56100e+00
2.25400e+01	1.06600e+01
2.35800e+01	1.17400e+01
2.46700e+01	1.28200e+01
2.58100e+01	1.38700e+01
2.70000e+01	1.49000e+01
2.82500e+01	1.59200e+01
2.95500e+01	1.69400e+01
3.09200e+01	1.79200e+01
3.23400e+01	1.88700e+01
3.38400e+01	1.97800e+01
3.54000e+01	2.06400e+01
3.70400e+01	2.14700e+01
3.87500e+01	2.22600e+01
4.05400e+01	2.30400e+01
4.24100e+01	2.37700e+01
4.43700e+01	2.44600e+01
4.64200e+01	2.51000e+01
4.85600e+01	2.57000e+01
5.08000e+01	2.62500e+01
5.31500e+01	2.67500e+01
5.56000e+01	2.72000e+01
5.81700e+01	2.76000e+01
6.08600e+01	2.79600e+01
6.36700e+01	2.82700e+01
6.66100e+01	2.85400e+01
6.96800e+01	2.87500e+01
7.29000e+01	2.89300e+01
7.62700e+01	2.90600e+01
7.97900e+01	2.91500e+01
8.34800e+01	2.91900e+01
8.73300e+01	2.92000e+01
9.13700e+01	2.91700e+01
9.55900e+01	2.91000e+01
1.00000e+02	2.90000e+01
1.04600e+02	2.88600e+01
1.09400e+02	2.86900e+01
1.14500e+02	2.84900e+01
1.19800e+02	2.82600e+01
1.25300e+02	2.80100e+01
1.31100e+02	2.77200e+01
1.37200e+02	2.74200e+01
1.43500e+02	2.70900e+01
1.50100e+02	2.67400e+01
1.57100e+02	2.63800e+01
1.64300e+02	2.59900e+01
1.71900e+02	2.55900e+01
1.79800e+02	2.51800e+01
1.88200e+02	2.47500e+01
1.96800e+02	2.43100e+01
2.05900e+02	2.38700e+01
2.15400e+02	2.34100e+01
2.25400e+02	2.29500e+01
2.35800e+02	2.24800e+01
2.46700e+02	2.20100e+01
2.58100e+02	2.15300e+01
2.70000e+02	2.10500e+01
2.82500e+02	2.05700e+01
2.95500e+02	2.00900e+01
3.09200e+02	1.96100e+01
3.23400e+02	1.91300e+01
3.38400e+02	1.86500e+01
3.54000e+02	1.81800e+01
3.70400e+02	1.77100e+01
3.87500e+02	1.72400e+01
4.05400e+02	1.67800e+01
4.24100e+02	1.63200e+01
4.43700e+02	1.58700e+01
4.64200e+02	1.54300e+01
4.85600e+02	1.49900e+01
5.08000e+02	1.45600e+01
5.31500e+02	1.41400e+01
5.56000e+02	1.37200e+01
5.81700e+02	1.33100e+01
6.08600e+02	1.29100e+01
6.36700e+02	1.25200e+01
6.66100e+02	1.21300e+01
6.96800e+02	1.17600e+01
7.29000e+02	1.13900e+01
7.62700e+02	1.10300e+01
7.97900e+02	1.06800e+01
8.34800e+02	1.03400e+01
8.73300e+02	1.00000e+01
9.13700e+02	9.67800e+00
9.55900e+02	9.36000e+00
1.00000e+03	9.05200e+00
1.04600e+03	8.75100e+00
1.09400e+03	8.45800e+00
1.14500e+03	8.17400e+00
1.19800e+03	7.89700e+00
1.25300e+03	7.62900e+00
1.31100e+03	7.36800e+00
1.37200e+03	7.11500e+00
1.43500e+03	6.86900e+00
1.50100e+03	6.63100e+00
1.57100e+03	6.39900e+00
1.64300e+03	6.17500e+00
1.71900e+03	5.95800e+00
1.79800e+03	5.74800e+00
1.88200e+03	5.54400e+00
1.96800e+03	5.34700e+00
2.05900e+03	5.15600e+00
2.15400e+03	4.97100e+00
2.25400e+03	4.79200e+00
2.35800e+03	4.62000e+00
2.46700e+03	4.45200e+00
2.58100e+03	4.29100e+00
2.70000e+03	4.13400e+00
2.82500e+03	3.98300e+00
2.95500e+03	3.83800e+00
3.09200e+03	3.69700e+00
3.23400e+03	3.56100e+00
3.38400e+03	3.42900e+00
3.54000e+03	3.30200e+00
3.70400e+03	3.18000e+00
3.87500e+03	3.06200e+00
4.05400e+03	2.94800e+00
4.24100e+03	2.83800e+00
4.43700e+03	2.73100e+00
4.64200e+03	2.62900e+00
4.85600e+03	2.53000e+00
5.08000e+03	2.43500e+00
5.31500e+03	2.34300e+00
5.56000e+03	2.25500e+00
5.81700e+03	2.16900e+00
6.08600e+03	2.08700e+00
6.36700e+03	2.00800e+00
6.66100e+03	1.93200e+00
6.96800e+03	1.85800e+00
7.29000e+03	1.78700e+00
7.62700e+03	1.71900e+00
7.97900e+03	1.65300e+00
8.34800e+03	1.59000e+00
8.73300e+03	1.52900e+00
9.13700e+03	1.47000e+00
9.55900e+03	1.41400e+00
1.00000e+04	1.35900e+00
1.04600e+04	1.30700e+00
1.09400e+04	1.25600e+00
1.14500e+04	1.20800e+00
1.19800e+04	1.16100e+00
1.25300e+04	1.11600e+00
1.31100e+04	1.07300e+00
1.37200e+04	1.03100e+00
1.43500e+04	9.91100e-01
1.50100e+04	9.52500e-01
1.57100e+04	9.15400e-01
1.64300e+04	8.79800e-01
1.71900e+04	8.45400e-01
1.79800e+04	8.12400e-01
1.88200e+04	7.80700e-01
1.96800e+04	7.50100e-01
2.05900e+04	7.20800e-01
2.15400e+04	6.92500e-01
2.25400e+04	6.65400e-01
2.35800e+04	6.39300e-01
2.46700e+04	6.14100e-01
2.58100e+04	5.90000e-01
2.70000e+04	5.66800e-01
2.82500e+04	5.44500e-01
2.95500e+04	5.23000e-01
3.09200e+04	5.02400e-01
3.23400e+04	4.82600e-01
3.38400e+04	4.63500e-01
3.54000e+04	4.45200e-01
3.70400e+04	4.27600e-01
3.87500e+04	4.10700e-01
4.05400e+04	3.94400e-01
4.24100e+04	3.78800e-01
4.43700e+04	3.63800e-01
4.64200e+04	3.49300e-01
4.85600e+04	3.35500e-01
5.08000e+04	3.22200e-01
5.31500e+04	3.09400e-01
5.56000e+04	2.97000e-01
5.81700e+04	2.85200e-01
6.08600e+04	2.73900e-01
6.36700e+04	2.63000e-01
6.66100e+04	2.52500e-01
6.96800e+04	2.42400e-01
7.29000e+04	2.32700e-01
7.62700e+04	2.23500e-01
7.97900e+04	2.14500e-01
8.34800e+04	2.06000e-01
8.73300e+04	1.97700e-01
9.13700e+04	1.89800e-01
9.55900e+04	1.82200e-01
1.00000e+05	1.74900e-01
1.04600e+05	1.67900e-01
1.09400e+05	1.61200e-01
1.14500e+05	1.54700e-01
1.19800e+05	1.48500e-01
1.25300e+05	1.42600e-01
1.31100e+05	1.36800e-01
1.37200e+05	1.31300e-01
1.43500e+05	1.26100e-01
1.50100e+05	1.21000e-01
1.57100e+05	1.16100e-01
1.64300e+05	1.11400e-01
1.71900e+05	1.07000e-01
1.79800e+05	1.02700e-01
1.88200e+05	9.85200e-02
1.96800e+05	9.45500e-02
2.05900e+05	9.07400e-02
2.15400e+05	8.70800e-02
2.25400e+05	8.35600e-02
2.35800e+05	8.01900e-02
2.46700e+05	7.69500e-02
2.58100e+05	7.38400e-02
2.70000e+05	7.08600e-02
2.82500e+05	6.79900e-02
2.95500e+05	6.52400e-02
3.09200e+05	6.26000e-02
3.23400e+05	6.00700e-02
3.38400e+05	5.76400e-02
3.54000e+05	5.53000e-02
3.70400e+05	5.30600e-02
3.87500e+05	5.09100e-02
4.05400e+05	4.88500e-02
4.24100e+05	4.68600e-02
4.43700e+05	4.49600e-02
4.64200e+05	4.31400e-02
4.85600e+05	4.13900e-02
5.08000e+05	3.97100e-02
5.31500e+05	3.80900e-02
5.56000e+05	3.65400e-02
5.81700e+05	3.50600e-02
6.08600e+05	3.36300e-02
6.36700e+05	3.22600e-02
6.66100e+05	3.09500e-02
6.96800e+05	2.96900e-02
7.29000e+05	2.84800e-02
7.62700e+05	2.73200e-02
7.97900e+05	2.62100e-02
8.34800e+05	2.51400e-02
8.73300e+05	2.41200e-02
9.13700e+05	2.31300e-02
9.55900e+05	2.21900e-02
1.00000e+06	2.12800e-02
