# CH3 cross section
256
1.00000e+01	8.97300e-02
1.04600e+01	2.20200e-01
1.09400e+01	3.59800e-01
1.14500e+01	5.06300e-01
1.19800e+01	6.57800e-01
1.25300e+01	8.12600e-01
1.31100e+01	9.69300e-01
1.37200e+01	1.12700e+00
1.43500e+01	1.28400e+00
1.50100e+01	1.47200e+00
1.57100e+01	1.84100e+00
1.64300e+01	2.27500e+00
1.71900e+01	2.72200e+00
1.79800e+01	3.17700e+00
1.88200e+01	3.63500e+00
1.96800e+01	4.09300e+00
2.05900e+01	4.54700e+00
2.15400e+01	4.99300e+00
2.25400e+01	5.45600e+00
2.35800e+01	5.92200e+00
2.46700e+01	6.40100e+00
2.58100e+01	6.87000e+00
2.70000e+01	7.32500e+00
2.82500e+01	7.76300e+00
2.95500e+01	8.18400e+00
3.09200e+01	8.58600e+00
3.23400e+01	8.96800e+00
3.38400e+01	9.32800e+00
3.54000e+01	9.66600e+00
3.70400e+01	9.98200e+00
3.87500e+01	1.02700e+01
4.05400e+01	1.05400e+01
4.24100e+01	1.07900e+01
4.43700e+01	1.10100e+01
4.64200e+01	1.12100e+01
4.85600e+01	1.13900e+01
5.08000e+01	1.15500e+01
5.31500e+01	1.16800e+01
5.56000e+01	1.17900e+01
5.81700e+01	1.18800e+01
6.08600e+01	1.19500e+01
6.36700e+01	1.20000e+01
6.66100e+01	1.20300e+01
6.96800e+01	1.20500e+01
7.29000e+01	1.20400e+01
7.62700e+01	1.20200e+01
7.97900e+01	1.19800e+01
8.34800e+01	1.19300e+01
8.73300e+01	1.18600e+01
9.13700e+01	1.17800e+01
9.55900e+01	1.16900e+01
1.00000e+02	1.15800e+01
1.04600e+02	1.14600e+01
1.09400e+02	1.13300e+01
1.14500e+02	1.12000e+01
1.19800e+02	1.10500e+01
1.25300e+02	1.09000e+01
1.31100e+02	1.07300e+01
1.37200e+02	1.05600e+01
1.43500e+02	1.03900e+01
1.50100e+02	1.02100e+01
1.57100e+02	1.00300e+01
1.64300e+02	9.83700e+00
1.71900e+02	9.64500e+00
1.79800e+02	9.45000e+00
1.88200e+02	9.25300e+00
1.96800e+02	9.05400e+00
2.05900e+02	8.85400e+00
2.15400e+02	8.65300e+00
2.25400e+02	8.45200e+00
2.35800e+02	8.25000e+00
2.46700e+02	8.04900e+00
2.58100e+02	7.84900e+00
2.70000e+02	7.65000e+00
2.82500e+02	7.45200e+00
2.95500e+02	7.25600e+00
3.09200e+02	7.06200e+00
3.23400e+02	6.87000e+00
3.38400e+02	6.68100e+00
3.54000e+02	6.49400e+00
3.70400e+02	6.31000e+00
3.87500e+02	6.12900e+00
4.05400e+02	5.95100e+00
4.24100e+02	5.77600e+00
4.43700e+02	5.60400e+00
4.64200e+02	5.43600e+00
4.85600e+02	5.27100e+00
5.08000e+02	5.10900e+00
5.31500e+02	4.95100e+00
5.56000e+02	4.79600e+00
5.81700e+02	4.64500e+00
6.08600e+02	4.49700e+00
6.36700e+02	4.35300e+00
6.66100e+02	4.21300e+00
6.96800e+02	4.07600e+00
7.29000e+02	3.94200e+00
7.62700e+02	3.81200e+00
7.97900e+02	3.68600e+00
8.34800e+02	3.56300e+00
8.73300e+02	3.44300e+00
9.13700e+02	3.32700e+00
9.55900e+02	3.21400e+00
1.00000e+03	3.10400e+00
1.04600e+03	2.99800e+00
1.09400e+03	2.89500e+00
1.14500e+03	2.79400e+00
1.19800e+03	2.69700e+00
1.25300e+03	2.60300e+00
1.31100e+03	2.51200e+00
1.37200e+03	2.42300e+00
1.43500e+03	2.33700e+00
1.50100e+03	2.25400e+00
1.57100e+03	2.17400e+00
1.64300e+03	2.09600e+00
1.71900e+03	2.02100e+00
1.79800e+03	1.94800e+00
1.88200e+03	1.87800e+00
1.96800e+03	1.81000e+00
2.05900e+03	1.74400e+00
2.15400e+03	1.68100e+00
2.25400e+03	1.61900e+00
2.35800e+03	1.56000e+00
2.46700e+03	1.50300e+00
2.58100e+03	1.44700e+00
2.70000e+03	1.39400e+00
2.82500e+03	1.34200e+00
2.95500e+03	1.29300e+00
3.09200e+03	1.24500e+00
3.23400e+03	1.19800e+00
3.38400e+03	1.15400e+00
3.54000e+03	1.11000e+00
3.70400e+03	1.06900e+00
3.87500e+03	1.02900e+00
4.05400e+03	9.90000e-01
4.24100e+03	9.52700e-01
4.43700e+03	9.16700e-01
4.64200e+03	8.82100e-01
4.85600e+03	8.48700e-01
5.08000e+03	8.16500e-01
5.31500e+03	7.85500e-01
5.56000e+03	7.55600e-01
5.81700e+03	7.26800e-01
6.08600e+03	6.99100e-01
6.36700e+03	6.72400e-01
6.66100e+03	6.46600e-01
6.96800e+03	6.21900e-01
7.29000e+03	5.98000e-01
7.62700e+03	5.75000e-01
7.97900e+03	5.52900e-01
8.34800e+03	5.31600e-01
8.73300e+03	5.11100e-01
9.13700e+03	4.91400e-01
9.55900e+03	4.72400e-01
1.00000e+04	4.54100e-01
1.04600e+04	4.36500e-01
1.09400e+04	4.19600e-01
1.14500e+04	4.03300e-01
1.19800e+04	3.87700e-01
1.25300e+04	3.72600e-01
1.31100e+04	3.58100e-01
1.37200e+04	3.44100e-01
1.43500e+04	3.30700e-01
1.50100e+04	3.17800e-01
1.57100e+04	3.05400e-01
1.64300e+04	2.93400e-01
1.71900e+04	2.82000e-01
1.79800e+04	2.70900e-01
1.88200e+04	2.60300e-01
1.96800e+04	2.50100e-01
2.05900e+04	2.40300e-01
2.15400e+04	2.30800e-01
2.25400e+04	2.21800e-01
2.35800e+04	2.13000e-01
2.46700e+04	2.04600e-01
2.58100e+04	1.96600e-01
2.70000e+04	1.88800e-01
2.82500e+04	1.81400e-01
2.95500e+04	1.74200e-01
3.09200e+04	1.67300e-01
3.23400e+04	1.60700e-01
3.38400e+04	1.54300e-01
3.54000e+04	1.48200e-01
3.70400e+04	1.42400e-01
3.87500e+04	1.36700e-01
4.05400e+04	1.31300e-01
4.24100e+04	1.26100e-01
4.43700e+04	1.21100e-01
4.64200e+04	1.16300e-01
4.85600e+04	1.11600e-01
5.08000e+04	1.07200e-01
5.31500e+04	1.02900e-01
5.56000e+04	9.88300e-02
5.81700e+04	9.48900e-02
6.08600e+04	9.11100e-02
6.36700e+04	8.74800e-02
6.66100e+04	8.39800e-02
6.96800e+04	8.06300e-02
7.29000e+04	7.74100e-02
7.62700e+04	7.43200e-02
7.97900e+04	7.13400e-02
8.34800e+04	6.84900e-02
8.73300e+04	6.57500e-02
9.13700e+04	6.31100e-02
9.55900e+04	6.05800e-02
1.00000e+05	5.81600e-02
1.04600e+05	5.58200e-02
1.09400e+05	5.35800e-02
1.14500e+05	5.14300e-02
1.19800e+05	4.93700e-02
1.25300e+05	4.73800e-02
1.31100e+05	4.54800e-02
1.37200e+05	4.36500e-02
1.43500e+05	4.18900e-02
1.50100e+05	4.02100e-02
1.57100e+05	3.85900e-02
1.64300e+05	3.70300e-02
1.71900e+05	3.55400e-02
1.79800e+05	3.41100e-02
1.88200e+05	3.27300e-02
1.96800e+05	3.14100e-02
2.05900e+05	3.01500e-02
2.15400e+05	2.89300e-02
2.25400e+05	2.77600e-02
2.35800e+05	2.66400e-02
2.46700e+05	2.55600e-02
2.58100e+05	2.45300e-02
2.70000e+05	2.35400e-02
2.82500e+05	2.25800e-02
2.95500e+05	2.16700e-02
3.09200e+05	2.07900e-02
3.23400e+05	1.99500e-02
3.38400e+05	1.91400e-02
3.54000e+05	1.83600e-02
3.70400e+05	1.76200e-02
3.87500e+05	1.69100e-02
4.05400e+05	1.62200e-02
4.24100e+05	1.55600e-02
4.43700e+05	1.49300e-02
4.64200e+05	1.43200e-02
4.85600e+05	1.37400e-02
5.08000e+05	1.31800e-02
5.31500e+05	1.26500e-02
5.56000e+05	1.21300e-02
5.81700e+05	1.16400e-02
6.08600e+05	1.11600e-02
6.36700e+05	1.07100e-02
6.66100e+05	1.02700e-02
6.96800e+05	9.85500e-03
7.29000e+05	9.45400e-03
7.62700e+05	9.06800e-03
7.97900e+05	8.69900e-03
8.34800e+05	8.34400e-03
8.73300e+05	8.00400e-03
9.13700e+05	7.67700e-03
9.55900e+05	7.36400e-03
1.00000e+06	7.06300e-03
