# CH3C6H cross section
256
1.00000e+01	5.43300e-01
1.04600e+01	1.06100e+00
1.09400e+01	1.61100e+00
1.14500e+01	2.38100e+00
1.19800e+01	3.27800e+00
1.25300e+01	4.34400e+00
1.31100e+01	5.59300e+00
1.37200e+01	7.03600e+00
1.43500e+01	8.66700e+00
1.50100e+01	1.03300e+01
1.57100e+01	1.20700e+01
1.64300e+01	1.38800e+01
1.71900e+01	1.58000e+01
1.79800e+01	1.77400e+01
1.88200e+01	1.97300e+01
1.96800e+01	2.17200e+01
2.05900e+01	2.37300e+01
2.15400e+01	2.56900e+01
2.25400e+01	2.76100e+01
2.35800e+01	2.94800e+01
2.46700e+01	3.13200e+01
2.58100e+01	3.31000e+01
2.70000e+01	3.48100e+01
2.82500e+01	3.64700e+01
2.95500e+01	3.80900e+01
3.09200e+01	3.96800e+01
3.23400e+01	4.12100e+01
3.38400e+01	4.26600e+01
3.54000e+01	4.40300e+01
3.70400e+01	4.53000e+01
3.87500e+01	4.64800e+01
4.05400e+01	4.75800e+01
4.24100e+01	4.85700e+01
4.43700e+01	4.94800e+01
4.64200e+01	5.02800e+01
4.85600e+01	5.10000e+01
5.08000e+01	5.16200e+01
5.31500e+01	5.21600e+01
5.56000e+01	5.26000e+01
5.81700e+01	5.29600e+01
6.08600e+01	5.32300e+01
6.36700e+01	5.34200e+01
6.66100e+01	5.35300e+01
6.96800e+01	5.35600e+01
7.29000e+01	5.35200e+01
7.62700e+01	5.34100e+01
7.97900e+01	5.32300e+01
8.34800e+01	5.29800e+01
8.73300e+01	5.26800e+01
9.13700e+01	5.23100e+01
9.55900e+01	5.18900e+01
1.00000e+02	5.14200e+01
1.04600e+02	5.09000e+01
1.09400e+02	5.03400e+01
1.14500e+02	4.97300e+01
1.19800e+02	4.90900e+01
1.25300e+02	4.84100e+01
1.31100e+02	4.77000e+01
1.37200e+02	4.69600e+01
1.43500e+02	4.62000e+01
1.50100e+02	4.54100e+01
1.57100e+02	4.46000e+01
1.64300e+02	4.37800e+01
1.71900e+02	4.29300e+01
1.79800e+02	4.20800e+01
1.88200e+02	4.12200e+01
1.96800e+02	4.03400e+01
2.05900e+02	3.94600e+01
2.15400e+02	3.85800e+01
2.25400e+02	3.76900e+01
2.35800e+02	3.68100e+01
2.46700e+02	3.59200e+01
2.58100e+02	3.50400e+01
2.70000e+02	3.41600e+01
2.82500e+02	3.32900e+01
2.95500e+02	3.24300e+01
3.09200e+02	3.15700e+01
3.23400e+02	3.07200e+01
3.38400e+02	2.98900e+01
3.54000e+02	2.90600e+01
3.70400e+02	2.82500e+01
3.87500e+02	2.74400e+01
4.05400e+02	2.66600e+01
4.24100e+02	2.58800e+01
4.43700e+02	2.51200e+01
4.64200e+02	2.43700e+01
4.85600e+02	2.36400e+01
5.08000e+02	2.29200e+01
5.31500e+02	2.22200e+01
5.56000e+02	2.15300e+01
5.81700e+02	2.08600e+01
6.08600e+02	2.02000e+01
6.36700e+02	1.95600e+01
6.66100e+02	1.89300e+01
6.96800e+02	1.83200e+01
7.29000e+02	1.77300e+01
7.62700e+02	1.71500e+01
7.97900e+02	1.65800e+01
8.34800e+02	1.60300e+01
8.73300e+02	1.55000e+01
9.13700e+02	1.49800e+01
9.55900e+02	1.44700e+01
1.00000e+03	1.39800e+01
1.04600e+03	1.35100e+01
1.09400e+03	1.30400e+01
1.14500e+03	1.25900e+01
1.19800e+03	1.21600e+01
1.25300e+03	1.17400e+01
1.31100e+03	1.13300e+01
1.37200e+03	1.09300e+01
1.43500e+03	1.05500e+01
1.50100e+03	1.01700e+01
1.57100e+03	9.81200e+00
1.64300e+03	9.46300e+00
1.71900e+03	9.12500e+00
1.79800e+03	8.79800e+00
1.88200e+03	8.48100e+00
1.96800e+03	8.17600e+00
2.05900e+03	7.88000e+00
2.15400e+03	7.59400e+00
2.25400e+03	7.31700e+00
2.35800e+03	7.05000e+00
2.46700e+03	6.79200e+00
2.58100e+03	6.54300e+00
2.70000e+03	6.30200e+00
2.82500e+03	6.07000e+00
2.95500e+03	5.84600e+00
3.09200e+03	5.62900e+00
3.23400e+03	5.42000e+00
3.38400e+03	5.21800e+00
3.54000e+03	5.02400e+00
3.70400e+03	4.83600e+00
3.87500e+03	4.65500e+00
4.05400e+03	4.48000e+00
4.24100e+03	4.31200e+00
4.43700e+03	4.15000e+00
4.64200e+03	3.99300e+00
4.85600e+03	3.84200e+00
5.08000e+03	3.69700e+00
5.31500e+03	3.55600e+00
5.56000e+03	3.42100e+00
5.81700e+03	3.29100e+00
6.08600e+03	3.16600e+00
6.36700e+03	3.04500e+00
6.66100e+03	2.92900e+00
6.96800e+03	2.81700e+00
7.29000e+03	2.70900e+00
7.62700e+03	2.60500e+00
7.97900e+03	2.50500e+00
8.34800e+03	2.40900e+00
8.73300e+03	2.31600e+00
9.13700e+03	2.22700e+00
9.55900e+03	2.14100e+00
1.00000e+04	2.05800e+00
1.04600e+04	1.97800e+00
1.09400e+04	1.90200e+00
1.14500e+04	1.82800e+00
1.19800e+04	1.75700e+00
1.25300e+04	1.68900e+00
1.31100e+04	1.62300e+00
1.37200e+04	1.56000e+00
1.43500e+04	1.49900e+00
1.50100e+04	1.44100e+00
1.57100e+04	1.38400e+00
1.64300e+04	1.33000e+00
1.71900e+04	1.27800e+00
1.79800e+04	1.22800e+00
1.88200e+04	1.18000e+00
1.96800e+04	1.13400e+00
2.05900e+04	1.08900e+00
2.15400e+04	1.04700e+00
2.25400e+04	1.00500e+00
2.35800e+04	9.65900e-01
2.46700e+04	9.27900e-01
2.58100e+04	8.91400e-01
2.70000e+04	8.56200e-01
2.82500e+04	8.22500e-01
2.95500e+04	7.90000e-01
3.09200e+04	7.58800e-01
3.23400e+04	7.28800e-01
3.38400e+04	7.00000e-01
3.54000e+04	6.72300e-01
3.70400e+04	6.45600e-01
3.87500e+04	6.20100e-01
4.05400e+04	5.95500e-01
4.24100e+04	5.71800e-01
4.43700e+04	5.49100e-01
4.64200e+04	5.27300e-01
4.85600e+04	5.06400e-01
5.08000e+04	4.86200e-01
5.31500e+04	4.66900e-01
5.56000e+04	4.48300e-01
5.81700e+04	4.30400e-01
6.08600e+04	4.13300e-01
6.36700e+04	3.96800e-01
6.66100e+04	3.81000e-01
6.96800e+04	3.65700e-01
7.29000e+04	3.51100e-01
7.62700e+04	3.37100e-01
7.97900e+04	3.23600e-01
8.34800e+04	3.10700e-01
8.73300e+04	2.98200e-01
9.13700e+04	2.86300e-01
9.55900e+04	2.74800e-01
1.00000e+05	2.63800e-01
1.04600e+05	2.53200e-01
1.09400e+05	2.43100e-01
1.14500e+05	2.33300e-01
1.19800e+05	2.24000e-01
1.25300e+05	2.15000e-01
1.31100e+05	2.06300e-01
1.37200e+05	1.98000e-01
1.43500e+05	1.90100e-01
1.50100e+05	1.82400e-01
1.57100e+05	1.75100e-01
1.64300e+05	1.68000e-01
1.71900e+05	1.61200e-01
1.79800e+05	1.54700e-01
1.88200e+05	1.48500e-01
1.96800e+05	1.42500e-01
2.05900e+05	1.36800e-01
2.15400e+05	1.31200e-01
2.25400e+05	1.25900e-01
2.35800e+05	1.20900e-01
2.46700e+05	1.16000e-01
2.58100e+05	1.11300e-01
2.70000e+05	1.06800e-01
2.82500e+05	1.02500e-01
2.95500e+05	9.83100e-02
3.09200e+05	9.43300e-02
3.23400e+05	9.05100e-02
3.38400e+05	8.68400e-02
3.54000e+05	8.33200e-02
3.70400e+05	7.99400e-02
3.87500e+05	7.67000e-02
4.05400e+05	7.35900e-02
4.24100e+05	7.06000e-02
4.43700e+05	6.77300e-02
4.64200e+05	6.49800e-02
4.85600e+05	6.23400e-02
5.08000e+05	5.98100e-02
5.31500e+05	5.73800e-02
5.56000e+05	5.50400e-02
5.81700e+05	5.28000e-02
6.08600e+05	5.06600e-02
6.36700e+05	4.85900e-02
6.66100e+05	4.66100e-02
6.96800e+05	4.47200e-02
7.29000e+05	4.28900e-02
7.62700e+05	4.11500e-02
7.97900e+05	3.94700e-02
8.34800e+05	3.78600e-02
8.73300e+05	3.63100e-02
9.13700e+05	3.48300e-02
9.55900e+05	3.34100e-02
1.00000e+06	3.20500e-02
