# CH3CHO cross section
256
1.00000e+01	0.00000e+00
1.04600e+01	3.27900e-02
1.09400e+01	1.88300e-01
1.14500e+01	3.57600e-01
1.19800e+01	5.37900e-01
1.25300e+01	7.26800e-01
1.31100e+01	9.22100e-01
1.37200e+01	1.15100e+00
1.43500e+01	1.47200e+00
1.50100e+01	1.90600e+00
1.57100e+01	2.39200e+00
1.64300e+01	3.06800e+00
1.71900e+01	3.83100e+00
1.79800e+01	4.66500e+00
1.88200e+01	5.51700e+00
1.96800e+01	6.37900e+00
2.05900e+01	7.28800e+00
2.15400e+01	8.22300e+00
2.25400e+01	9.15400e+00
2.35800e+01	1.00800e+01
2.46700e+01	1.09800e+01
2.58100e+01	1.18700e+01
2.70000e+01	1.27300e+01
2.82500e+01	1.35800e+01
2.95500e+01	1.44300e+01
3.09200e+01	1.52500e+01
3.23400e+01	1.60300e+01
3.38400e+01	1.67900e+01
3.54000e+01	1.75100e+01
3.70400e+01	1.81900e+01
3.87500e+01	1.88300e+01
4.05400e+01	1.94600e+01
4.24100e+01	2.00400e+01
4.43700e+01	2.05800e+01
4.64200e+01	2.10800e+01
4.85600e+01	2.15400e+01
5.08000e+01	2.19600e+01
5.31500e+01	2.23400e+01
5.56000e+01	2.26800e+01
5.81700e+01	2.29700e+01
6.08600e+01	2.32300e+01
6.36700e+01	2.34500e+01
6.66100e+01	2.36300e+01
6.96800e+01	2.37700e+01
7.29000e+01	2.38700e+01
7.62700e+01	2.39400e+01
7.97900e+01	2.39700e+01
8.34800e+01	2.39700e+01
8.73300e+01	2.39400e+01
9.13700e+01	2.38800e+01
9.55900e+01	2.37900e+01
1.00000e+02	2.36700e+01
1.04600e+02	2.35200e+01
1.09400e+02	2.33500e+01
1.14500e+02	2.31500e+01
1.19800e+02	2.29300e+01
1.25300e+02	2.26900e+01
1.31100e+02	2.24400e+01
1.37200e+02	2.21600e+01
1.43500e+02	2.18700e+01
1.50100e+02	2.15600e+01
1.57100e+02	2.12400e+01
1.64300e+02	2.09000e+01
1.71900e+02	2.05600e+01
1.79800e+02	2.02000e+01
1.88200e+02	1.98400e+01
1.96800e+02	1.94700e+01
2.05900e+02	1.90900e+01
2.15400e+02	1.87000e+01
2.25400e+02	1.83200e+01
2.35800e+02	1.79200e+01
2.46700e+02	1.75300e+01
2.58100e+02	1.71300e+01
2.70000e+02	1.67400e+01
2.82500e+02	1.63400e+01
2.95500e+02	1.59500e+01
3.09200e+02	1.55500e+01
3.23400e+02	1.51600e+01
3.38400e+02	1.47700e+01
3.54000e+02	1.43800e+01
3.70400e+02	1.40000e+01
3.87500e+02	1.36200e+01
4.05400e+02	1.32500e+01
4.24100e+02	1.28800e+01
4.43700e+02	1.25200e+01
4.64200e+02	1.21600e+01
4.85600e+02	1.18100e+01
5.08000e+02	1.14600e+01
5.31500e+02	1.11200e+01
5.56000e+02	1.07900e+01
5.81700e+02	1.04600e+01
6.08600e+02	1.01400e+01
6.36700e+02	9.83200e+00
6.66100e+02	9.52600e+00
6.96800e+02	9.22600e+00
7.29000e+02	8.93400e+00
7.62700e+02	8.64900e+00
7.97900e+02	8.37000e+00
8.34800e+02	8.09900e+00
8.73300e+02	7.83400e+00
9.13700e+02	7.57600e+00
9.55900e+02	7.32600e+00
1.00000e+03	7.08200e+00
1.04600e+03	6.84400e+00
1.09400e+03	6.61300e+00
1.14500e+03	6.38900e+00
1.19800e+03	6.17100e+00
1.25300e+03	5.96000e+00
1.31100e+03	5.75500e+00
1.37200e+03	5.55600e+00
1.43500e+03	5.36200e+00
1.50100e+03	5.17500e+00
1.57100e+03	4.99400e+00
1.64300e+03	4.81800e+00
1.71900e+03	4.64700e+00
1.79800e+03	4.48300e+00
1.88200e+03	4.32300e+00
1.96800e+03	4.16800e+00
2.05900e+03	4.01900e+00
2.15400e+03	3.87400e+00
2.25400e+03	3.73400e+00
2.35800e+03	3.59900e+00
2.46700e+03	3.46800e+00
2.58100e+03	3.34200e+00
2.70000e+03	3.22000e+00
2.82500e+03	3.10200e+00
2.95500e+03	2.98800e+00
3.09200e+03	2.87800e+00
3.23400e+03	2.77100e+00
3.38400e+03	2.66900e+00
3.54000e+03	2.57000e+00
3.70400e+03	2.47400e+00
3.87500e+03	2.38200e+00
4.05400e+03	2.29300e+00
4.24100e+03	2.20700e+00
4.43700e+03	2.12400e+00
4.64200e+03	2.04500e+00
4.85600e+03	1.96800e+00
5.08000e+03	1.89400e+00
5.31500e+03	1.82200e+00
5.56000e+03	1.75300e+00
5.81700e+03	1.68700e+00
6.08600e+03	1.62300e+00
6.36700e+03	1.56100e+00
6.66100e+03	1.50100e+00
6.96800e+03	1.44400e+00
7.29000e+03	1.38900e+00
7.62700e+03	1.33600e+00
7.97900e+03	1.28500e+00
8.34800e+03	1.23500e+00
8.73300e+03	1.18800e+00
9.13700e+03	1.14200e+00
9.55900e+03	1.09800e+00
1.00000e+04	1.05600e+00
1.04600e+04	1.01500e+00
1.09400e+04	9.75900e-01
1.14500e+04	9.38200e-01
1.19800e+04	9.01900e-01
1.25300e+04	8.66900e-01
1.31100e+04	8.33200e-01
1.37200e+04	8.00900e-01
1.43500e+04	7.69700e-01
1.50100e+04	7.39800e-01
1.57100e+04	7.10900e-01
1.64300e+04	6.83200e-01
1.71900e+04	6.56500e-01
1.79800e+04	6.30900e-01
1.88200e+04	6.06200e-01
1.96800e+04	5.82500e-01
2.05900e+04	5.59600e-01
2.15400e+04	5.37700e-01
2.25400e+04	5.16600e-01
2.35800e+04	4.96300e-01
2.46700e+04	4.76800e-01
2.58100e+04	4.58100e-01
2.70000e+04	4.40000e-01
2.82500e+04	4.22700e-01
2.95500e+04	4.06000e-01
3.09200e+04	3.90000e-01
3.23400e+04	3.74600e-01
3.38400e+04	3.59800e-01
3.54000e+04	3.45600e-01
3.70400e+04	3.31900e-01
3.87500e+04	3.18800e-01
4.05400e+04	3.06100e-01
4.24100e+04	2.94000e-01
4.43700e+04	2.82300e-01
4.64200e+04	2.71100e-01
4.85600e+04	2.60400e-01
5.08000e+04	2.50000e-01
5.31500e+04	2.40100e-01
5.56000e+04	2.30500e-01
5.81700e+04	2.21400e-01
6.08600e+04	2.12500e-01
6.36700e+04	2.04100e-01
6.66100e+04	1.95900e-01
6.96800e+04	1.88100e-01
7.29000e+04	1.80600e-01
7.62700e+04	1.73400e-01
7.97900e+04	1.66500e-01
8.34800e+04	1.59800e-01
8.73300e+04	1.53400e-01
9.13700e+04	1.47300e-01
9.55900e+04	1.41400e-01
1.00000e+05	1.35700e-01
1.04600e+05	1.30300e-01
1.09400e+05	1.25100e-01
1.14500e+05	1.20100e-01
1.19800e+05	1.15200e-01
1.25300e+05	1.10600e-01
1.31100e+05	1.06200e-01
1.37200e+05	1.01900e-01
1.43500e+05	9.78100e-02
1.50100e+05	9.38700e-02
1.57100e+05	9.01000e-02
1.64300e+05	8.64700e-02
1.71900e+05	8.29900e-02
1.79800e+05	7.96500e-02
1.88200e+05	7.64400e-02
1.96800e+05	7.33600e-02
2.05900e+05	7.04000e-02
2.15400e+05	6.75600e-02
2.25400e+05	6.48300e-02
2.35800e+05	6.22100e-02
2.46700e+05	5.97000e-02
2.58100e+05	5.72900e-02
2.70000e+05	5.49700e-02
2.82500e+05	5.27500e-02
2.95500e+05	5.06100e-02
3.09200e+05	4.85700e-02
3.23400e+05	4.66000e-02
3.38400e+05	4.47100e-02
3.54000e+05	4.29000e-02
3.70400e+05	4.11600e-02
3.87500e+05	3.94900e-02
4.05400e+05	3.78900e-02
4.24100e+05	3.63500e-02
4.43700e+05	3.48800e-02
4.64200e+05	3.34600e-02
4.85600e+05	3.21000e-02
5.08000e+05	3.08000e-02
5.31500e+05	2.95500e-02
5.56000e+05	2.83500e-02
5.81700e+05	2.72000e-02
6.08600e+05	2.60900e-02
6.36700e+05	2.50300e-02
6.66100e+05	2.40100e-02
6.96800e+05	2.30300e-02
7.29000e+05	2.20900e-02
7.62700e+05	2.11900e-02
7.97900e+05	2.03300e-02
8.34800e+05	1.95000e-02
8.73300e+05	1.87100e-02
9.13700e+05	1.79400e-02
9.55900e+05	1.72100e-02
1.00000e+06	1.65100e-02
