# CH3COOCH3 cross section
256
1.00000e+01	0.00000e+00
1.04600e+01	0.00000e+00
1.09400e+01	6.75600e-02
1.14500e+01	2.10400e-01
1.19800e+01	4.73700e-01
1.25300e+01	7.75200e-01
1.31100e+01	1.09600e+00
1.37200e+01	1.59500e+00
1.43500e+01	2.19600e+00
1.50100e+01	2.94800e+00
1.57100e+01	3.89600e+00
1.64300e+01	4.94800e+00
1.71900e+01	6.09000e+00
1.79800e+01	7.44300e+00
1.88200e+01	8.83500e+00
1.96800e+01	1.02700e+01
2.05900e+01	1.17500e+01
2.15400e+01	1.32400e+01
2.25400e+01	1.47100e+01
2.35800e+01	1.61700e+01
2.46700e+01	1.76500e+01
2.58100e+01	1.91100e+01
2.70000e+01	2.05400e+01
2.82500e+01	2.19200e+01
2.95500e+01	2.33000e+01
3.09200e+01	2.46300e+01
3.23400e+01	2.59100e+01
3.38400e+01	2.71300e+01
3.54000e+01	2.83000e+01
3.70400e+01	2.94000e+01
3.87500e+01	3.04700e+01
4.05400e+01	3.14700e+01
4.24100e+01	3.24300e+01
4.43700e+01	3.33200e+01
4.64200e+01	3.41400e+01
4.85600e+01	3.49100e+01
5.08000e+01	3.56000e+01
5.31500e+01	3.62300e+01
5.56000e+01	3.67900e+01
5.81700e+01	3.72900e+01
6.08600e+01	3.77200e+01
6.36700e+01	3.80900e+01
6.66100e+01	3.84000e+01
6.96800e+01	3.86400e+01
7.29000e+01	3.88300e+01
7.62700e+01	3.89600e+01
7.97900e+01	3.90300e+01
8.34800e+01	3.90400e+01
8.73300e+01	3.90100e+01
9.13700e+01	3.89200e+01
9.55900e+01	3.87900e+01
1.00000e+02	3.86100e+01
1.04600e+02	3.83800e+01
1.09400e+02	3.81200e+01
1.14500e+02	3.78100e+01
1.19800e+02	3.74700e+01
1.25300e+02	3.70900e+01
1.31100e+02	3.66800e+01
1.37200e+02	3.62400e+01
1.43500e+02	3.57800e+01
1.50100e+02	3.52900e+01
1.57100e+02	3.47700e+01
1.64300e+02	3.42300e+01
1.71900e+02	3.36800e+01
1.79800e+02	3.31100e+01
1.88200e+02	3.25200e+01
1.96800e+02	3.19200e+01
2.05900e+02	3.13100e+01
2.15400e+02	3.06900e+01
2.25400e+02	3.00600e+01
2.35800e+02	2.94300e+01
2.46700e+02	2.87900e+01
2.58100e+02	2.81400e+01
2.70000e+02	2.75000e+01
2.82500e+02	2.68600e+01
2.95500e+02	2.62100e+01
3.09200e+02	2.55700e+01
3.23400e+02	2.49300e+01
3.38400e+02	2.43000e+01
3.54000e+02	2.36700e+01
3.70400e+02	2.30400e+01
3.87500e+02	2.24300e+01
4.05400e+02	2.18200e+01
4.24100e+02	2.12100e+01
4.43700e+02	2.06200e+01
4.64200e+02	2.00300e+01
4.85600e+02	1.94600e+01
5.08000e+02	1.88900e+01
5.31500e+02	1.83300e+01
5.56000e+02	1.77900e+01
5.81700e+02	1.72500e+01
6.08600e+02	1.67200e+01
6.36700e+02	1.62100e+01
6.66100e+02	1.57100e+01
6.96800e+02	1.52200e+01
7.29000e+02	1.47400e+01
7.62700e+02	1.42700e+01
7.97900e+02	1.38100e+01
8.34800e+02	1.33600e+01
8.73300e+02	1.29300e+01
9.13700e+02	1.25000e+01
9.55900e+02	1.20900e+01
1.00000e+03	1.16900e+01
1.04600e+03	1.13000e+01
1.09400e+03	1.09200e+01
1.14500e+03	1.05500e+01
1.19800e+03	1.01900e+01
1.25300e+03	9.84200e+00
1.31100e+03	9.50300e+00
1.37200e+03	9.17500e+00
1.43500e+03	8.85700e+00
1.50100e+03	8.54800e+00
1.57100e+03	8.24900e+00
1.64300e+03	7.95900e+00
1.71900e+03	7.67800e+00
1.79800e+03	7.40600e+00
1.88200e+03	7.14200e+00
1.96800e+03	6.88700e+00
2.05900e+03	6.64000e+00
2.15400e+03	6.40200e+00
2.25400e+03	6.17100e+00
2.35800e+03	5.94700e+00
2.46700e+03	5.73200e+00
2.58100e+03	5.52300e+00
2.70000e+03	5.32100e+00
2.82500e+03	5.12700e+00
2.95500e+03	4.93800e+00
3.09200e+03	4.75700e+00
3.23400e+03	4.58100e+00
3.38400e+03	4.41200e+00
3.54000e+03	4.24800e+00
3.70400e+03	4.09000e+00
3.87500e+03	3.93800e+00
4.05400e+03	3.79100e+00
4.24100e+03	3.64900e+00
4.43700e+03	3.51200e+00
4.64200e+03	3.38100e+00
4.85600e+03	3.25300e+00
5.08000e+03	3.13100e+00
5.31500e+03	3.01300e+00
5.56000e+03	2.89900e+00
5.81700e+03	2.78900e+00
6.08600e+03	2.68300e+00
6.36700e+03	2.58100e+00
6.66100e+03	2.48300e+00
6.96800e+03	2.38800e+00
7.29000e+03	2.29700e+00
7.62700e+03	2.20900e+00
7.97900e+03	2.12500e+00
8.34800e+03	2.04300e+00
8.73300e+03	1.96500e+00
9.13700e+03	1.88900e+00
9.55900e+03	1.81600e+00
1.00000e+04	1.74600e+00
1.04600e+04	1.67900e+00
1.09400e+04	1.61400e+00
1.14500e+04	1.55200e+00
1.19800e+04	1.49200e+00
1.25300e+04	1.43400e+00
1.31100e+04	1.37800e+00
1.37200e+04	1.32500e+00
1.43500e+04	1.27300e+00
1.50100e+04	1.22400e+00
1.57100e+04	1.17600e+00
1.64300e+04	1.13000e+00
1.71900e+04	1.08600e+00
1.79800e+04	1.04300e+00
1.88200e+04	1.00300e+00
1.96800e+04	9.63500e-01
2.05900e+04	9.25700e-01
2.15400e+04	8.89400e-01
2.25400e+04	8.54500e-01
2.35800e+04	8.21000e-01
2.46700e+04	7.88700e-01
2.58100e+04	7.57700e-01
2.70000e+04	7.27900e-01
2.82500e+04	6.99200e-01
2.95500e+04	6.71600e-01
3.09200e+04	6.45100e-01
3.23400e+04	6.19700e-01
3.38400e+04	5.95200e-01
3.54000e+04	5.71700e-01
3.70400e+04	5.49100e-01
3.87500e+04	5.27300e-01
4.05400e+04	5.06400e-01
4.24100e+04	4.86400e-01
4.43700e+04	4.67100e-01
4.64200e+04	4.48500e-01
4.85600e+04	4.30700e-01
5.08000e+04	4.13600e-01
5.31500e+04	3.97200e-01
5.56000e+04	3.81400e-01
5.81700e+04	3.66200e-01
6.08600e+04	3.51600e-01
6.36700e+04	3.37600e-01
6.66100e+04	3.24100e-01
6.96800e+04	3.11200e-01
7.29000e+04	2.98800e-01
7.62700e+04	2.86900e-01
7.97900e+04	2.75400e-01
8.34800e+04	2.64400e-01
8.73300e+04	2.53800e-01
9.13700e+04	2.43700e-01
9.55900e+04	2.33900e-01
1.00000e+05	2.24600e-01
1.04600e+05	2.15600e-01
1.09400e+05	2.06900e-01
1.14500e+05	1.98600e-01
1.19800e+05	1.90600e-01
1.25300e+05	1.83000e-01
1.31100e+05	1.75600e-01
1.37200e+05	1.68600e-01
1.43500e+05	1.61800e-01
1.50100e+05	1.55300e-01
1.57100e+05	1.49100e-01
1.64300e+05	1.43100e-01
1.71900e+05	1.37300e-01
1.79800e+05	1.31800e-01
1.88200e+05	1.26500e-01
1.96800e+05	1.21400e-01
2.05900e+05	1.16500e-01
2.15400e+05	1.11800e-01
2.25400e+05	1.07300e-01
2.35800e+05	1.02900e-01
2.46700e+05	9.87700e-02
2.58100e+05	9.47800e-02
2.70000e+05	9.09500e-02
2.82500e+05	8.72700e-02
2.95500e+05	8.37400e-02
3.09200e+05	8.03500e-02
3.23400e+05	7.71000e-02
3.38400e+05	7.39700e-02
3.54000e+05	7.09800e-02
3.70400e+05	6.81000e-02
3.87500e+05	6.53400e-02
4.05400e+05	6.26900e-02
4.24100e+05	6.01500e-02
4.43700e+05	5.77100e-02
4.64200e+05	5.53600e-02
4.85600e+05	5.31200e-02
5.08000e+05	5.09600e-02
5.31500e+05	4.88900e-02
5.56000e+05	4.69000e-02
5.81700e+05	4.49900e-02
6.08600e+05	4.31600e-02
6.36700e+05	4.14100e-02
6.66100e+05	3.97200e-02
6.96800e+05	3.81000e-02
7.29000e+05	3.65500e-02
7.62700e+05	3.50600e-02
7.97900e+05	3.36300e-02
8.34800e+05	3.22600e-02
8.73300e+05	3.09500e-02
9.13700e+05	2.96900e-02
9.55900e+05	2.84800e-02
1.00000e+06	2.73100e-02
