# CH3COCH3 cross section
256
1.00000e+01	4.46800e-02
1.04600e+01	2.08800e-01
1.09400e+01	3.87200e-01
1.14500e+01	5.77100e-01
1.19800e+01	7.76100e-01
1.25300e+01	9.81800e-01
1.31100e+01	1.23100e+00
1.37200e+01	1.57200e+00
1.43500e+01	2.06400e+00
1.50100e+01	2.80700e+00
1.57100e+01	3.61600e+00
1.64300e+01	4.60600e+00
1.71900e+01	5.78700e+00
1.79800e+01	7.00100e+00
1.88200e+01	8.28500e+00
1.96800e+01	9.60700e+00
2.05900e+01	1.09300e+01
2.15400e+01	1.22500e+01
2.25400e+01	1.35600e+01
2.35800e+01	1.48500e+01
2.46700e+01	1.61100e+01
2.58100e+01	1.73300e+01
2.70000e+01	1.85300e+01
2.82500e+01	1.97200e+01
2.95500e+01	2.09000e+01
3.09200e+01	2.20500e+01
3.23400e+01	2.31500e+01
3.38400e+01	2.42000e+01
3.54000e+01	2.52000e+01
3.70400e+01	2.61500e+01
3.87500e+01	2.70400e+01
4.05400e+01	2.78900e+01
4.24100e+01	2.86900e+01
4.43700e+01	2.94200e+01
4.64200e+01	3.01000e+01
4.85600e+01	3.07100e+01
5.08000e+01	3.12700e+01
5.31500e+01	3.17700e+01
5.56000e+01	3.22100e+01
5.81700e+01	3.25900e+01
6.08600e+01	3.29200e+01
6.36700e+01	3.31900e+01
6.66100e+01	3.34000e+01
6.96800e+01	3.35700e+01
7.29000e+01	3.36800e+01
7.62700e+01	3.37400e+01
7.97900e+01	3.37500e+01
8.34800e+01	3.37200e+01
8.73300e+01	3.36400e+01
9.13700e+01	3.35200e+01
9.55900e+01	3.33600e+01
1.00000e+02	3.31700e+01
1.04600e+02	3.29300e+01
1.09400e+02	3.26600e+01
1.14500e+02	3.23600e+01
1.19800e+02	3.20300e+01
1.25300e+02	3.16700e+01
1.31100e+02	3.12900e+01
1.37200e+02	3.08800e+01
1.43500e+02	3.04500e+01
1.50100e+02	3.00000e+01
1.57100e+02	2.95300e+01
1.64300e+02	2.90500e+01
1.71900e+02	2.85500e+01
1.79800e+02	2.80400e+01
1.88200e+02	2.75200e+01
1.96800e+02	2.69800e+01
2.05900e+02	2.64400e+01
2.15400e+02	2.59000e+01
2.25400e+02	2.53500e+01
2.35800e+02	2.47900e+01
2.46700e+02	2.42300e+01
2.58100e+02	2.36700e+01
2.70000e+02	2.31200e+01
2.82500e+02	2.25600e+01
2.95500e+02	2.20000e+01
3.09200e+02	2.14500e+01
3.23400e+02	2.09000e+01
3.38400e+02	2.03500e+01
3.54000e+02	1.98100e+01
3.70400e+02	1.92800e+01
3.87500e+02	1.87500e+01
4.05400e+02	1.82300e+01
4.24100e+02	1.77200e+01
4.43700e+02	1.72100e+01
4.64200e+02	1.67200e+01
4.85600e+02	1.62300e+01
5.08000e+02	1.57500e+01
5.31500e+02	1.52800e+01
5.56000e+02	1.48100e+01
5.81700e+02	1.43600e+01
6.08600e+02	1.39200e+01
6.36700e+02	1.34900e+01
6.66100e+02	1.30600e+01
6.96800e+02	1.26500e+01
7.29000e+02	1.22500e+01
7.62700e+02	1.18500e+01
7.97900e+02	1.14700e+01
8.34800e+02	1.10900e+01
8.73300e+02	1.07300e+01
9.13700e+02	1.03800e+01
9.55900e+02	1.00300e+01
1.00000e+03	9.69400e+00
1.04600e+03	9.36700e+00
1.09400e+03	9.05000e+00
1.14500e+03	8.74200e+00
1.19800e+03	8.44300e+00
1.25300e+03	8.15200e+00
1.31100e+03	7.87000e+00
1.37200e+03	7.59700e+00
1.43500e+03	7.33200e+00
1.50100e+03	7.07500e+00
1.57100e+03	6.82600e+00
1.64300e+03	6.58500e+00
1.71900e+03	6.35100e+00
1.79800e+03	6.12500e+00
1.88200e+03	5.90700e+00
1.96800e+03	5.69500e+00
2.05900e+03	5.49000e+00
2.15400e+03	5.29200e+00
2.25400e+03	5.10000e+00
2.35800e+03	4.91500e+00
2.46700e+03	4.73600e+00
2.58100e+03	4.56300e+00
2.70000e+03	4.39600e+00
2.82500e+03	4.23500e+00
2.95500e+03	4.07900e+00
3.09200e+03	3.92800e+00
3.23400e+03	3.78300e+00
3.38400e+03	3.64300e+00
3.54000e+03	3.50700e+00
3.70400e+03	3.37700e+00
3.87500e+03	3.25100e+00
4.05400e+03	3.12900e+00
4.24100e+03	3.01200e+00
4.43700e+03	2.89900e+00
4.64200e+03	2.79000e+00
4.85600e+03	2.68500e+00
5.08000e+03	2.58300e+00
5.31500e+03	2.48600e+00
5.56000e+03	2.39100e+00
5.81700e+03	2.30100e+00
6.08600e+03	2.21300e+00
6.36700e+03	2.12900e+00
6.66100e+03	2.04800e+00
6.96800e+03	1.97000e+00
7.29000e+03	1.89400e+00
7.62700e+03	1.82200e+00
7.97900e+03	1.75200e+00
8.34800e+03	1.68500e+00
8.73300e+03	1.62000e+00
9.13700e+03	1.55800e+00
9.55900e+03	1.49800e+00
1.00000e+04	1.44000e+00
1.04600e+04	1.38400e+00
1.09400e+04	1.33100e+00
1.14500e+04	1.27900e+00
1.19800e+04	1.23000e+00
1.25300e+04	1.18200e+00
1.31100e+04	1.13600e+00
1.37200e+04	1.09200e+00
1.43500e+04	1.04900e+00
1.50100e+04	1.00800e+00
1.57100e+04	9.69100e-01
1.64300e+04	9.31300e-01
1.71900e+04	8.94900e-01
1.79800e+04	8.60000e-01
1.88200e+04	8.26300e-01
1.96800e+04	7.93900e-01
2.05900e+04	7.62800e-01
2.15400e+04	7.32900e-01
2.25400e+04	7.04100e-01
2.35800e+04	6.76500e-01
2.46700e+04	6.49900e-01
2.58100e+04	6.24300e-01
2.70000e+04	5.99700e-01
2.82500e+04	5.76100e-01
2.95500e+04	5.53400e-01
3.09200e+04	5.31500e-01
3.23400e+04	5.10500e-01
3.38400e+04	4.90300e-01
3.54000e+04	4.71000e-01
3.70400e+04	4.52300e-01
3.87500e+04	4.34400e-01
4.05400e+04	4.17200e-01
4.24100e+04	4.00700e-01
4.43700e+04	3.84800e-01
4.64200e+04	3.69500e-01
4.85600e+04	3.54800e-01
5.08000e+04	3.40700e-01
5.31500e+04	3.27200e-01
5.56000e+04	3.14100e-01
5.81700e+04	3.01600e-01
6.08600e+04	2.89600e-01
6.36700e+04	2.78100e-01
6.66100e+04	2.67000e-01
6.96800e+04	2.56300e-01
7.29000e+04	2.46100e-01
7.62700e+04	2.36300e-01
7.97900e+04	2.26800e-01
8.34800e+04	2.17800e-01
8.73300e+04	2.09100e-01
9.13700e+04	2.00700e-01
9.55900e+04	1.92700e-01
1.00000e+05	1.84900e-01
1.04600e+05	1.77500e-01
1.09400e+05	1.70400e-01
1.14500e+05	1.63600e-01
1.19800e+05	1.57000e-01
1.25300e+05	1.50700e-01
1.31100e+05	1.44600e-01
1.37200e+05	1.38800e-01
1.43500e+05	1.33300e-01
1.50100e+05	1.27900e-01
1.57100e+05	1.22700e-01
1.64300e+05	1.17800e-01
1.71900e+05	1.13100e-01
1.79800e+05	1.08500e-01
1.88200e+05	1.04100e-01
1.96800e+05	9.99300e-02
2.05900e+05	9.59000e-02
2.15400e+05	9.20300e-02
2.25400e+05	8.83200e-02
2.35800e+05	8.47500e-02
2.46700e+05	8.13300e-02
2.58100e+05	7.80400e-02
2.70000e+05	7.48800e-02
2.82500e+05	7.18600e-02
2.95500e+05	6.89500e-02
3.09200e+05	6.61600e-02
3.23400e+05	6.34800e-02
3.38400e+05	6.09100e-02
3.54000e+05	5.84400e-02
3.70400e+05	5.60700e-02
3.87500e+05	5.38000e-02
4.05400e+05	5.16200e-02
4.24100e+05	4.95200e-02
4.43700e+05	4.75100e-02
4.64200e+05	4.55800e-02
4.85600e+05	4.37300e-02
5.08000e+05	4.19500e-02
5.31500e+05	4.02500e-02
5.56000e+05	3.86100e-02
5.81700e+05	3.70400e-02
6.08600e+05	3.55400e-02
6.36700e+05	3.40900e-02
6.66100e+05	3.27000e-02
6.96800e+05	3.13700e-02
7.29000e+05	3.00900e-02
7.62700e+05	2.88700e-02
7.97900e+05	2.76900e-02
8.34800e+05	2.65600e-02
8.73300e+05	2.54800e-02
9.13700e+05	2.44400e-02
9.55900e+05	2.34400e-02
1.00000e+06	2.24900e-02
