# CH3C5N cross section
256
1.00000e+01	0.00000e+00
1.04600e+01	0.00000e+00
1.09400e+01	2.83300e-01
1.14500e+01	6.85300e-01
1.19800e+01	1.11600e+00
1.25300e+01	1.56800e+00
1.31100e+01	2.17100e+00
1.37200e+01	2.97700e+00
1.43500e+01	3.90800e+00
1.50100e+01	5.10800e+00
1.57100e+01	6.37100e+00
1.64300e+01	7.84800e+00
1.71900e+01	9.51300e+00
1.79800e+01	1.12100e+01
1.88200e+01	1.29200e+01
1.96800e+01	1.46300e+01
2.05900e+01	1.63300e+01
2.15400e+01	1.80100e+01
2.25400e+01	1.97000e+01
2.35800e+01	2.14700e+01
2.46700e+01	2.32200e+01
2.58100e+01	2.49200e+01
2.70000e+01	2.65800e+01
2.82500e+01	2.81800e+01
2.95500e+01	2.97100e+01
3.09200e+01	3.12200e+01
3.23400e+01	3.26900e+01
3.38400e+01	3.40900e+01
3.54000e+01	3.54400e+01
3.70400e+01	3.67100e+01
3.87500e+01	3.79100e+01
4.05400e+01	3.90400e+01
4.24100e+01	4.00800e+01
4.43700e+01	4.10400e+01
4.64200e+01	4.19100e+01
4.85600e+01	4.27100e+01
5.08000e+01	4.34200e+01
5.31500e+01	4.40500e+01
5.56000e+01	4.46000e+01
5.81700e+01	4.50800e+01
6.08600e+01	4.54700e+01
6.36700e+01	4.57900e+01
6.66100e+01	4.60300e+01
6.96800e+01	4.62100e+01
7.29000e+01	4.63100e+01
7.62700e+01	4.63500e+01
7.97900e+01	4.63200e+01
8.34800e+01	4.62300e+01
8.73300e+01	4.60800e+01
9.13700e+01	4.58700e+01
9.55900e+01	4.56100e+01
1.00000e+02	4.53000e+01
1.04600e+02	4.49400e+01
1.09400e+02	4.45400e+01
1.14500e+02	4.40900e+01
1.19800e+02	4.36100e+01
1.25300e+02	4.30900e+01
1.31100e+02	4.25400e+01
1.37200e+02	4.19500e+01
1.43500e+02	4.13400e+01
1.50100e+02	4.07000e+01
1.57100e+02	4.00400e+01
1.64300e+02	3.93600e+01
1.71900e+02	3.86600e+01
1.79800e+02	3.79400e+01
1.88200e+02	3.72200e+01
1.96800e+02	3.64800e+01
2.05900e+02	3.57300e+01
2.15400e+02	3.49700e+01
2.25400e+02	3.42100e+01
2.35800e+02	3.34400e+01
2.46700e+02	3.26800e+01
2.58100e+02	3.19100e+01
2.70000e+02	3.11400e+01
2.82500e+02	3.03800e+01
2.95500e+02	2.96200e+01
3.09200e+02	2.88600e+01
3.23400e+02	2.81100e+01
3.38400e+02	2.73700e+01
3.54000e+02	2.66300e+01
3.70400e+02	2.59100e+01
3.87500e+02	2.51900e+01
4.05400e+02	2.44900e+01
4.24100e+02	2.37900e+01
4.43700e+02	2.31100e+01
4.64200e+02	2.24400e+01
4.85600e+02	2.17800e+01
5.08000e+02	2.11300e+01
5.31500e+02	2.04900e+01
5.56000e+02	1.98700e+01
5.81700e+02	1.92600e+01
6.08600e+02	1.86600e+01
6.36700e+02	1.80800e+01
6.66100e+02	1.75100e+01
6.96800e+02	1.69500e+01
7.29000e+02	1.64100e+01
7.62700e+02	1.58800e+01
7.97900e+02	1.53600e+01
8.34800e+02	1.48600e+01
8.73300e+02	1.43700e+01
9.13700e+02	1.39000e+01
9.55900e+02	1.34300e+01
1.00000e+03	1.29800e+01
1.04600e+03	1.25400e+01
1.09400e+03	1.21200e+01
1.14500e+03	1.17000e+01
1.19800e+03	1.13000e+01
1.25300e+03	1.09100e+01
1.31100e+03	1.05400e+01
1.37200e+03	1.01700e+01
1.43500e+03	9.81400e+00
1.50100e+03	9.47000e+00
1.57100e+03	9.13600e+00
1.64300e+03	8.81300e+00
1.71900e+03	8.50100e+00
1.79800e+03	8.19800e+00
1.88200e+03	7.90500e+00
1.96800e+03	7.62200e+00
2.05900e+03	7.34700e+00
2.15400e+03	7.08200e+00
2.25400e+03	6.82600e+00
2.35800e+03	6.57800e+00
2.46700e+03	6.33800e+00
2.58100e+03	6.10700e+00
2.70000e+03	5.88300e+00
2.82500e+03	5.66700e+00
2.95500e+03	5.45900e+00
3.09200e+03	5.25700e+00
3.23400e+03	5.06300e+00
3.38400e+03	4.87500e+00
3.54000e+03	4.69400e+00
3.70400e+03	4.51900e+00
3.87500e+03	4.35100e+00
4.05400e+03	4.18800e+00
4.24100e+03	4.03100e+00
4.43700e+03	3.88000e+00
4.64200e+03	3.73400e+00
4.85600e+03	3.59300e+00
5.08000e+03	3.45800e+00
5.31500e+03	3.32700e+00
5.56000e+03	3.20100e+00
5.81700e+03	3.07900e+00
6.08600e+03	2.96200e+00
6.36700e+03	2.85000e+00
6.66100e+03	2.74100e+00
6.96800e+03	2.63600e+00
7.29000e+03	2.53600e+00
7.62700e+03	2.43900e+00
7.97900e+03	2.34500e+00
8.34800e+03	2.25500e+00
8.73300e+03	2.16900e+00
9.13700e+03	2.08500e+00
9.55900e+03	2.00500e+00
1.00000e+04	1.92700e+00
1.04600e+04	1.85300e+00
1.09400e+04	1.78100e+00
1.14500e+04	1.71200e+00
1.19800e+04	1.64600e+00
1.25300e+04	1.58200e+00
1.31100e+04	1.52100e+00
1.37200e+04	1.46200e+00
1.43500e+04	1.40500e+00
1.50100e+04	1.35000e+00
1.57100e+04	1.29800e+00
1.64300e+04	1.24700e+00
1.71900e+04	1.19800e+00
1.79800e+04	1.15100e+00
1.88200e+04	1.10600e+00
1.96800e+04	1.06300e+00
2.05900e+04	1.02100e+00
2.15400e+04	9.81300e-01
2.25400e+04	9.42800e-01
2.35800e+04	9.05800e-01
2.46700e+04	8.70200e-01
2.58100e+04	8.35900e-01
2.70000e+04	8.03000e-01
2.82500e+04	7.71400e-01
2.95500e+04	7.41000e-01
3.09200e+04	7.11700e-01
3.23400e+04	6.83600e-01
3.38400e+04	6.56600e-01
3.54000e+04	6.30700e-01
3.70400e+04	6.05700e-01
3.87500e+04	5.81700e-01
4.05400e+04	5.58700e-01
4.24100e+04	5.36600e-01
4.43700e+04	5.15300e-01
4.64200e+04	4.94800e-01
4.85600e+04	4.75200e-01
5.08000e+04	4.56300e-01
5.31500e+04	4.38100e-01
5.56000e+04	4.20700e-01
5.81700e+04	4.04000e-01
6.08600e+04	3.87900e-01
6.36700e+04	3.72400e-01
6.66100e+04	3.57600e-01
6.96800e+04	3.43300e-01
7.29000e+04	3.29600e-01
7.62700e+04	3.16400e-01
7.97900e+04	3.03800e-01
8.34800e+04	2.91700e-01
8.73300e+04	2.80000e-01
9.13700e+04	2.68800e-01
9.55900e+04	2.58000e-01
1.00000e+05	2.47700e-01
1.04600e+05	2.37800e-01
1.09400e+05	2.28200e-01
1.14500e+05	2.19100e-01
1.19800e+05	2.10300e-01
1.25300e+05	2.01900e-01
1.31100e+05	1.93700e-01
1.37200e+05	1.86000e-01
1.43500e+05	1.78500e-01
1.50100e+05	1.71300e-01
1.57100e+05	1.64400e-01
1.64300e+05	1.57800e-01
1.71900e+05	1.51400e-01
1.79800e+05	1.45300e-01
1.88200e+05	1.39500e-01
1.96800e+05	1.33900e-01
2.05900e+05	1.28500e-01
2.15400e+05	1.23300e-01
2.25400e+05	1.18300e-01
2.35800e+05	1.13500e-01
2.46700e+05	1.08900e-01
2.58100e+05	1.04500e-01
2.70000e+05	1.00300e-01
2.82500e+05	9.62600e-02
2.95500e+05	9.23600e-02
3.09200e+05	8.86300e-02
3.23400e+05	8.50400e-02
3.38400e+05	8.15900e-02
3.54000e+05	7.82900e-02
3.70400e+05	7.51200e-02
3.87500e+05	7.20700e-02
4.05400e+05	6.91500e-02
4.24100e+05	6.63400e-02
4.43700e+05	6.36500e-02
4.64200e+05	6.10700e-02
4.85600e+05	5.85900e-02
5.08000e+05	5.62100e-02
5.31500e+05	5.39200e-02
5.56000e+05	5.17300e-02
5.81700e+05	4.96300e-02
6.08600e+05	4.76100e-02
6.36700e+05	4.56700e-02
6.66100e+05	4.38100e-02
6.96800e+05	4.20300e-02
7.29000e+05	4.03200e-02
7.62700e+05	3.86700e-02
7.97900e+05	3.71000e-02
8.34800e+05	3.55900e-02
8.73300e+05	3.41400e-02
9.13700e+05	3.27400e-02
9.55900e+05	3.14100e-02
1.00000e+06	3.01300e-02
