# CH3CHNH cross section
256
1.00000e+01	0.00000e+00
1.04600e+01	8.88600e-02
1.09400e+01	2.79000e-01
1.14500e+01	4.84000e-01
1.19800e+01	7.62600e-01
1.25300e+01	1.15500e+00
1.31100e+01	1.56700e+00
1.37200e+01	1.99300e+00
1.43500e+01	2.50900e+00
1.50100e+01	3.21900e+00
1.57100e+01	4.07200e+00
1.64300e+01	4.96400e+00
1.71900e+01	5.87200e+00
1.79800e+01	6.82900e+00
1.88200e+01	7.84500e+00
1.96800e+01	8.89100e+00
2.05900e+01	9.98100e+00
2.15400e+01	1.10600e+01
2.25400e+01	1.21300e+01
2.35800e+01	1.31800e+01
2.46700e+01	1.42100e+01
2.58100e+01	1.52000e+01
2.70000e+01	1.61600e+01
2.82500e+01	1.71300e+01
2.95500e+01	1.80600e+01
3.09200e+01	1.89500e+01
3.23400e+01	1.98100e+01
3.38400e+01	2.06300e+01
3.54000e+01	2.14200e+01
3.70400e+01	2.21600e+01
3.87500e+01	2.28600e+01
4.05400e+01	2.35100e+01
4.24100e+01	2.41100e+01
4.43700e+01	2.46700e+01
4.64200e+01	2.51700e+01
4.85600e+01	2.56300e+01
5.08000e+01	2.60400e+01
5.31500e+01	2.63900e+01
5.56000e+01	2.67000e+01
5.81700e+01	2.69700e+01
6.08600e+01	2.71800e+01
6.36700e+01	2.73600e+01
6.66100e+01	2.74800e+01
6.96800e+01	2.75700e+01
7.29000e+01	2.76100e+01
7.62700e+01	2.76200e+01
7.97900e+01	2.75900e+01
8.34800e+01	2.75200e+01
8.73300e+01	2.74100e+01
9.13700e+01	2.72800e+01
9.55900e+01	2.71100e+01
1.00000e+02	2.69100e+01
1.04600e+02	2.66800e+01
1.09400e+02	2.64300e+01
1.14500e+02	2.61600e+01
1.19800e+02	2.58600e+01
1.25300e+02	2.55400e+01
1.31100e+02	2.52000e+01
1.37200e+02	2.48400e+01
1.43500e+02	2.44700e+01
1.50100e+02	2.40800e+01
1.57100e+02	2.36800e+01
1.64300e+02	2.32700e+01
1.71900e+02	2.28400e+01
1.79800e+02	2.24100e+01
1.88200e+02	2.19700e+01
1.96800e+02	2.15300e+01
2.05900e+02	2.10800e+01
2.15400e+02	2.06300e+01
2.25400e+02	2.01700e+01
2.35800e+02	1.97100e+01
2.46700e+02	1.92500e+01
2.58100e+02	1.88000e+01
2.70000e+02	1.83400e+01
2.82500e+02	1.78800e+01
2.95500e+02	1.74300e+01
3.09200e+02	1.69800e+01
3.23400e+02	1.65300e+01
3.38400e+02	1.60900e+01
3.54000e+02	1.56600e+01
3.70400e+02	1.52300e+01
3.87500e+02	1.48000e+01
4.05400e+02	1.43800e+01
4.24100e+02	1.39700e+01
4.43700e+02	1.35600e+01
4.64200e+02	1.31600e+01
4.85600e+02	1.27700e+01
5.08000e+02	1.23900e+01
5.31500e+02	1.20100e+01
5.56000e+02	1.16500e+01
5.81700e+02	1.12900e+01
6.08600e+02	1.09300e+01
6.36700e+02	1.05900e+01
6.66100e+02	1.02500e+01
6.96800e+02	9.92500e+00
7.29000e+02	9.60500e+00
7.62700e+02	9.29300e+00
7.97900e+02	8.98900e+00
8.34800e+02	8.69300e+00
8.73300e+02	8.40500e+00
9.13700e+02	8.12400e+00
9.55900e+02	7.85200e+00
1.00000e+03	7.58700e+00
1.04600e+03	7.32900e+00
1.09400e+03	7.07900e+00
1.14500e+03	6.83600e+00
1.19800e+03	6.60100e+00
1.25300e+03	6.37200e+00
1.31100e+03	6.15000e+00
1.37200e+03	5.93600e+00
1.43500e+03	5.72700e+00
1.50100e+03	5.52600e+00
1.57100e+03	5.33000e+00
1.64300e+03	5.14100e+00
1.71900e+03	4.95800e+00
1.79800e+03	4.78000e+00
1.88200e+03	4.60900e+00
1.96800e+03	4.44300e+00
2.05900e+03	4.28200e+00
2.15400e+03	4.12700e+00
2.25400e+03	3.97700e+00
2.35800e+03	3.83200e+00
2.46700e+03	3.69200e+00
2.58100e+03	3.55700e+00
2.70000e+03	3.42600e+00
2.82500e+03	3.30000e+00
2.95500e+03	3.17800e+00
3.09200e+03	3.06100e+00
3.23400e+03	2.94700e+00
3.38400e+03	2.83800e+00
3.54000e+03	2.73200e+00
3.70400e+03	2.63000e+00
3.87500e+03	2.53200e+00
4.05400e+03	2.43700e+00
4.24100e+03	2.34500e+00
4.43700e+03	2.25700e+00
4.64200e+03	2.17200e+00
4.85600e+03	2.09000e+00
5.08000e+03	2.01100e+00
5.31500e+03	1.93500e+00
5.56000e+03	1.86100e+00
5.81700e+03	1.79000e+00
6.08600e+03	1.72200e+00
6.36700e+03	1.65700e+00
6.66100e+03	1.59300e+00
6.96800e+03	1.53200e+00
7.29000e+03	1.47400e+00
7.62700e+03	1.41700e+00
7.97900e+03	1.36300e+00
8.34800e+03	1.31000e+00
8.73300e+03	1.26000e+00
9.13700e+03	1.21100e+00
9.55900e+03	1.16500e+00
1.00000e+04	1.12000e+00
1.04600e+04	1.07600e+00
1.09400e+04	1.03500e+00
1.14500e+04	9.94700e-01
1.19800e+04	9.56100e-01
1.25300e+04	9.18900e-01
1.31100e+04	8.83200e-01
1.37200e+04	8.48800e-01
1.43500e+04	8.15800e-01
1.50100e+04	7.84000e-01
1.57100e+04	7.53400e-01
1.64300e+04	7.24000e-01
1.71900e+04	6.95700e-01
1.79800e+04	6.68400e-01
1.88200e+04	6.42300e-01
1.96800e+04	6.17100e-01
2.05900e+04	5.92900e-01
2.15400e+04	5.69600e-01
2.25400e+04	5.47200e-01
2.35800e+04	5.25700e-01
2.46700e+04	5.05000e-01
2.58100e+04	4.85100e-01
2.70000e+04	4.66000e-01
2.82500e+04	4.47700e-01
2.95500e+04	4.30000e-01
3.09200e+04	4.13000e-01
3.23400e+04	3.96700e-01
3.38400e+04	3.81000e-01
3.54000e+04	3.65900e-01
3.70400e+04	3.51400e-01
3.87500e+04	3.37500e-01
4.05400e+04	3.24100e-01
4.24100e+04	3.11300e-01
4.43700e+04	2.98900e-01
4.64200e+04	2.87000e-01
4.85600e+04	2.75600e-01
5.08000e+04	2.64700e-01
5.31500e+04	2.54100e-01
5.56000e+04	2.44000e-01
5.81700e+04	2.34300e-01
6.08600e+04	2.25000e-01
6.36700e+04	2.16000e-01
6.66100e+04	2.07400e-01
6.96800e+04	1.99100e-01
7.29000e+04	1.91200e-01
7.62700e+04	1.83500e-01
7.97900e+04	1.76200e-01
8.34800e+04	1.69100e-01
8.73300e+04	1.62400e-01
9.13700e+04	1.55900e-01
9.55900e+04	1.49600e-01
1.00000e+05	1.43600e-01
1.04600e+05	1.37900e-01
1.09400e+05	1.32300e-01
1.14500e+05	1.27000e-01
1.19800e+05	1.21900e-01
1.25300e+05	1.17000e-01
1.31100e+05	1.12300e-01
1.37200e+05	1.07800e-01
1.43500e+05	1.03500e-01
1.50100e+05	9.93100e-02
1.57100e+05	9.53200e-02
1.64300e+05	9.14800e-02
1.71900e+05	8.77900e-02
1.79800e+05	8.42600e-02
1.88200e+05	8.08600e-02
1.96800e+05	7.76000e-02
2.05900e+05	7.44700e-02
2.15400e+05	7.14600e-02
2.25400e+05	6.85700e-02
2.35800e+05	6.58000e-02
2.46700e+05	6.31500e-02
2.58100e+05	6.05900e-02
2.70000e+05	5.81400e-02
2.82500e+05	5.57900e-02
2.95500e+05	5.35300e-02
3.09200e+05	5.13600e-02
3.23400e+05	4.92800e-02
3.38400e+05	4.72900e-02
3.54000e+05	4.53700e-02
3.70400e+05	4.35300e-02
3.87500e+05	4.17700e-02
4.05400e+05	4.00700e-02
4.24100e+05	3.84500e-02
4.43700e+05	3.68800e-02
4.64200e+05	3.53900e-02
4.85600e+05	3.39500e-02
5.08000e+05	3.25700e-02
5.31500e+05	3.12500e-02
5.56000e+05	2.99800e-02
5.81700e+05	2.87600e-02
6.08600e+05	2.75900e-02
6.36700e+05	2.64600e-02
6.66100e+05	2.53900e-02
6.96800e+05	2.43500e-02
7.29000e+05	2.33600e-02
7.62700e+05	2.24100e-02
7.97900e+05	2.14900e-02
8.34800e+05	2.06200e-02
8.73300e+05	1.97800e-02
9.13700e+05	1.89700e-02
9.55900e+05	1.82000e-02
1.00000e+06	1.74500e-02
