# CH3C2H cross section
256
1.00000e+01	7.69000e-02
1.04600e+01	3.52100e-01
1.09400e+01	6.56300e-01
1.14500e+01	1.16600e+00
1.19800e+01	1.70500e+00
1.25300e+01	2.28800e+00
1.31100e+01	3.04600e+00
1.37200e+01	3.82700e+00
1.43500e+01	4.62300e+00
1.50100e+01	5.42600e+00
1.57100e+01	6.30100e+00
1.64300e+01	7.26900e+00
1.71900e+01	8.30800e+00
1.79800e+01	9.34800e+00
1.88200e+01	1.03800e+01
1.96800e+01	1.14000e+01
2.05900e+01	1.24400e+01
2.15400e+01	1.34800e+01
2.25400e+01	1.45100e+01
2.35800e+01	1.55000e+01
2.46700e+01	1.64700e+01
2.58100e+01	1.73900e+01
2.70000e+01	1.83000e+01
2.82500e+01	1.91900e+01
2.95500e+01	2.00400e+01
3.09200e+01	2.08800e+01
3.23400e+01	2.16800e+01
3.38400e+01	2.24300e+01
3.54000e+01	2.31300e+01
3.70400e+01	2.37800e+01
3.87500e+01	2.43900e+01
4.05400e+01	2.49400e+01
4.24100e+01	2.54500e+01
4.43700e+01	2.59000e+01
4.64200e+01	2.63100e+01
4.85600e+01	2.66600e+01
5.08000e+01	2.69700e+01
5.31500e+01	2.72300e+01
5.56000e+01	2.74400e+01
5.81700e+01	2.76100e+01
6.08600e+01	2.77300e+01
6.36700e+01	2.78100e+01
6.66100e+01	2.78500e+01
6.96800e+01	2.78400e+01
7.29000e+01	2.78000e+01
7.62700e+01	2.77300e+01
7.97900e+01	2.76100e+01
8.34800e+01	2.74700e+01
8.73300e+01	2.72900e+01
9.13700e+01	2.70900e+01
9.55900e+01	2.68500e+01
1.00000e+02	2.66000e+01
1.04600e+02	2.63100e+01
1.09400e+02	2.60100e+01
1.14500e+02	2.56800e+01
1.19800e+02	2.53300e+01
1.25300e+02	2.49700e+01
1.31100e+02	2.45900e+01
1.37200e+02	2.42000e+01
1.43500e+02	2.37900e+01
1.50100e+02	2.33700e+01
1.57100e+02	2.29500e+01
1.64300e+02	2.25100e+01
1.71900e+02	2.20700e+01
1.79800e+02	2.16200e+01
1.88200e+02	2.11700e+01
1.96800e+02	2.07100e+01
2.05900e+02	2.02500e+01
2.15400e+02	1.97900e+01
2.25400e+02	1.93300e+01
2.35800e+02	1.88600e+01
2.46700e+02	1.84000e+01
2.58100e+02	1.79500e+01
2.70000e+02	1.74900e+01
2.82500e+02	1.70400e+01
2.95500e+02	1.65900e+01
3.09200e+02	1.61500e+01
3.23400e+02	1.57100e+01
3.38400e+02	1.52700e+01
3.54000e+02	1.48500e+01
3.70400e+02	1.44300e+01
3.87500e+02	1.40100e+01
4.05400e+02	1.36100e+01
4.24100e+02	1.32100e+01
4.43700e+02	1.28200e+01
4.64200e+02	1.24300e+01
4.85600e+02	1.20500e+01
5.08000e+02	1.16900e+01
5.31500e+02	1.13200e+01
5.56000e+02	1.09700e+01
5.81700e+02	1.06300e+01
6.08600e+02	1.02900e+01
6.36700e+02	9.96100e+00
6.66100e+02	9.64000e+00
6.96800e+02	9.32700e+00
7.29000e+02	9.02200e+00
7.62700e+02	8.72600e+00
7.97900e+02	8.43700e+00
8.34800e+02	8.15600e+00
8.73300e+02	7.88300e+00
9.13700e+02	7.61700e+00
9.55900e+02	7.35900e+00
1.00000e+03	7.10800e+00
1.04600e+03	6.86500e+00
1.09400e+03	6.62900e+00
1.14500e+03	6.40000e+00
1.19800e+03	6.17700e+00
1.25300e+03	5.96200e+00
1.31100e+03	5.75300e+00
1.37200e+03	5.55100e+00
1.43500e+03	5.35500e+00
1.50100e+03	5.16500e+00
1.57100e+03	4.98100e+00
1.64300e+03	4.80300e+00
1.71900e+03	4.63100e+00
1.79800e+03	4.46500e+00
1.88200e+03	4.30400e+00
1.96800e+03	4.14800e+00
2.05900e+03	3.99800e+00
2.15400e+03	3.85200e+00
2.25400e+03	3.71200e+00
2.35800e+03	3.57600e+00
2.46700e+03	3.44500e+00
2.58100e+03	3.31800e+00
2.70000e+03	3.19600e+00
2.82500e+03	3.07800e+00
2.95500e+03	2.96400e+00
3.09200e+03	2.85400e+00
3.23400e+03	2.74800e+00
3.38400e+03	2.64500e+00
3.54000e+03	2.54600e+00
3.70400e+03	2.45100e+00
3.87500e+03	2.35900e+00
4.05400e+03	2.27000e+00
4.24100e+03	2.18500e+00
4.43700e+03	2.10300e+00
4.64200e+03	2.02300e+00
4.85600e+03	1.94700e+00
5.08000e+03	1.87300e+00
5.31500e+03	1.80200e+00
5.56000e+03	1.73300e+00
5.81700e+03	1.66700e+00
6.08600e+03	1.60400e+00
6.36700e+03	1.54200e+00
6.66100e+03	1.48300e+00
6.96800e+03	1.42700e+00
7.29000e+03	1.37200e+00
7.62700e+03	1.31900e+00
7.97900e+03	1.26800e+00
8.34800e+03	1.22000e+00
8.73300e+03	1.17300e+00
9.13700e+03	1.12700e+00
9.55900e+03	1.08400e+00
1.00000e+04	1.04200e+00
1.04600e+04	1.00200e+00
1.09400e+04	9.62800e-01
1.14500e+04	9.25400e-01
1.19800e+04	8.89500e-01
1.25300e+04	8.54900e-01
1.31100e+04	8.21600e-01
1.37200e+04	7.89600e-01
1.43500e+04	7.58800e-01
1.50100e+04	7.29200e-01
1.57100e+04	7.00700e-01
1.64300e+04	6.73400e-01
1.71900e+04	6.47000e-01
1.79800e+04	6.21700e-01
1.88200e+04	5.97300e-01
1.96800e+04	5.73900e-01
2.05900e+04	5.51300e-01
2.15400e+04	5.29700e-01
2.25400e+04	5.08900e-01
2.35800e+04	4.88800e-01
2.46700e+04	4.69600e-01
2.58100e+04	4.51100e-01
2.70000e+04	4.33300e-01
2.82500e+04	4.16200e-01
2.95500e+04	3.99800e-01
3.09200e+04	3.84000e-01
3.23400e+04	3.68800e-01
3.38400e+04	3.54200e-01
3.54000e+04	3.40200e-01
3.70400e+04	3.26700e-01
3.87500e+04	3.13700e-01
4.05400e+04	3.01300e-01
4.24100e+04	2.89300e-01
4.43700e+04	2.77800e-01
4.64200e+04	2.66800e-01
4.85600e+04	2.56200e-01
5.08000e+04	2.46000e-01
5.31500e+04	2.36200e-01
5.56000e+04	2.26800e-01
5.81700e+04	2.17800e-01
6.08600e+04	2.09100e-01
6.36700e+04	2.00700e-01
6.66100e+04	1.92700e-01
6.96800e+04	1.85000e-01
7.29000e+04	1.77600e-01
7.62700e+04	1.70500e-01
7.97900e+04	1.63700e-01
8.34800e+04	1.57200e-01
8.73300e+04	1.50900e-01
9.13700e+04	1.44800e-01
9.55900e+04	1.39000e-01
1.00000e+05	1.33500e-01
1.04600e+05	1.28100e-01
1.09400e+05	1.23000e-01
1.14500e+05	1.18000e-01
1.19800e+05	1.13300e-01
1.25300e+05	1.08700e-01
1.31100e+05	1.04400e-01
1.37200e+05	1.00200e-01
1.43500e+05	9.61400e-02
1.50100e+05	9.22700e-02
1.57100e+05	8.85500e-02
1.64300e+05	8.49900e-02
1.71900e+05	8.15600e-02
1.79800e+05	7.82700e-02
1.88200e+05	7.51200e-02
1.96800e+05	7.20900e-02
2.05900e+05	6.91800e-02
2.15400e+05	6.63800e-02
2.25400e+05	6.37000e-02
2.35800e+05	6.11300e-02
2.46700e+05	5.86600e-02
2.58100e+05	5.62800e-02
2.70000e+05	5.40100e-02
2.82500e+05	5.18200e-02
2.95500e+05	4.97200e-02
3.09200e+05	4.77100e-02
3.23400e+05	4.57800e-02
3.38400e+05	4.39200e-02
3.54000e+05	4.21400e-02
3.70400e+05	4.04300e-02
3.87500e+05	3.87900e-02
4.05400e+05	3.72200e-02
4.24100e+05	3.57100e-02
4.43700e+05	3.42600e-02
4.64200e+05	3.28700e-02
4.85600e+05	3.15300e-02
5.08000e+05	3.02500e-02
5.31500e+05	2.90200e-02
5.56000e+05	2.78400e-02
5.81700e+05	2.67100e-02
6.08600e+05	2.56200e-02
6.36700e+05	2.45800e-02
6.66100e+05	2.35700e-02
6.96800e+05	2.26100e-02
7.29000e+05	2.16900e-02
7.62700e+05	2.08100e-02
7.97900e+05	1.99600e-02
8.34800e+05	1.91500e-02
8.73300e+05	1.83600e-02
9.13700e+05	1.76200e-02
9.55900e+05	1.69000e-02
1.00000e+06	1.62100e-02
