# CH3NH2 cross section
256
1.00000e+01	1.79000e-01
1.04600e+01	3.95000e-01
1.09400e+01	6.26100e-01
1.14500e+01	8.68900e-01
1.19800e+01	1.12100e+00
1.25300e+01	1.37800e+00
1.31100e+01	1.64000e+00
1.37200e+01	1.95900e+00
1.43500e+01	2.37400e+00
1.50100e+01	2.87800e+00
1.57100e+01	3.48300e+00
1.64300e+01	4.17600e+00
1.71900e+01	4.88400e+00
1.79800e+01	5.69700e+00
1.88200e+01	6.52200e+00
1.96800e+01	7.34900e+00
2.05900e+01	8.17300e+00
2.15400e+01	8.98800e+00
2.25400e+01	9.78900e+00
2.35800e+01	1.05700e+01
2.46700e+01	1.13500e+01
2.58100e+01	1.21400e+01
2.70000e+01	1.29000e+01
2.82500e+01	1.36500e+01
2.95500e+01	1.43600e+01
3.09200e+01	1.50400e+01
3.23400e+01	1.57000e+01
3.38400e+01	1.63400e+01
3.54000e+01	1.69500e+01
3.70400e+01	1.75300e+01
3.87500e+01	1.80700e+01
4.05400e+01	1.85700e+01
4.24100e+01	1.90400e+01
4.43700e+01	1.94700e+01
4.64200e+01	1.98600e+01
4.85600e+01	2.02100e+01
5.08000e+01	2.05200e+01
5.31500e+01	2.07900e+01
5.56000e+01	2.10300e+01
5.81700e+01	2.12300e+01
6.08600e+01	2.14000e+01
6.36700e+01	2.15300e+01
6.66100e+01	2.16200e+01
6.96800e+01	2.16800e+01
7.29000e+01	2.17200e+01
7.62700e+01	2.17200e+01
7.97900e+01	2.16900e+01
8.34800e+01	2.16300e+01
8.73300e+01	2.15400e+01
9.13700e+01	2.14300e+01
9.55900e+01	2.12900e+01
1.00000e+02	2.11400e+01
1.04600e+02	2.09600e+01
1.09400e+02	2.07500e+01
1.14500e+02	2.05400e+01
1.19800e+02	2.03000e+01
1.25300e+02	2.00400e+01
1.31100e+02	1.97800e+01
1.37200e+02	1.94900e+01
1.43500e+02	1.92000e+01
1.50100e+02	1.88900e+01
1.57100e+02	1.85800e+01
1.64300e+02	1.82500e+01
1.71900e+02	1.79200e+01
1.79800e+02	1.75800e+01
1.88200e+02	1.72300e+01
1.96800e+02	1.68800e+01
2.05900e+02	1.65300e+01
2.15400e+02	1.61700e+01
2.25400e+02	1.58100e+01
2.35800e+02	1.54500e+01
2.46700e+02	1.50900e+01
2.58100e+02	1.47300e+01
2.70000e+02	1.43700e+01
2.82500e+02	1.40200e+01
2.95500e+02	1.36600e+01
3.09200e+02	1.33100e+01
3.23400e+02	1.29600e+01
3.38400e+02	1.26100e+01
3.54000e+02	1.22700e+01
3.70400e+02	1.19300e+01
3.87500e+02	1.15900e+01
4.05400e+02	1.12700e+01
4.24100e+02	1.09400e+01
4.43700e+02	1.06200e+01
4.64200e+02	1.03100e+01
4.85600e+02	1.00000e+01
5.08000e+02	9.70300e+00
5.31500e+02	9.40800e+00
5.56000e+02	9.11900e+00
5.81700e+02	8.83600e+00
6.08600e+02	8.56000e+00
6.36700e+02	8.29000e+00
6.66100e+02	8.02600e+00
6.96800e+02	7.76900e+00
7.29000e+02	7.51800e+00
7.62700e+02	7.27300e+00
7.97900e+02	7.03500e+00
8.34800e+02	6.80300e+00
8.73300e+02	6.57700e+00
9.13700e+02	6.35700e+00
9.55900e+02	6.14300e+00
1.00000e+03	5.93600e+00
1.04600e+03	5.73400e+00
1.09400e+03	5.53800e+00
1.14500e+03	5.34800e+00
1.19800e+03	5.16300e+00
1.25300e+03	4.98400e+00
1.31100e+03	4.81000e+00
1.37200e+03	4.64200e+00
1.43500e+03	4.47900e+00
1.50100e+03	4.32100e+00
1.57100e+03	4.16800e+00
1.64300e+03	4.02000e+00
1.71900e+03	3.87600e+00
1.79800e+03	3.73800e+00
1.88200e+03	3.60300e+00
1.96800e+03	3.47400e+00
2.05900e+03	3.34800e+00
2.15400e+03	3.22600e+00
2.25400e+03	3.10900e+00
2.35800e+03	2.99600e+00
2.46700e+03	2.88600e+00
2.58100e+03	2.78000e+00
2.70000e+03	2.67800e+00
2.82500e+03	2.57900e+00
2.95500e+03	2.48400e+00
3.09200e+03	2.39200e+00
3.23400e+03	2.30300e+00
3.38400e+03	2.21700e+00
3.54000e+03	2.13500e+00
3.70400e+03	2.05500e+00
3.87500e+03	1.97800e+00
4.05400e+03	1.90400e+00
4.24100e+03	1.83200e+00
4.43700e+03	1.76300e+00
4.64200e+03	1.69700e+00
4.85600e+03	1.63300e+00
5.08000e+03	1.57100e+00
5.31500e+03	1.51100e+00
5.56000e+03	1.45400e+00
5.81700e+03	1.39900e+00
6.08600e+03	1.34500e+00
6.36700e+03	1.29400e+00
6.66100e+03	1.24500e+00
6.96800e+03	1.19700e+00
7.29000e+03	1.15100e+00
7.62700e+03	1.10700e+00
7.97900e+03	1.06400e+00
8.34800e+03	1.02300e+00
8.73300e+03	9.84000e-01
9.13700e+03	9.46100e-01
9.55900e+03	9.09600e-01
1.00000e+04	8.74400e-01
1.04600e+04	8.40600e-01
1.09400e+04	8.08000e-01
1.14500e+04	7.76700e-01
1.19800e+04	7.46600e-01
1.25300e+04	7.17600e-01
1.31100e+04	6.89600e-01
1.37200e+04	6.62800e-01
1.43500e+04	6.37000e-01
1.50100e+04	6.12100e-01
1.57100e+04	5.88200e-01
1.64300e+04	5.65200e-01
1.71900e+04	5.43100e-01
1.79800e+04	5.21900e-01
1.88200e+04	5.01400e-01
1.96800e+04	4.81800e-01
2.05900e+04	4.62900e-01
2.15400e+04	4.44700e-01
2.25400e+04	4.27200e-01
2.35800e+04	4.10400e-01
2.46700e+04	3.94300e-01
2.58100e+04	3.78700e-01
2.70000e+04	3.63800e-01
2.82500e+04	3.49500e-01
2.95500e+04	3.35700e-01
3.09200e+04	3.22400e-01
3.23400e+04	3.09700e-01
3.38400e+04	2.97400e-01
3.54000e+04	2.85600e-01
3.70400e+04	2.74300e-01
3.87500e+04	2.63500e-01
4.05400e+04	2.53000e-01
4.24100e+04	2.43000e-01
4.43700e+04	2.33300e-01
4.64200e+04	2.24000e-01
4.85600e+04	2.15100e-01
5.08000e+04	2.06600e-01
5.31500e+04	1.98400e-01
5.56000e+04	1.90500e-01
5.81700e+04	1.82900e-01
6.08600e+04	1.75600e-01
6.36700e+04	1.68600e-01
6.66100e+04	1.61900e-01
6.96800e+04	1.55400e-01
7.29000e+04	1.49200e-01
7.62700e+04	1.43200e-01
7.97900e+04	1.37500e-01
8.34800e+04	1.32000e-01
8.73300e+04	1.26700e-01
9.13700e+04	1.21600e-01
9.55900e+04	1.16800e-01
1.00000e+05	1.12100e-01
1.04600e+05	1.07600e-01
1.09400e+05	1.03300e-01
1.14500e+05	9.91300e-02
1.19800e+05	9.51500e-02
1.25300e+05	9.13300e-02
1.31100e+05	8.76600e-02
1.37200e+05	8.41300e-02
1.43500e+05	8.07500e-02
1.50100e+05	7.75000e-02
1.57100e+05	7.43800e-02
1.64300e+05	7.13800e-02
1.71900e+05	6.85100e-02
1.79800e+05	6.57500e-02
1.88200e+05	6.31000e-02
1.96800e+05	6.05500e-02
2.05900e+05	5.81100e-02
2.15400e+05	5.57600e-02
2.25400e+05	5.35100e-02
2.35800e+05	5.13500e-02
2.46700e+05	4.92700e-02
2.58100e+05	4.72800e-02
2.70000e+05	4.53700e-02
2.82500e+05	4.35300e-02
2.95500e+05	4.17700e-02
3.09200e+05	4.00800e-02
3.23400e+05	3.84500e-02
3.38400e+05	3.69000e-02
3.54000e+05	3.54000e-02
3.70400e+05	3.39700e-02
3.87500e+05	3.25900e-02
4.05400e+05	3.12700e-02
4.24100e+05	3.00000e-02
4.43700e+05	2.87800e-02
4.64200e+05	2.76100e-02
4.85600e+05	2.64900e-02
5.08000e+05	2.54100e-02
5.31500e+05	2.43800e-02
5.56000e+05	2.33900e-02
5.81700e+05	2.24400e-02
6.08600e+05	2.15200e-02
6.36700e+05	2.06500e-02
6.66100e+05	1.98100e-02
6.96800e+05	1.90000e-02
7.29000e+05	1.82200e-02
7.62700e+05	1.74800e-02
7.97900e+05	1.67700e-02
8.34800e+05	1.60900e-02
8.73300e+05	1.54300e-02
9.13700e+05	1.48000e-02
9.55900e+05	1.42000e-02
1.00000e+06	1.36200e-02
