# CH3NC cross section
256
1.00000e+01	0.00000e+00
1.04600e+01	0.00000e+00
1.09400e+01	0.00000e+00
1.14500e+01	4.04700e-03
1.19800e+01	1.70600e-01
1.25300e+01	3.51900e-01
1.31100e+01	6.54000e-01
1.37200e+01	1.13600e+00
1.43500e+01	1.64700e+00
1.50100e+01	2.17800e+00
1.57100e+01	2.72500e+00
1.64300e+01	3.28100e+00
1.71900e+01	3.96700e+00
1.79800e+01	4.75700e+00
1.88200e+01	5.55800e+00
1.96800e+01	6.43400e+00
2.05900e+01	7.31900e+00
2.15400e+01	8.20200e+00
2.25400e+01	9.07700e+00
2.35800e+01	9.93800e+00
2.46700e+01	1.07800e+01
2.58100e+01	1.16000e+01
2.70000e+01	1.24000e+01
2.82500e+01	1.31700e+01
2.95500e+01	1.39300e+01
3.09200e+01	1.46700e+01
3.23400e+01	1.53900e+01
3.38400e+01	1.60700e+01
3.54000e+01	1.67200e+01
3.70400e+01	1.73500e+01
3.87500e+01	1.79500e+01
4.05400e+01	1.85100e+01
4.24100e+01	1.90300e+01
4.43700e+01	1.95100e+01
4.64200e+01	1.99500e+01
4.85600e+01	2.03500e+01
5.08000e+01	2.07200e+01
5.31500e+01	2.10400e+01
5.56000e+01	2.13300e+01
5.81700e+01	2.15800e+01
6.08600e+01	2.17900e+01
6.36700e+01	2.19600e+01
6.66100e+01	2.20900e+01
6.96800e+01	2.22000e+01
7.29000e+01	2.22600e+01
7.62700e+01	2.23000e+01
7.97900e+01	2.23000e+01
8.34800e+01	2.22700e+01
8.73300e+01	2.22200e+01
9.13700e+01	2.21300e+01
9.55900e+01	2.20200e+01
1.00000e+02	2.18800e+01
1.04600e+02	2.17200e+01
1.09400e+02	2.15400e+01
1.14500e+02	2.13400e+01
1.19800e+02	2.11100e+01
1.25300e+02	2.08700e+01
1.31100e+02	2.06100e+01
1.37200e+02	2.03400e+01
1.43500e+02	2.00500e+01
1.50100e+02	1.97500e+01
1.57100e+02	1.94400e+01
1.64300e+02	1.91200e+01
1.71900e+02	1.87800e+01
1.79800e+02	1.84400e+01
1.88200e+02	1.81000e+01
1.96800e+02	1.77400e+01
2.05900e+02	1.73800e+01
2.15400e+02	1.70200e+01
2.25400e+02	1.66600e+01
2.35800e+02	1.62900e+01
2.46700e+02	1.59200e+01
2.58100e+02	1.55500e+01
2.70000e+02	1.51800e+01
2.82500e+02	1.48100e+01
2.95500e+02	1.44400e+01
3.09200e+02	1.40800e+01
3.23400e+02	1.37200e+01
3.38400e+02	1.33600e+01
3.54000e+02	1.30000e+01
3.70400e+02	1.26500e+01
3.87500e+02	1.23000e+01
4.05400e+02	1.19600e+01
4.24100e+02	1.16200e+01
4.43700e+02	1.12900e+01
4.64200e+02	1.09600e+01
4.85600e+02	1.06400e+01
5.08000e+02	1.03200e+01
5.31500e+02	1.00200e+01
5.56000e+02	9.71200e+00
5.81700e+02	9.41500e+00
6.08600e+02	9.12400e+00
6.36700e+02	8.84000e+00
6.66100e+02	8.56200e+00
6.96800e+02	8.29100e+00
7.29000e+02	8.02600e+00
7.62700e+02	7.76700e+00
7.97900e+02	7.51500e+00
8.34800e+02	7.27000e+00
8.73300e+02	7.03100e+00
9.13700e+02	6.79800e+00
9.55900e+02	6.57200e+00
1.00000e+03	6.35200e+00
1.04600e+03	6.13800e+00
1.09400e+03	5.93000e+00
1.14500e+03	5.72800e+00
1.19800e+03	5.53100e+00
1.25300e+03	5.34100e+00
1.31100e+03	5.15600e+00
1.37200e+03	4.97700e+00
1.43500e+03	4.80400e+00
1.50100e+03	4.63500e+00
1.57100e+03	4.47200e+00
1.64300e+03	4.31400e+00
1.71900e+03	4.16100e+00
1.79800e+03	4.01300e+00
1.88200e+03	3.87000e+00
1.96800e+03	3.73100e+00
2.05900e+03	3.59700e+00
2.15400e+03	3.46700e+00
2.25400e+03	3.34200e+00
2.35800e+03	3.22000e+00
2.46700e+03	3.10300e+00
2.58100e+03	2.99000e+00
2.70000e+03	2.88000e+00
2.82500e+03	2.77500e+00
2.95500e+03	2.67300e+00
3.09200e+03	2.57400e+00
3.23400e+03	2.47900e+00
3.38400e+03	2.38700e+00
3.54000e+03	2.29800e+00
3.70400e+03	2.21300e+00
3.87500e+03	2.13000e+00
4.05400e+03	2.05100e+00
4.24100e+03	1.97400e+00
4.43700e+03	1.90000e+00
4.64200e+03	1.82800e+00
4.85600e+03	1.75900e+00
5.08000e+03	1.69300e+00
5.31500e+03	1.62900e+00
5.56000e+03	1.56700e+00
5.81700e+03	1.50800e+00
6.08600e+03	1.45100e+00
6.36700e+03	1.39500e+00
6.66100e+03	1.34200e+00
6.96800e+03	1.29100e+00
7.29000e+03	1.24200e+00
7.62700e+03	1.19400e+00
7.97900e+03	1.14800e+00
8.34800e+03	1.10400e+00
8.73300e+03	1.06200e+00
9.13700e+03	1.02100e+00
9.55900e+03	9.81700e-01
1.00000e+04	9.43800e-01
1.04600e+04	9.07400e-01
1.09400e+04	8.72300e-01
1.14500e+04	8.38500e-01
1.19800e+04	8.06100e-01
1.25300e+04	7.74800e-01
1.31100e+04	7.44700e-01
1.37200e+04	7.15800e-01
1.43500e+04	6.87900e-01
1.50100e+04	6.61200e-01
1.57100e+04	6.35400e-01
1.64300e+04	6.10600e-01
1.71900e+04	5.86800e-01
1.79800e+04	5.63800e-01
1.88200e+04	5.41800e-01
1.96800e+04	5.20600e-01
2.05900e+04	5.00200e-01
2.15400e+04	4.80500e-01
2.25400e+04	4.61700e-01
2.35800e+04	4.43600e-01
2.46700e+04	4.26100e-01
2.58100e+04	4.09400e-01
2.70000e+04	3.93200e-01
2.82500e+04	3.77700e-01
2.95500e+04	3.62900e-01
3.09200e+04	3.48500e-01
3.23400e+04	3.34800e-01
3.38400e+04	3.21600e-01
3.54000e+04	3.08800e-01
3.70400e+04	2.96600e-01
3.87500e+04	2.84900e-01
4.05400e+04	2.73600e-01
4.24100e+04	2.62700e-01
4.43700e+04	2.52300e-01
4.64200e+04	2.42300e-01
4.85600e+04	2.32700e-01
5.08000e+04	2.23400e-01
5.31500e+04	2.14600e-01
5.56000e+04	2.06000e-01
5.81700e+04	1.97800e-01
6.08600e+04	1.89900e-01
6.36700e+04	1.82400e-01
6.66100e+04	1.75100e-01
6.96800e+04	1.68100e-01
7.29000e+04	1.61400e-01
7.62700e+04	1.55000e-01
7.97900e+04	1.48800e-01
8.34800e+04	1.42800e-01
8.73300e+04	1.37100e-01
9.13700e+04	1.31600e-01
9.55900e+04	1.26400e-01
1.00000e+05	1.21300e-01
1.04600e+05	1.16400e-01
1.09400e+05	1.11800e-01
1.14500e+05	1.07300e-01
1.19800e+05	1.03000e-01
1.25300e+05	9.88500e-02
1.31100e+05	9.48800e-02
1.37200e+05	9.10700e-02
1.43500e+05	8.74100e-02
1.50100e+05	8.38900e-02
1.57100e+05	8.05200e-02
1.64300e+05	7.72800e-02
1.71900e+05	7.41700e-02
1.79800e+05	7.11800e-02
1.88200e+05	6.83100e-02
1.96800e+05	6.55600e-02
2.05900e+05	6.29100e-02
2.15400e+05	6.03800e-02
2.25400e+05	5.79400e-02
2.35800e+05	5.56000e-02
2.46700e+05	5.33500e-02
2.58100e+05	5.12000e-02
2.70000e+05	4.91300e-02
2.82500e+05	4.71400e-02
2.95500e+05	4.52300e-02
3.09200e+05	4.34000e-02
3.23400e+05	4.16500e-02
3.38400e+05	3.99600e-02
3.54000e+05	3.83400e-02
3.70400e+05	3.67900e-02
3.87500e+05	3.53000e-02
4.05400e+05	3.38600e-02
4.24100e+05	3.24900e-02
4.43700e+05	3.11700e-02
4.64200e+05	2.99100e-02
4.85600e+05	2.86900e-02
5.08000e+05	2.75300e-02
5.31500e+05	2.64100e-02
5.56000e+05	2.53400e-02
5.81700e+05	2.43000e-02
6.08600e+05	2.33200e-02
6.36700e+05	2.23700e-02
6.66100e+05	2.14600e-02
6.96800e+05	2.05800e-02
7.29000e+05	1.97500e-02
7.62700e+05	1.89400e-02
7.97900e+05	1.81700e-02
8.34800e+05	1.74300e-02
8.73300e+05	1.67200e-02
9.13700e+05	1.60400e-02
9.55900e+05	1.53800e-02
1.00000e+06	1.47500e-02
