# CH3NCO cross section
256
1.00000e+01	0.00000e+00
1.04600e+01	0.00000e+00
1.09400e+01	0.00000e+00
1.14500e+01	1.95200e-01
1.19800e+01	4.99800e-01
1.25300e+01	8.27300e-01
1.31100e+01	1.17300e+00
1.37200e+01	1.53200e+00
1.43500e+01	1.90200e+00
1.50100e+01	2.27800e+00
1.57100e+01	2.80700e+00
1.64300e+01	3.42100e+00
1.71900e+01	4.17300e+00
1.79800e+01	5.06100e+00
1.88200e+01	6.04200e+00
1.96800e+01	7.06600e+00
2.05900e+01	8.10100e+00
2.15400e+01	9.14000e+00
2.25400e+01	1.01700e+01
2.35800e+01	1.12000e+01
2.46700e+01	1.22100e+01
2.58100e+01	1.32100e+01
2.70000e+01	1.42200e+01
2.82500e+01	1.52100e+01
2.95500e+01	1.61600e+01
3.09200e+01	1.70900e+01
3.23400e+01	1.79800e+01
3.38400e+01	1.88300e+01
3.54000e+01	1.96400e+01
3.70400e+01	2.04400e+01
3.87500e+01	2.11900e+01
4.05400e+01	2.19000e+01
4.24100e+01	2.25900e+01
4.43700e+01	2.32200e+01
4.64200e+01	2.38200e+01
4.85600e+01	2.43700e+01
5.08000e+01	2.48700e+01
5.31500e+01	2.53200e+01
5.56000e+01	2.57300e+01
5.81700e+01	2.61000e+01
6.08600e+01	2.64200e+01
6.36700e+01	2.66900e+01
6.66100e+01	2.69200e+01
6.96800e+01	2.71100e+01
7.29000e+01	2.72500e+01
7.62700e+01	2.73500e+01
7.97900e+01	2.74200e+01
8.34800e+01	2.74400e+01
8.73300e+01	2.74300e+01
9.13700e+01	2.73800e+01
9.55900e+01	2.73000e+01
1.00000e+02	2.71800e+01
1.04600e+02	2.70400e+01
1.09400e+02	2.68600e+01
1.14500e+02	2.66500e+01
1.19800e+02	2.64200e+01
1.25300e+02	2.61700e+01
1.31100e+02	2.58900e+01
1.37200e+02	2.55900e+01
1.43500e+02	2.52700e+01
1.50100e+02	2.49300e+01
1.57100e+02	2.45700e+01
1.64300e+02	2.42000e+01
1.71900e+02	2.38200e+01
1.79800e+02	2.34200e+01
1.88200e+02	2.30100e+01
1.96800e+02	2.25900e+01
2.05900e+02	2.21600e+01
2.15400e+02	2.17300e+01
2.25400e+02	2.12900e+01
2.35800e+02	2.08500e+01
2.46700e+02	2.04000e+01
2.58100e+02	1.99500e+01
2.70000e+02	1.95000e+01
2.82500e+02	1.90400e+01
2.95500e+02	1.85900e+01
3.09200e+02	1.81400e+01
3.23400e+02	1.76900e+01
3.38400e+02	1.72400e+01
3.54000e+02	1.68000e+01
3.70400e+02	1.63600e+01
3.87500e+02	1.59200e+01
4.05400e+02	1.54900e+01
4.24100e+02	1.50700e+01
4.43700e+02	1.46500e+01
4.64200e+02	1.42300e+01
4.85600e+02	1.38300e+01
5.08000e+02	1.34300e+01
5.31500e+02	1.30300e+01
5.56000e+02	1.26400e+01
5.81700e+02	1.22700e+01
6.08600e+02	1.18900e+01
6.36700e+02	1.15300e+01
6.66100e+02	1.11700e+01
6.96800e+02	1.08300e+01
7.29000e+02	1.04900e+01
7.62700e+02	1.01500e+01
7.97900e+02	9.82800e+00
8.34800e+02	9.51100e+00
8.73300e+02	9.20300e+00
9.13700e+02	8.90200e+00
9.55900e+02	8.60900e+00
1.00000e+03	8.32400e+00
1.04600e+03	8.04600e+00
1.09400e+03	7.77600e+00
1.14500e+03	7.51400e+00
1.19800e+03	7.25900e+00
1.25300e+03	7.01200e+00
1.31100e+03	6.77100e+00
1.37200e+03	6.53800e+00
1.43500e+03	6.31200e+00
1.50100e+03	6.09200e+00
1.57100e+03	5.87900e+00
1.64300e+03	5.67300e+00
1.71900e+03	5.47300e+00
1.79800e+03	5.28000e+00
1.88200e+03	5.09200e+00
1.96800e+03	4.91100e+00
2.05900e+03	4.73500e+00
2.15400e+03	4.56500e+00
2.25400e+03	4.40100e+00
2.35800e+03	4.24200e+00
2.46700e+03	4.08800e+00
2.58100e+03	3.94000e+00
2.70000e+03	3.79600e+00
2.82500e+03	3.65700e+00
2.95500e+03	3.52300e+00
3.09200e+03	3.39400e+00
3.23400e+03	3.26900e+00
3.38400e+03	3.14800e+00
3.54000e+03	3.03100e+00
3.70400e+03	2.91900e+00
3.87500e+03	2.81000e+00
4.05400e+03	2.70600e+00
4.24100e+03	2.60500e+00
4.43700e+03	2.50700e+00
4.64200e+03	2.41300e+00
4.85600e+03	2.32200e+00
5.08000e+03	2.23500e+00
5.31500e+03	2.15100e+00
5.56000e+03	2.06900e+00
5.81700e+03	1.99100e+00
6.08600e+03	1.91600e+00
6.36700e+03	1.84300e+00
6.66100e+03	1.77300e+00
6.96800e+03	1.70500e+00
7.29000e+03	1.64000e+00
7.62700e+03	1.57800e+00
7.97900e+03	1.51700e+00
8.34800e+03	1.45900e+00
8.73300e+03	1.40300e+00
9.13700e+03	1.34900e+00
9.55900e+03	1.29700e+00
1.00000e+04	1.24700e+00
1.04600e+04	1.19900e+00
1.09400e+04	1.15300e+00
1.14500e+04	1.10800e+00
1.19800e+04	1.06500e+00
1.25300e+04	1.02400e+00
1.31100e+04	9.84500e-01
1.37200e+04	9.46300e-01
1.43500e+04	9.09500e-01
1.50100e+04	8.74100e-01
1.57100e+04	8.40100e-01
1.64300e+04	8.07300e-01
1.71900e+04	7.75800e-01
1.79800e+04	7.45500e-01
1.88200e+04	7.16400e-01
1.96800e+04	6.88400e-01
2.05900e+04	6.61400e-01
2.15400e+04	6.35500e-01
2.25400e+04	6.10600e-01
2.35800e+04	5.86600e-01
2.46700e+04	5.63600e-01
2.58100e+04	5.41400e-01
2.70000e+04	5.20100e-01
2.82500e+04	4.99600e-01
2.95500e+04	4.80000e-01
3.09200e+04	4.61000e-01
3.23400e+04	4.42800e-01
3.38400e+04	4.25400e-01
3.54000e+04	4.08500e-01
3.70400e+04	3.92400e-01
3.87500e+04	3.76900e-01
4.05400e+04	3.61900e-01
4.24100e+04	3.47600e-01
4.43700e+04	3.33800e-01
4.64200e+04	3.20600e-01
4.85600e+04	3.07900e-01
5.08000e+04	2.95600e-01
5.31500e+04	2.83900e-01
5.56000e+04	2.72600e-01
5.81700e+04	2.61800e-01
6.08600e+04	2.51300e-01
6.36700e+04	2.41300e-01
6.66100e+04	2.31700e-01
6.96800e+04	2.22500e-01
7.29000e+04	2.13600e-01
7.62700e+04	2.05100e-01
7.97900e+04	1.96900e-01
8.34800e+04	1.89000e-01
8.73300e+04	1.81500e-01
9.13700e+04	1.74200e-01
9.55900e+04	1.67200e-01
1.00000e+05	1.60500e-01
1.04600e+05	1.54100e-01
1.09400e+05	1.47900e-01
1.14500e+05	1.42000e-01
1.19800e+05	1.36300e-01
1.25300e+05	1.30800e-01
1.31100e+05	1.25600e-01
1.37200e+05	1.20500e-01
1.43500e+05	1.15700e-01
1.50100e+05	1.11000e-01
1.57100e+05	1.06600e-01
1.64300e+05	1.02300e-01
1.71900e+05	9.81600e-02
1.79800e+05	9.42100e-02
1.88200e+05	9.04200e-02
1.96800e+05	8.67700e-02
2.05900e+05	8.32700e-02
2.15400e+05	7.99100e-02
2.25400e+05	7.66900e-02
2.35800e+05	7.35900e-02
2.46700e+05	7.06200e-02
2.58100e+05	6.77700e-02
2.70000e+05	6.50300e-02
2.82500e+05	6.24000e-02
2.95500e+05	5.98800e-02
3.09200e+05	5.74500e-02
3.23400e+05	5.51300e-02
3.38400e+05	5.29000e-02
3.54000e+05	5.07500e-02
3.70400e+05	4.87000e-02
3.87500e+05	4.67200e-02
4.05400e+05	4.48300e-02
4.24100e+05	4.30100e-02
4.43700e+05	4.12700e-02
4.64200e+05	3.95900e-02
4.85600e+05	3.79800e-02
5.08000e+05	3.64400e-02
5.31500e+05	3.49600e-02
5.56000e+05	3.35400e-02
5.81700e+05	3.21800e-02
6.08600e+05	3.08700e-02
6.36700e+05	2.96100e-02
6.66100e+05	2.84100e-02
6.96800e+05	2.72500e-02
7.29000e+05	2.61400e-02
7.62700e+05	2.50800e-02
7.97900e+05	2.40500e-02
8.34800e+05	2.30700e-02
8.73300e+05	2.21300e-02
9.13700e+05	2.12300e-02
9.55900e+05	2.03700e-02
1.00000e+06	1.95300e-02
