# CO cross section
256
1.00000e+01	0.00000e+00
1.04600e+01	0.00000e+00
1.09400e+01	0.00000e+00
1.14500e+01	0.00000e+00
1.19800e+01	0.00000e+00
1.25300e+01	0.00000e+00
1.31100e+01	0.00000e+00
1.37200e+01	0.00000e+00
1.43500e+01	2.71900e-02
1.50100e+01	1.44400e-01
1.57100e+01	2.71200e-01
1.64300e+01	4.05300e-01
1.71900e+01	5.45000e-01
1.79800e+01	7.87800e-01
1.88200e+01	1.08700e+00
1.96800e+01	1.39900e+00
2.05900e+01	1.74000e+00
2.15400e+01	2.11800e+00
2.25400e+01	2.50300e+00
2.35800e+01	2.89100e+00
2.46700e+01	3.28000e+00
2.58100e+01	3.66600e+00
2.70000e+01	4.04800e+00
2.82500e+01	4.42300e+00
2.95500e+01	4.79000e+00
3.09200e+01	5.14800e+00
3.23400e+01	5.49500e+00
3.38400e+01	5.83000e+00
3.54000e+01	6.15100e+00
3.70400e+01	6.46000e+00
3.87500e+01	6.75400e+00
4.05400e+01	7.03300e+00
4.24100e+01	7.30000e+00
4.43700e+01	7.56500e+00
4.64200e+01	7.81500e+00
4.85600e+01	8.05000e+00
5.08000e+01	8.27000e+00
5.31500e+01	8.47400e+00
5.56000e+01	8.66200e+00
5.81700e+01	8.83400e+00
6.08600e+01	8.99000e+00
6.36700e+01	9.13000e+00
6.66100e+01	9.25400e+00
6.96800e+01	9.36300e+00
7.29000e+01	9.45600e+00
7.62700e+01	9.53300e+00
7.97900e+01	9.59600e+00
8.34800e+01	9.64400e+00
8.73300e+01	9.67800e+00
9.13700e+01	9.69800e+00
9.55900e+01	9.70500e+00
1.00000e+02	9.69900e+00
1.04600e+02	9.68000e+00
1.09400e+02	9.65000e+00
1.14500e+02	9.60800e+00
1.19800e+02	9.55500e+00
1.25300e+02	9.49200e+00
1.31100e+02	9.42000e+00
1.37200e+02	9.33800e+00
1.43500e+02	9.24700e+00
1.50100e+02	9.14900e+00
1.57100e+02	9.04300e+00
1.64300e+02	8.93000e+00
1.71900e+02	8.81000e+00
1.79800e+02	8.68500e+00
1.88200e+02	8.55400e+00
1.96800e+02	8.41900e+00
2.05900e+02	8.27900e+00
2.15400e+02	8.13500e+00
2.25400e+02	7.98800e+00
2.35800e+02	7.83800e+00
2.46700e+02	7.68500e+00
2.58100e+02	7.53000e+00
2.70000e+02	7.37400e+00
2.82500e+02	7.21600e+00
2.95500e+02	7.05700e+00
3.09200e+02	6.89800e+00
3.23400e+02	6.73900e+00
3.38400e+02	6.58000e+00
3.54000e+02	6.42100e+00
3.70400e+02	6.26300e+00
3.87500e+02	6.10500e+00
4.05400e+02	5.94900e+00
4.24100e+02	5.79400e+00
4.43700e+02	5.64000e+00
4.64200e+02	5.48800e+00
4.85600e+02	5.33800e+00
5.08000e+02	5.19000e+00
5.31500e+02	5.04400e+00
5.56000e+02	4.90000e+00
5.81700e+02	4.75900e+00
6.08600e+02	4.62000e+00
6.36700e+02	4.48300e+00
6.66100e+02	4.34900e+00
6.96800e+02	4.21800e+00
7.29000e+02	4.08900e+00
7.62700e+02	3.96400e+00
7.97900e+02	3.84000e+00
8.34800e+02	3.72000e+00
8.73300e+02	3.60200e+00
9.13700e+02	3.48700e+00
9.55900e+02	3.37500e+00
1.00000e+03	3.26600e+00
1.04600e+03	3.16000e+00
1.09400e+03	3.05600e+00
1.14500e+03	2.95500e+00
1.19800e+03	2.85700e+00
1.25300e+03	2.76100e+00
1.31100e+03	2.66800e+00
1.37200e+03	2.57800e+00
1.43500e+03	2.49000e+00
1.50100e+03	2.40500e+00
1.57100e+03	2.32200e+00
1.64300e+03	2.24200e+00
1.71900e+03	2.16400e+00
1.79800e+03	2.08900e+00
1.88200e+03	2.01600e+00
1.96800e+03	1.94500e+00
2.05900e+03	1.87600e+00
2.15400e+03	1.80900e+00
2.25400e+03	1.74500e+00
2.35800e+03	1.68300e+00
2.46700e+03	1.62200e+00
2.58100e+03	1.56400e+00
2.70000e+03	1.50800e+00
2.82500e+03	1.45300e+00
2.95500e+03	1.40000e+00
3.09200e+03	1.34900e+00
3.23400e+03	1.30000e+00
3.38400e+03	1.25200e+00
3.54000e+03	1.20600e+00
3.70400e+03	1.16200e+00
3.87500e+03	1.11900e+00
4.05400e+03	1.07800e+00
4.24100e+03	1.03800e+00
4.43700e+03	9.99200e-01
4.64200e+03	9.62000e-01
4.85600e+03	9.26100e-01
5.08000e+03	8.91500e-01
5.31500e+03	8.58100e-01
5.56000e+03	8.25800e-01
5.81700e+03	7.94800e-01
6.08600e+03	7.64800e-01
6.36700e+03	7.35900e-01
6.66100e+03	7.08100e-01
6.96800e+03	6.81200e-01
7.29000e+03	6.55400e-01
7.62700e+03	6.30500e-01
7.97900e+03	6.06500e-01
8.34800e+03	5.83300e-01
8.73300e+03	5.61100e-01
9.13700e+03	5.39600e-01
9.55900e+03	5.18900e-01
1.00000e+04	4.99000e-01
1.04600e+04	4.79900e-01
1.09400e+04	4.61400e-01
1.14500e+04	4.43700e-01
1.19800e+04	4.26500e-01
1.25300e+04	4.10100e-01
1.31100e+04	3.94200e-01
1.37200e+04	3.79000e-01
1.43500e+04	3.64300e-01
1.50100e+04	3.50200e-01
1.57100e+04	3.36600e-01
1.64300e+04	3.23500e-01
1.71900e+04	3.10900e-01
1.79800e+04	2.98800e-01
1.88200e+04	2.87200e-01
1.96800e+04	2.76000e-01
2.05900e+04	2.65200e-01
2.15400e+04	2.54800e-01
2.25400e+04	2.44900e-01
2.35800e+04	2.35300e-01
2.46700e+04	2.26100e-01
2.58100e+04	2.17200e-01
2.70000e+04	2.08700e-01
2.82500e+04	2.00500e-01
2.95500e+04	1.92600e-01
3.09200e+04	1.85000e-01
3.23400e+04	1.77700e-01
3.38400e+04	1.70700e-01
3.54000e+04	1.64000e-01
3.70400e+04	1.57500e-01
3.87500e+04	1.51300e-01
4.05400e+04	1.45300e-01
4.24100e+04	1.39600e-01
4.43700e+04	1.34100e-01
4.64200e+04	1.28800e-01
4.85600e+04	1.23700e-01
5.08000e+04	1.18800e-01
5.31500e+04	1.14000e-01
5.56000e+04	1.09500e-01
5.81700e+04	1.05200e-01
6.08600e+04	1.01000e-01
6.36700e+04	9.69800e-02
6.66100e+04	9.31200e-02
6.96800e+04	8.94100e-02
7.29000e+04	8.58500e-02
7.62700e+04	8.24300e-02
7.97900e+04	7.91400e-02
8.34800e+04	7.59900e-02
8.73300e+04	7.29500e-02
9.13700e+04	7.00400e-02
9.55900e+04	6.72400e-02
1.00000e+05	6.45500e-02
1.04600e+05	6.19700e-02
1.09400e+05	5.94900e-02
1.14500e+05	5.71100e-02
1.19800e+05	5.48200e-02
1.25300e+05	5.26200e-02
1.31100e+05	5.05100e-02
1.37200e+05	4.84900e-02
1.43500e+05	4.65400e-02
1.50100e+05	4.46700e-02
1.57100e+05	4.28800e-02
1.64300e+05	4.11600e-02
1.71900e+05	3.95000e-02
1.79800e+05	3.79100e-02
1.88200e+05	3.63900e-02
1.96800e+05	3.49200e-02
2.05900e+05	3.35200e-02
2.15400e+05	3.21700e-02
2.25400e+05	3.08700e-02
2.35800e+05	2.96200e-02
2.46700e+05	2.84300e-02
2.58100e+05	2.72800e-02
2.70000e+05	2.61800e-02
2.82500e+05	2.51200e-02
2.95500e+05	2.41100e-02
3.09200e+05	2.31300e-02
3.23400e+05	2.22000e-02
3.38400e+05	2.13000e-02
3.54000e+05	2.04400e-02
3.70400e+05	1.96100e-02
3.87500e+05	1.88200e-02
4.05400e+05	1.80600e-02
4.24100e+05	1.73200e-02
4.43700e+05	1.66200e-02
4.64200e+05	1.59500e-02
4.85600e+05	1.53000e-02
5.08000e+05	1.46800e-02
5.31500e+05	1.40800e-02
5.56000e+05	1.35100e-02
5.81700e+05	1.29600e-02
6.08600e+05	1.24400e-02
6.36700e+05	1.19300e-02
6.66100e+05	1.14500e-02
6.96800e+05	1.09800e-02
7.29000e+05	1.05300e-02
7.62700e+05	1.01100e-02
7.97900e+05	9.69400e-03
8.34800e+05	9.30000e-03
8.73300e+05	8.92100e-03
9.13700e+05	8.55700e-03
9.55900e+05	8.20900e-03
1.00000e+06	7.87400e-03
