# H2NCO+ cross section
256
1.00000e+01	0.00000e+00
1.04600e+01	0.00000e+00
1.09400e+01	0.00000e+00
1.14500e+01	0.00000e+00
1.19800e+01	0.00000e+00
1.25300e+01	0.00000e+00
1.31100e+01	0.00000e+00
1.37200e+01	0.00000e+00
1.43500e+01	0.00000e+00
1.50100e+01	0.00000e+00
1.57100e+01	0.00000e+00
1.64300e+01	0.00000e+00
1.71900e+01	0.00000e+00
1.79800e+01	2.03000e-02
1.88200e+01	1.62600e-01
1.96800e+01	3.36700e-01
2.05900e+01	5.21300e-01
2.15400e+01	7.13700e-01
2.25400e+01	9.11400e-01
2.35800e+01	1.16400e+00
2.46700e+01	1.47500e+00
2.58100e+01	1.82500e+00
2.70000e+01	2.21800e+00
2.82500e+01	2.68600e+00
2.95500e+01	3.18600e+00
3.09200e+01	3.69200e+00
3.23400e+01	4.19800e+00
3.38400e+01	4.70100e+00
3.54000e+01	5.19800e+00
3.70400e+01	5.68600e+00
3.87500e+01	6.17300e+00
4.05400e+01	6.65800e+00
4.24100e+01	7.12900e+00
4.43700e+01	7.58400e+00
4.64200e+01	8.02300e+00
4.85600e+01	8.45700e+00
5.08000e+01	8.87200e+00
5.31500e+01	9.27900e+00
5.56000e+01	9.66500e+00
5.81700e+01	1.00300e+01
6.08600e+01	1.03700e+01
6.36700e+01	1.06900e+01
6.66100e+01	1.09900e+01
6.96800e+01	1.12600e+01
7.29000e+01	1.15100e+01
7.62700e+01	1.17300e+01
7.97900e+01	1.19400e+01
8.34800e+01	1.21100e+01
8.73300e+01	1.22700e+01
9.13700e+01	1.24000e+01
9.55900e+01	1.25100e+01
1.00000e+02	1.26000e+01
1.04600e+02	1.26700e+01
1.09400e+02	1.27200e+01
1.14500e+02	1.27400e+01
1.19800e+02	1.27500e+01
1.25300e+02	1.27400e+01
1.31100e+02	1.27200e+01
1.37200e+02	1.26700e+01
1.43500e+02	1.26100e+01
1.50100e+02	1.25400e+01
1.57100e+02	1.24500e+01
1.64300e+02	1.23500e+01
1.71900e+02	1.22400e+01
1.79800e+02	1.21100e+01
1.88200e+02	1.19800e+01
1.96800e+02	1.18300e+01
2.05900e+02	1.16700e+01
2.15400e+02	1.15100e+01
2.25400e+02	1.13400e+01
2.35800e+02	1.11600e+01
2.46700e+02	1.09800e+01
2.58100e+02	1.07900e+01
2.70000e+02	1.05900e+01
2.82500e+02	1.03900e+01
2.95500e+02	1.01900e+01
3.09200e+02	9.98400e+00
3.23400e+02	9.77700e+00
3.38400e+02	9.56800e+00
3.54000e+02	9.35800e+00
3.70400e+02	9.14700e+00
3.87500e+02	8.93600e+00
4.05400e+02	8.72500e+00
4.24100e+02	8.51500e+00
4.43700e+02	8.30500e+00
4.64200e+02	8.09600e+00
4.85600e+02	7.88900e+00
5.08000e+02	7.68400e+00
5.31500e+02	7.48100e+00
5.56000e+02	7.27900e+00
5.81700e+02	7.08000e+00
6.08600e+02	6.88400e+00
6.36700e+02	6.69100e+00
6.66100e+02	6.50100e+00
6.96800e+02	6.31300e+00
7.29000e+02	6.12900e+00
7.62700e+02	5.94900e+00
7.97900e+02	5.77100e+00
8.34800e+02	5.59800e+00
8.73300e+02	5.42700e+00
9.13700e+02	5.26100e+00
9.55900e+02	5.09800e+00
1.00000e+03	4.93800e+00
1.04600e+03	4.78200e+00
1.09400e+03	4.63000e+00
1.14500e+03	4.48200e+00
1.19800e+03	4.33800e+00
1.25300e+03	4.19700e+00
1.31100e+03	4.05900e+00
1.37200e+03	3.92600e+00
1.43500e+03	3.79500e+00
1.50100e+03	3.66900e+00
1.57100e+03	3.54600e+00
1.64300e+03	3.42600e+00
1.71900e+03	3.31000e+00
1.79800e+03	3.19700e+00
1.88200e+03	3.08800e+00
1.96800e+03	2.98100e+00
2.05900e+03	2.87800e+00
2.15400e+03	2.77800e+00
2.25400e+03	2.68100e+00
2.35800e+03	2.58700e+00
2.46700e+03	2.49600e+00
2.58100e+03	2.40800e+00
2.70000e+03	2.32300e+00
2.82500e+03	2.24000e+00
2.95500e+03	2.16000e+00
3.09200e+03	2.08300e+00
3.23400e+03	2.00800e+00
3.38400e+03	1.93500e+00
3.54000e+03	1.86500e+00
3.70400e+03	1.79800e+00
3.87500e+03	1.73200e+00
4.05400e+03	1.66900e+00
4.24100e+03	1.60800e+00
4.43700e+03	1.54900e+00
4.64200e+03	1.49200e+00
4.85600e+03	1.43700e+00
5.08000e+03	1.38400e+00
5.31500e+03	1.33300e+00
5.56000e+03	1.28300e+00
5.81700e+03	1.23500e+00
6.08600e+03	1.18900e+00
6.36700e+03	1.14500e+00
6.66100e+03	1.10200e+00
6.96800e+03	1.06100e+00
7.29000e+03	1.02100e+00
7.62700e+03	9.82500e-01
7.97900e+03	9.45400e-01
8.34800e+03	9.09700e-01
8.73300e+03	8.75300e-01
9.13700e+03	8.42100e-01
9.55900e+03	8.10100e-01
1.00000e+04	7.79300e-01
1.04600e+04	7.49600e-01
1.09400e+04	7.21000e-01
1.14500e+04	6.93500e-01
1.19800e+04	6.67000e-01
1.25300e+04	6.41400e-01
1.31100e+04	6.16800e-01
1.37200e+04	5.93200e-01
1.43500e+04	5.70300e-01
1.50100e+04	5.48400e-01
1.57100e+04	5.27300e-01
1.64300e+04	5.06900e-01
1.71900e+04	4.87300e-01
1.79800e+04	4.68500e-01
1.88200e+04	4.50300e-01
1.96800e+04	4.32900e-01
2.05900e+04	4.16100e-01
2.15400e+04	3.99900e-01
2.25400e+04	3.84400e-01
2.35800e+04	3.69400e-01
2.46700e+04	3.55000e-01
2.58100e+04	3.41200e-01
2.70000e+04	3.27900e-01
2.82500e+04	3.15100e-01
2.95500e+04	3.02800e-01
3.09200e+04	2.90900e-01
3.23400e+04	2.79500e-01
3.38400e+04	2.68600e-01
3.54000e+04	2.58000e-01
3.70400e+04	2.47900e-01
3.87500e+04	2.38200e-01
4.05400e+04	2.28800e-01
4.24100e+04	2.19800e-01
4.43700e+04	2.11100e-01
4.64200e+04	2.02800e-01
4.85600e+04	1.94800e-01
5.08000e+04	1.87100e-01
5.31500e+04	1.79700e-01
5.56000e+04	1.72600e-01
5.81700e+04	1.65800e-01
6.08600e+04	1.59200e-01
6.36700e+04	1.52900e-01
6.66100e+04	1.46900e-01
6.96800e+04	1.41100e-01
7.29000e+04	1.35500e-01
7.62700e+04	1.30100e-01
7.97900e+04	1.24900e-01
8.34800e+04	1.20000e-01
8.73300e+04	1.15200e-01
9.13700e+04	1.10600e-01
9.55900e+04	1.06200e-01
1.00000e+05	1.02000e-01
1.04600e+05	9.79100e-02
1.09400e+05	9.40100e-02
1.14500e+05	9.02600e-02
1.19800e+05	8.66500e-02
1.25300e+05	8.31900e-02
1.31100e+05	7.98700e-02
1.37200e+05	7.66800e-02
1.43500e+05	7.36100e-02
1.50100e+05	7.06600e-02
1.57100e+05	6.78300e-02
1.64300e+05	6.51200e-02
1.71900e+05	6.25100e-02
1.79800e+05	6.00000e-02
1.88200e+05	5.76000e-02
1.96800e+05	5.52800e-02
2.05900e+05	5.30700e-02
2.15400e+05	5.09300e-02
2.25400e+05	4.88900e-02
2.35800e+05	4.69200e-02
2.46700e+05	4.50400e-02
2.58100e+05	4.32200e-02
2.70000e+05	4.14800e-02
2.82500e+05	3.98100e-02
2.95500e+05	3.82100e-02
3.09200e+05	3.66700e-02
3.23400e+05	3.51900e-02
3.38400e+05	3.37700e-02
3.54000e+05	3.24100e-02
3.70400e+05	3.11000e-02
3.87500e+05	2.98500e-02
4.05400e+05	2.86400e-02
4.24100e+05	2.74800e-02
4.43700e+05	2.63700e-02
4.64200e+05	2.53100e-02
4.85600e+05	2.42800e-02
5.08000e+05	2.33000e-02
5.31500e+05	2.23600e-02
5.56000e+05	2.14500e-02
5.81700e+05	2.05800e-02
6.08600e+05	1.97500e-02
6.36700e+05	1.89500e-02
6.66100e+05	1.81800e-02
6.96800e+05	1.74400e-02
7.29000e+05	1.67300e-02
7.62700e+05	1.60500e-02
7.97900e+05	1.54000e-02
8.34800e+05	1.47800e-02
8.73300e+05	1.41800e-02
9.13700e+05	1.36000e-02
9.55900e+05	1.30500e-02
1.00000e+06	1.25200e-02
