# H2O+ cross section
256
1.00000e+01	0.00000e+00
1.04600e+01	0.00000e+00
1.09400e+01	0.00000e+00
1.14500e+01	0.00000e+00
1.19800e+01	0.00000e+00
1.25300e+01	0.00000e+00
1.31100e+01	0.00000e+00
1.37200e+01	0.00000e+00
1.43500e+01	0.00000e+00
1.50100e+01	0.00000e+00
1.57100e+01	0.00000e+00
1.64300e+01	0.00000e+00
1.71900e+01	0.00000e+00
1.79800e+01	0.00000e+00
1.88200e+01	0.00000e+00
1.96800e+01	0.00000e+00
2.05900e+01	0.00000e+00
2.15400e+01	0.00000e+00
2.25400e+01	0.00000e+00
2.35800e+01	0.00000e+00
2.46700e+01	0.00000e+00
2.58100e+01	0.00000e+00
2.70000e+01	3.17900e-03
2.82500e+01	2.49100e-02
2.95500e+01	7.40900e-02
3.09200e+01	1.29500e-01
3.23400e+01	1.98100e-01
3.38400e+01	2.89000e-01
3.54000e+01	3.83600e-01
3.70400e+01	4.80600e-01
3.87500e+01	5.79000e-01
4.05400e+01	6.77900e-01
4.24100e+01	7.76500e-01
4.43700e+01	8.74100e-01
4.64200e+01	9.75800e-01
4.85600e+01	1.07800e+00
5.08000e+01	1.17800e+00
5.31500e+01	1.27600e+00
5.56000e+01	1.37100e+00
5.81700e+01	1.46700e+00
6.08600e+01	1.56000e+00
6.36700e+01	1.65000e+00
6.66100e+01	1.73600e+00
6.96800e+01	1.81700e+00
7.29000e+01	1.89500e+00
7.62700e+01	1.96700e+00
7.97900e+01	2.03500e+00
8.34800e+01	2.09900e+00
8.73300e+01	2.15800e+00
9.13700e+01	2.21200e+00
9.55900e+01	2.26100e+00
1.00000e+02	2.30500e+00
1.04600e+02	2.34500e+00
1.09400e+02	2.38000e+00
1.14500e+02	2.41000e+00
1.19800e+02	2.43600e+00
1.25300e+02	2.45700e+00
1.31100e+02	2.47500e+00
1.37200e+02	2.48800e+00
1.43500e+02	2.49700e+00
1.50100e+02	2.50200e+00
1.57100e+02	2.50300e+00
1.64300e+02	2.50100e+00
1.71900e+02	2.49500e+00
1.79800e+02	2.48600e+00
1.88200e+02	2.47400e+00
1.96800e+02	2.45900e+00
2.05900e+02	2.44200e+00
2.15400e+02	2.42100e+00
2.25400e+02	2.39900e+00
2.35800e+02	2.37300e+00
2.46700e+02	2.34600e+00
2.58100e+02	2.31700e+00
2.70000e+02	2.28600e+00
2.82500e+02	2.25400e+00
2.95500e+02	2.22000e+00
3.09200e+02	2.18400e+00
3.23400e+02	2.14800e+00
3.38400e+02	2.11000e+00
3.54000e+02	2.07200e+00
3.70400e+02	2.03200e+00
3.87500e+02	1.99200e+00
4.05400e+02	1.95200e+00
4.24100e+02	1.91100e+00
4.43700e+02	1.87000e+00
4.64200e+02	1.82800e+00
4.85600e+02	1.78600e+00
5.08000e+02	1.74400e+00
5.31500e+02	1.70300e+00
5.56000e+02	1.66100e+00
5.81700e+02	1.62000e+00
6.08600e+02	1.57800e+00
6.36700e+02	1.53800e+00
6.66100e+02	1.49700e+00
6.96800e+02	1.45700e+00
7.29000e+02	1.41700e+00
7.62700e+02	1.37800e+00
7.97900e+02	1.34000e+00
8.34800e+02	1.30200e+00
8.73300e+02	1.26400e+00
9.13700e+02	1.22700e+00
9.55900e+02	1.19100e+00
1.00000e+03	1.15600e+00
1.04600e+03	1.12100e+00
1.09400e+03	1.08700e+00
1.14500e+03	1.05400e+00
1.19800e+03	1.02100e+00
1.25300e+03	9.89000e-01
1.31100e+03	9.57800e-01
1.37200e+03	9.27300e-01
1.43500e+03	8.97600e-01
1.50100e+03	8.68600e-01
1.57100e+03	8.40400e-01
1.64300e+03	8.12800e-01
1.71900e+03	7.86000e-01
1.79800e+03	7.59900e-01
1.88200e+03	7.34600e-01
1.96800e+03	7.09900e-01
2.05900e+03	6.85900e-01
2.15400e+03	6.62600e-01
2.25400e+03	6.40000e-01
2.35800e+03	6.18000e-01
2.46700e+03	5.96700e-01
2.58100e+03	5.76000e-01
2.70000e+03	5.56000e-01
2.82500e+03	5.36500e-01
2.95500e+03	5.17700e-01
3.09200e+03	4.99400e-01
3.23400e+03	4.81800e-01
3.38400e+03	4.64700e-01
3.54000e+03	4.48100e-01
3.70400e+03	4.32100e-01
3.87500e+03	4.16600e-01
4.05400e+03	4.01600e-01
4.24100e+03	3.87000e-01
4.43700e+03	3.73000e-01
4.64200e+03	3.59500e-01
4.85600e+03	3.46400e-01
5.08000e+03	3.33700e-01
5.31500e+03	3.21500e-01
5.56000e+03	3.09700e-01
5.81700e+03	2.98300e-01
6.08600e+03	2.87200e-01
6.36700e+03	2.76600e-01
6.66100e+03	2.66400e-01
6.96800e+03	2.56400e-01
7.29000e+03	2.46900e-01
7.62700e+03	2.37700e-01
7.97900e+03	2.28800e-01
8.34800e+03	2.20200e-01
8.73300e+03	2.11900e-01
9.13700e+03	2.04000e-01
9.55900e+03	1.96300e-01
1.00000e+04	1.88900e-01
1.04600e+04	1.81700e-01
1.09400e+04	1.74800e-01
1.14500e+04	1.68200e-01
1.19800e+04	1.61800e-01
1.25300e+04	1.55600e-01
1.31100e+04	1.49700e-01
1.37200e+04	1.44000e-01
1.43500e+04	1.38500e-01
1.50100e+04	1.33200e-01
1.57100e+04	1.28100e-01
1.64300e+04	1.23200e-01
1.71900e+04	1.18400e-01
1.79800e+04	1.13900e-01
1.88200e+04	1.09500e-01
1.96800e+04	1.05300e-01
2.05900e+04	1.01200e-01
2.15400e+04	9.72900e-02
2.25400e+04	9.35300e-02
2.35800e+04	8.99000e-02
2.46700e+04	8.64100e-02
2.58100e+04	8.30600e-02
2.70000e+04	7.98300e-02
2.82500e+04	7.67300e-02
2.95500e+04	7.37400e-02
3.09200e+04	7.08600e-02
3.23400e+04	6.81000e-02
3.38400e+04	6.54400e-02
3.54000e+04	6.28800e-02
3.70400e+04	6.04200e-02
3.87500e+04	5.80600e-02
4.05400e+04	5.57800e-02
4.24100e+04	5.36000e-02
4.43700e+04	5.14900e-02
4.64200e+04	4.94700e-02
4.85600e+04	4.75300e-02
5.08000e+04	4.56600e-02
5.31500e+04	4.38600e-02
5.56000e+04	4.21300e-02
5.81700e+04	4.04700e-02
6.08600e+04	3.88700e-02
6.36700e+04	3.73400e-02
6.66100e+04	3.58600e-02
6.96800e+04	3.44500e-02
7.29000e+04	3.30800e-02
7.62700e+04	3.17700e-02
7.97900e+04	3.05200e-02
8.34800e+04	2.93100e-02
8.73300e+04	2.81400e-02
9.13700e+04	2.70300e-02
9.55900e+04	2.59500e-02
1.00000e+05	2.49200e-02
1.04600e+05	2.39300e-02
1.09400e+05	2.29800e-02
1.14500e+05	2.20700e-02
1.19800e+05	2.11900e-02
1.25300e+05	2.03400e-02
1.31100e+05	1.95300e-02
1.37200e+05	1.87500e-02
1.43500e+05	1.80100e-02
1.50100e+05	1.72900e-02
1.57100e+05	1.66000e-02
1.64300e+05	1.59300e-02
1.71900e+05	1.53000e-02
1.79800e+05	1.46800e-02
1.88200e+05	1.41000e-02
1.96800e+05	1.35300e-02
2.05900e+05	1.29900e-02
2.15400e+05	1.24700e-02
2.25400e+05	1.19700e-02
2.35800e+05	1.14900e-02
2.46700e+05	1.10300e-02
2.58100e+05	1.05800e-02
2.70000e+05	1.01600e-02
2.82500e+05	9.75100e-03
2.95500e+05	9.35900e-03
3.09200e+05	8.98300e-03
3.23400e+05	8.62100e-03
3.38400e+05	8.27400e-03
3.54000e+05	7.94100e-03
3.70400e+05	7.62100e-03
3.87500e+05	7.31400e-03
4.05400e+05	7.01900e-03
4.24100e+05	6.73600e-03
4.43700e+05	6.46400e-03
4.64200e+05	6.20300e-03
4.85600e+05	5.95300e-03
5.08000e+05	5.71200e-03
5.31500e+05	5.48100e-03
5.56000e+05	5.26000e-03
5.81700e+05	5.04700e-03
6.08600e+05	4.84300e-03
6.36700e+05	4.64700e-03
6.66100e+05	4.45900e-03
6.96800e+05	4.27800e-03
7.29000e+05	4.10500e-03
7.62700e+05	3.93800e-03
7.97900e+05	3.77900e-03
8.34800e+05	3.62500e-03
8.73300e+05	3.47800e-03
9.13700e+05	3.33700e-03
9.55900e+05	3.20200e-03
1.00000e+06	3.07200e-03
