# H2O cross section
256
1.00000e+01	0.00000e+00
1.04600e+01	0.00000e+00
1.09400e+01	0.00000e+00
1.14500e+01	0.00000e+00
1.19800e+01	0.00000e+00
1.25300e+01	0.00000e+00
1.31100e+01	5.69800e-02
1.37200e+01	1.69300e-01
1.43500e+01	2.90400e-01
1.50100e+01	4.27800e-01
1.57100e+01	6.49400e-01
1.64300e+01	8.82800e-01
1.71900e+01	1.12500e+00
1.79800e+01	1.37400e+00
1.88200e+01	1.62600e+00
1.96800e+01	1.90600e+00
2.05900e+01	2.23000e+00
2.15400e+01	2.55800e+00
2.25400e+01	2.88700e+00
2.35800e+01	3.21600e+00
2.46700e+01	3.54200e+00
2.58100e+01	3.86400e+00
2.70000e+01	4.18000e+00
2.82500e+01	4.48900e+00
2.95500e+01	4.78900e+00
3.09200e+01	5.08000e+00
3.23400e+01	5.36100e+00
3.38400e+01	5.63200e+00
3.54000e+01	5.89000e+00
3.70400e+01	6.13700e+00
3.87500e+01	6.39200e+00
4.05400e+01	6.63600e+00
4.24100e+01	6.86800e+00
4.43700e+01	7.08800e+00
4.64200e+01	7.29500e+00
4.85600e+01	7.48800e+00
5.08000e+01	7.66900e+00
5.31500e+01	7.83500e+00
5.56000e+01	7.98800e+00
5.81700e+01	8.12700e+00
6.08600e+01	8.25200e+00
6.36700e+01	8.36300e+00
6.66100e+01	8.46000e+00
6.96800e+01	8.54400e+00
7.29000e+01	8.61400e+00
7.62700e+01	8.67100e+00
7.97900e+01	8.71600e+00
8.34800e+01	8.74700e+00
8.73300e+01	8.76700e+00
9.13700e+01	8.77400e+00
9.55900e+01	8.77000e+00
1.00000e+02	8.75500e+00
1.04600e+02	8.72900e+00
1.09400e+02	8.69400e+00
1.14500e+02	8.64800e+00
1.19800e+02	8.59300e+00
1.25300e+02	8.52900e+00
1.31100e+02	8.45700e+00
1.37200e+02	8.37700e+00
1.43500e+02	8.29000e+00
1.50100e+02	8.19600e+00
1.57100e+02	8.09500e+00
1.64300e+02	7.98900e+00
1.71900e+02	7.87700e+00
1.79800e+02	7.76000e+00
1.88200e+02	7.63900e+00
1.96800e+02	7.51400e+00
2.05900e+02	7.38500e+00
2.15400e+02	7.25300e+00
2.25400e+02	7.11800e+00
2.35800e+02	6.98000e+00
2.46700e+02	6.84100e+00
2.58100e+02	6.70000e+00
2.70000e+02	6.55800e+00
2.82500e+02	6.41500e+00
2.95500e+02	6.27100e+00
3.09200e+02	6.12700e+00
3.23400e+02	5.98300e+00
3.38400e+02	5.83900e+00
3.54000e+02	5.69600e+00
3.70400e+02	5.55300e+00
3.87500e+02	5.41100e+00
4.05400e+02	5.27000e+00
4.24100e+02	5.13100e+00
4.43700e+02	4.99200e+00
4.64200e+02	4.85600e+00
4.85600e+02	4.72100e+00
5.08000e+02	4.58800e+00
5.31500e+02	4.45700e+00
5.56000e+02	4.32800e+00
5.81700e+02	4.20200e+00
6.08600e+02	4.07800e+00
6.36700e+02	3.95600e+00
6.66100e+02	3.83600e+00
6.96800e+02	3.71900e+00
7.29000e+02	3.60400e+00
7.62700e+02	3.49200e+00
7.97900e+02	3.38200e+00
8.34800e+02	3.27500e+00
8.73300e+02	3.17000e+00
9.13700e+02	3.06800e+00
9.55900e+02	2.96900e+00
1.00000e+03	2.87200e+00
1.04600e+03	2.77700e+00
1.09400e+03	2.68500e+00
1.14500e+03	2.59600e+00
1.19800e+03	2.50800e+00
1.25300e+03	2.42400e+00
1.31100e+03	2.34200e+00
1.37200e+03	2.26200e+00
1.43500e+03	2.18400e+00
1.50100e+03	2.10900e+00
1.57100e+03	2.03600e+00
1.64300e+03	1.96500e+00
1.71900e+03	1.89600e+00
1.79800e+03	1.82900e+00
1.88200e+03	1.76500e+00
1.96800e+03	1.70200e+00
2.05900e+03	1.64200e+00
2.15400e+03	1.58300e+00
2.25400e+03	1.52700e+00
2.35800e+03	1.47200e+00
2.46700e+03	1.41900e+00
2.58100e+03	1.36700e+00
2.70000e+03	1.31800e+00
2.82500e+03	1.27000e+00
2.95500e+03	1.22300e+00
3.09200e+03	1.17900e+00
3.23400e+03	1.13500e+00
3.38400e+03	1.09300e+00
3.54000e+03	1.05300e+00
3.70400e+03	1.01400e+00
3.87500e+03	9.76500e-01
4.05400e+03	9.40200e-01
4.24100e+03	9.05200e-01
4.43700e+03	8.71400e-01
4.64200e+03	8.38800e-01
4.85600e+03	8.07300e-01
5.08000e+03	7.77000e-01
5.31500e+03	7.47800e-01
5.56000e+03	7.19600e-01
5.81700e+03	6.92400e-01
6.08600e+03	6.66200e-01
6.36700e+03	6.40900e-01
6.66100e+03	6.16600e-01
6.96800e+03	5.93100e-01
7.29000e+03	5.70500e-01
7.62700e+03	5.48800e-01
7.97900e+03	5.27800e-01
8.34800e+03	5.07600e-01
8.73300e+03	4.88200e-01
9.13700e+03	4.69400e-01
9.55900e+03	4.51400e-01
1.00000e+04	4.34000e-01
1.04600e+04	4.17300e-01
1.09400e+04	4.01200e-01
1.14500e+04	3.85700e-01
1.19800e+04	3.70800e-01
1.25300e+04	3.56500e-01
1.31100e+04	3.42600e-01
1.37200e+04	3.29400e-01
1.43500e+04	3.16600e-01
1.50100e+04	3.04300e-01
1.57100e+04	2.92400e-01
1.64300e+04	2.81000e-01
1.71900e+04	2.70100e-01
1.79800e+04	2.59500e-01
1.88200e+04	2.49400e-01
1.96800e+04	2.39700e-01
2.05900e+04	2.30300e-01
2.15400e+04	2.21300e-01
2.25400e+04	2.12600e-01
2.35800e+04	2.04200e-01
2.46700e+04	1.96200e-01
2.58100e+04	1.88500e-01
2.70000e+04	1.81100e-01
2.82500e+04	1.74000e-01
2.95500e+04	1.67100e-01
3.09200e+04	1.60500e-01
3.23400e+04	1.54200e-01
3.38400e+04	1.48100e-01
3.54000e+04	1.42300e-01
3.70400e+04	1.36600e-01
3.87500e+04	1.31200e-01
4.05400e+04	1.26000e-01
4.24100e+04	1.21100e-01
4.43700e+04	1.16300e-01
4.64200e+04	1.11600e-01
4.85600e+04	1.07200e-01
5.08000e+04	1.03000e-01
5.31500e+04	9.88700e-02
5.56000e+04	9.49400e-02
5.81700e+04	9.11600e-02
6.08600e+04	8.75300e-02
6.36700e+04	8.40500e-02
6.66100e+04	8.07000e-02
6.96800e+04	7.74800e-02
7.29000e+04	7.43900e-02
7.62700e+04	7.14200e-02
7.97900e+04	6.85700e-02
8.34800e+04	6.58300e-02
8.73300e+04	6.32000e-02
9.13700e+04	6.06700e-02
9.55900e+04	5.82400e-02
1.00000e+05	5.59100e-02
1.04600e+05	5.36700e-02
1.09400e+05	5.15200e-02
1.14500e+05	4.94600e-02
1.19800e+05	4.74700e-02
1.25300e+05	4.55700e-02
1.31100e+05	4.37400e-02
1.37200e+05	4.19800e-02
1.43500e+05	4.03000e-02
1.50100e+05	3.86800e-02
1.57100e+05	3.71200e-02
1.64300e+05	3.56300e-02
1.71900e+05	3.41900e-02
1.79800e+05	3.28200e-02
1.88200e+05	3.14900e-02
1.96800e+05	3.02300e-02
2.05900e+05	2.90100e-02
2.15400e+05	2.78400e-02
2.25400e+05	2.67100e-02
2.35800e+05	2.56400e-02
2.46700e+05	2.46000e-02
2.58100e+05	2.36100e-02
2.70000e+05	2.26500e-02
2.82500e+05	2.17400e-02
2.95500e+05	2.08600e-02
3.09200e+05	2.00100e-02
3.23400e+05	1.92000e-02
3.38400e+05	1.84300e-02
3.54000e+05	1.76800e-02
3.70400e+05	1.69600e-02
3.87500e+05	1.62800e-02
4.05400e+05	1.56200e-02
4.24100e+05	1.49800e-02
4.43700e+05	1.43800e-02
4.64200e+05	1.37900e-02
4.85600e+05	1.32300e-02
5.08000e+05	1.26900e-02
5.31500e+05	1.21800e-02
5.56000e+05	1.16800e-02
5.81700e+05	1.12100e-02
6.08600e+05	1.07500e-02
6.36700e+05	1.03200e-02
6.66100e+05	9.89600e-03
6.96800e+05	9.49400e-03
7.29000e+05	9.10700e-03
7.62700e+05	8.73600e-03
7.97900e+05	8.38000e-03
8.34800e+05	8.03900e-03
8.73300e+05	7.71100e-03
9.13700e+05	7.39700e-03
9.55900e+05	7.09500e-03
1.00000e+06	6.80500e-03
