# H3O+ cross section
256
1.00000e+01	0.00000e+00
1.04600e+01	0.00000e+00
1.09400e+01	0.00000e+00
1.14500e+01	0.00000e+00
1.19800e+01	0.00000e+00
1.25300e+01	0.00000e+00
1.31100e+01	0.00000e+00
1.37200e+01	0.00000e+00
1.43500e+01	0.00000e+00
1.50100e+01	0.00000e+00
1.57100e+01	0.00000e+00
1.64300e+01	0.00000e+00
1.71900e+01	0.00000e+00
1.79800e+01	0.00000e+00
1.88200e+01	0.00000e+00
1.96800e+01	0.00000e+00
2.05900e+01	0.00000e+00
2.15400e+01	0.00000e+00
2.25400e+01	0.00000e+00
2.35800e+01	0.00000e+00
2.46700e+01	0.00000e+00
2.58100e+01	3.79300e-02
2.70000e+01	8.13600e-02
2.82500e+01	1.27500e-01
2.95500e+01	1.75800e-01
3.09200e+01	2.39400e-01
3.23400e+01	3.55200e-01
3.38400e+01	4.76400e-01
3.54000e+01	6.01300e-01
3.70400e+01	7.28500e-01
3.87500e+01	8.56700e-01
4.05400e+01	9.84800e-01
4.24100e+01	1.11200e+00
4.43700e+01	1.23700e+00
4.64200e+01	1.36300e+00
4.85600e+01	1.49800e+00
5.08000e+01	1.63000e+00
5.31500e+01	1.75900e+00
5.56000e+01	1.88500e+00
5.81700e+01	2.00600e+00
6.08600e+01	2.12200e+00
6.36700e+01	2.23200e+00
6.66100e+01	2.33800e+00
6.96800e+01	2.43700e+00
7.29000e+01	2.53100e+00
7.62700e+01	2.61800e+00
7.97900e+01	2.69900e+00
8.34800e+01	2.77500e+00
8.73300e+01	2.84300e+00
9.13700e+01	2.90600e+00
9.55900e+01	2.96200e+00
1.00000e+02	3.01200e+00
1.04600e+02	3.05600e+00
1.09400e+02	3.09500e+00
1.14500e+02	3.12700e+00
1.19800e+02	3.15400e+00
1.25300e+02	3.17500e+00
1.31100e+02	3.19000e+00
1.37200e+02	3.20100e+00
1.43500e+02	3.20600e+00
1.50100e+02	3.20700e+00
1.57100e+02	3.20300e+00
1.64300e+02	3.19500e+00
1.71900e+02	3.18300e+00
1.79800e+02	3.16600e+00
1.88200e+02	3.14600e+00
1.96800e+02	3.12200e+00
2.05900e+02	3.09500e+00
2.15400e+02	3.06500e+00
2.25400e+02	3.03200e+00
2.35800e+02	2.99700e+00
2.46700e+02	2.95900e+00
2.58100e+02	2.91800e+00
2.70000e+02	2.87600e+00
2.82500e+02	2.83200e+00
2.95500e+02	2.78600e+00
3.09200e+02	2.73900e+00
3.23400e+02	2.69000e+00
3.38400e+02	2.64000e+00
3.54000e+02	2.58900e+00
3.70400e+02	2.53800e+00
3.87500e+02	2.48500e+00
4.05400e+02	2.43300e+00
4.24100e+02	2.37900e+00
4.43700e+02	2.32600e+00
4.64200e+02	2.27200e+00
4.85600e+02	2.21900e+00
5.08000e+02	2.16500e+00
5.31500e+02	2.11200e+00
5.56000e+02	2.05800e+00
5.81700e+02	2.00600e+00
6.08600e+02	1.95300e+00
6.36700e+02	1.90100e+00
6.66100e+02	1.85000e+00
6.96800e+02	1.79900e+00
7.29000e+02	1.74900e+00
7.62700e+02	1.70000e+00
7.97900e+02	1.65200e+00
8.34800e+02	1.60400e+00
8.73300e+02	1.55700e+00
9.13700e+02	1.51100e+00
9.55900e+02	1.46600e+00
1.00000e+03	1.42100e+00
1.04600e+03	1.37800e+00
1.09400e+03	1.33500e+00
1.14500e+03	1.29400e+00
1.19800e+03	1.25300e+00
1.25300e+03	1.21300e+00
1.31100e+03	1.17500e+00
1.37200e+03	1.13700e+00
1.43500e+03	1.10000e+00
1.50100e+03	1.06400e+00
1.57100e+03	1.02900e+00
1.64300e+03	9.94900e-01
1.71900e+03	9.61700e-01
1.79800e+03	9.29500e-01
1.88200e+03	8.98200e-01
1.96800e+03	8.67700e-01
2.05900e+03	8.38200e-01
2.15400e+03	8.09500e-01
2.25400e+03	7.81600e-01
2.35800e+03	7.54600e-01
2.46700e+03	7.28300e-01
2.58100e+03	7.02900e-01
2.70000e+03	6.78300e-01
2.82500e+03	6.54400e-01
2.95500e+03	6.31300e-01
3.09200e+03	6.08900e-01
3.23400e+03	5.87200e-01
3.38400e+03	5.66300e-01
3.54000e+03	5.46000e-01
3.70400e+03	5.26300e-01
3.87500e+03	5.07300e-01
4.05400e+03	4.89000e-01
4.24100e+03	4.71200e-01
4.43700e+03	4.54100e-01
4.64200e+03	4.37500e-01
4.85600e+03	4.21500e-01
5.08000e+03	4.06000e-01
5.31500e+03	3.91100e-01
5.56000e+03	3.76600e-01
5.81700e+03	3.62700e-01
6.08600e+03	3.49300e-01
6.36700e+03	3.36300e-01
6.66100e+03	3.23800e-01
6.96800e+03	3.11700e-01
7.29000e+03	3.00000e-01
7.62700e+03	2.88800e-01
7.97900e+03	2.78000e-01
8.34800e+03	2.67500e-01
8.73300e+03	2.57400e-01
9.13700e+03	2.47700e-01
9.55900e+03	2.38400e-01
1.00000e+04	2.29300e-01
1.04600e+04	2.20600e-01
1.09400e+04	2.12300e-01
1.14500e+04	2.04200e-01
1.19800e+04	1.96400e-01
1.25300e+04	1.88900e-01
1.31100e+04	1.81700e-01
1.37200e+04	1.74700e-01
1.43500e+04	1.68100e-01
1.50100e+04	1.61600e-01
1.57100e+04	1.55400e-01
1.64300e+04	1.49400e-01
1.71900e+04	1.43700e-01
1.79800e+04	1.38100e-01
1.88200e+04	1.32800e-01
1.96800e+04	1.27700e-01
2.05900e+04	1.22700e-01
2.15400e+04	1.18000e-01
2.25400e+04	1.13400e-01
2.35800e+04	1.09000e-01
2.46700e+04	1.04800e-01
2.58100e+04	1.00700e-01
2.70000e+04	9.67800e-02
2.82500e+04	9.30100e-02
2.95500e+04	8.93800e-02
3.09200e+04	8.58900e-02
3.23400e+04	8.25400e-02
3.38400e+04	7.93100e-02
3.54000e+04	7.62100e-02
3.70400e+04	7.32200e-02
3.87500e+04	7.03500e-02
4.05400e+04	6.75900e-02
4.24100e+04	6.49400e-02
4.43700e+04	6.23900e-02
4.64200e+04	5.99300e-02
4.85600e+04	5.75800e-02
5.08000e+04	5.53100e-02
5.31500e+04	5.31300e-02
5.56000e+04	5.10300e-02
5.81700e+04	4.90200e-02
6.08600e+04	4.70800e-02
6.36700e+04	4.52200e-02
6.66100e+04	4.34400e-02
6.96800e+04	4.17200e-02
7.29000e+04	4.00700e-02
7.62700e+04	3.84800e-02
7.97900e+04	3.69500e-02
8.34800e+04	3.54900e-02
8.73300e+04	3.40800e-02
9.13700e+04	3.27300e-02
9.55900e+04	3.14300e-02
1.00000e+05	3.01800e-02
1.04600e+05	2.89800e-02
1.09400e+05	2.78200e-02
1.14500e+05	2.67100e-02
1.19800e+05	2.56500e-02
1.25300e+05	2.46300e-02
1.31100e+05	2.36400e-02
1.37200e+05	2.27000e-02
1.43500e+05	2.17900e-02
1.50100e+05	2.09200e-02
1.57100e+05	2.00900e-02
1.64300e+05	1.92800e-02
1.71900e+05	1.85100e-02
1.79800e+05	1.77700e-02
1.88200e+05	1.70600e-02
1.96800e+05	1.63800e-02
2.05900e+05	1.57200e-02
2.15400e+05	1.50900e-02
2.25400e+05	1.44800e-02
2.35800e+05	1.39000e-02
2.46700e+05	1.33400e-02
2.58100e+05	1.28100e-02
2.70000e+05	1.22900e-02
2.82500e+05	1.18000e-02
2.95500e+05	1.13200e-02
3.09200e+05	1.08700e-02
3.23400e+05	1.04300e-02
3.38400e+05	1.00100e-02
3.54000e+05	9.60700e-03
3.70400e+05	9.22000e-03
3.87500e+05	8.84800e-03
4.05400e+05	8.49100e-03
4.24100e+05	8.14900e-03
4.43700e+05	7.82000e-03
4.64200e+05	7.50400e-03
4.85600e+05	7.20100e-03
5.08000e+05	6.91000e-03
5.31500e+05	6.63000e-03
5.56000e+05	6.36200e-03
5.81700e+05	6.10500e-03
6.08600e+05	5.85800e-03
6.36700e+05	5.62000e-03
6.66100e+05	5.39300e-03
6.96800e+05	5.17400e-03
7.29000e+05	4.96400e-03
7.62700e+05	4.76300e-03
7.97900e+05	4.57000e-03
8.34800e+05	4.38400e-03
8.73300e+05	4.20700e-03
9.13700e+05	4.03600e-03
9.55900e+05	3.87200e-03
1.00000e+06	3.71400e-03
