# HC2CHO cross section
256
1.00000e+01	0.00000e+00
1.04600e+01	0.00000e+00
1.09400e+01	0.00000e+00
1.14500e+01	9.14700e-02
1.19800e+01	2.48900e-01
1.25300e+01	7.29600e-01
1.31100e+01	1.25000e+00
1.37200e+01	1.79900e+00
1.43500e+01	2.37000e+00
1.50100e+01	2.95600e+00
1.57100e+01	3.64000e+00
1.64300e+01	4.34900e+00
1.71900e+01	5.13300e+00
1.79800e+01	5.94100e+00
1.88200e+01	6.83100e+00
1.96800e+01	7.79500e+00
2.05900e+01	8.77500e+00
2.15400e+01	9.75300e+00
2.25400e+01	1.07300e+01
2.35800e+01	1.17400e+01
2.46700e+01	1.27300e+01
2.58100e+01	1.37100e+01
2.70000e+01	1.46600e+01
2.82500e+01	1.55800e+01
2.95500e+01	1.64800e+01
3.09200e+01	1.73700e+01
3.23400e+01	1.82300e+01
3.38400e+01	1.90500e+01
3.54000e+01	1.98300e+01
3.70400e+01	2.05700e+01
3.87500e+01	2.12700e+01
4.05400e+01	2.19400e+01
4.24100e+01	2.25600e+01
4.43700e+01	2.31500e+01
4.64200e+01	2.36900e+01
4.85600e+01	2.41800e+01
5.08000e+01	2.46300e+01
5.31500e+01	2.50400e+01
5.56000e+01	2.54000e+01
5.81700e+01	2.57100e+01
6.08600e+01	2.59800e+01
6.36700e+01	2.62100e+01
6.66100e+01	2.64000e+01
6.96800e+01	2.65400e+01
7.29000e+01	2.66500e+01
7.62700e+01	2.67100e+01
7.97900e+01	2.67400e+01
8.34800e+01	2.67300e+01
8.73300e+01	2.66900e+01
9.13700e+01	2.66100e+01
9.55900e+01	2.65000e+01
1.00000e+02	2.63600e+01
1.04600e+02	2.61900e+01
1.09400e+02	2.59900e+01
1.14500e+02	2.57700e+01
1.19800e+02	2.55200e+01
1.25300e+02	2.52500e+01
1.31100e+02	2.49600e+01
1.37200e+02	2.46500e+01
1.43500e+02	2.43200e+01
1.50100e+02	2.39800e+01
1.57100e+02	2.36200e+01
1.64300e+02	2.32400e+01
1.71900e+02	2.28600e+01
1.79800e+02	2.24600e+01
1.88200e+02	2.20500e+01
1.96800e+02	2.16400e+01
2.05900e+02	2.12200e+01
2.15400e+02	2.07900e+01
2.25400e+02	2.03600e+01
2.35800e+02	1.99200e+01
2.46700e+02	1.94800e+01
2.58100e+02	1.90400e+01
2.70000e+02	1.86000e+01
2.82500e+02	1.81600e+01
2.95500e+02	1.77200e+01
3.09200e+02	1.72800e+01
3.23400e+02	1.68500e+01
3.38400e+02	1.64200e+01
3.54000e+02	1.59900e+01
3.70400e+02	1.55600e+01
3.87500e+02	1.51400e+01
4.05400e+02	1.47300e+01
4.24100e+02	1.43200e+01
4.43700e+02	1.39200e+01
4.64200e+02	1.35200e+01
4.85600e+02	1.31300e+01
5.08000e+02	1.27400e+01
5.31500e+02	1.23700e+01
5.56000e+02	1.20000e+01
5.81700e+02	1.16300e+01
6.08600e+02	1.12800e+01
6.36700e+02	1.09300e+01
6.66100e+02	1.05900e+01
6.96800e+02	1.02600e+01
7.29000e+02	9.93500e+00
7.62700e+02	9.61800e+00
7.97900e+02	9.30900e+00
8.34800e+02	9.00700e+00
8.73300e+02	8.71400e+00
9.13700e+02	8.42700e+00
9.55900e+02	8.14900e+00
1.00000e+03	7.87800e+00
1.04600e+03	7.61400e+00
1.09400e+03	7.35800e+00
1.14500e+03	7.10800e+00
1.19800e+03	6.86600e+00
1.25300e+03	6.63100e+00
1.31100e+03	6.40300e+00
1.37200e+03	6.18200e+00
1.43500e+03	5.96700e+00
1.50100e+03	5.75900e+00
1.57100e+03	5.55800e+00
1.64300e+03	5.36200e+00
1.71900e+03	5.17300e+00
1.79800e+03	4.98900e+00
1.88200e+03	4.81200e+00
1.96800e+03	4.64000e+00
2.05900e+03	4.47400e+00
2.15400e+03	4.31300e+00
2.25400e+03	4.15700e+00
2.35800e+03	4.00700e+00
2.46700e+03	3.86100e+00
2.58100e+03	3.72100e+00
2.70000e+03	3.58500e+00
2.82500e+03	3.45400e+00
2.95500e+03	3.32700e+00
3.09200e+03	3.20400e+00
3.23400e+03	3.08600e+00
3.38400e+03	2.97200e+00
3.54000e+03	2.86200e+00
3.70400e+03	2.75600e+00
3.87500e+03	2.65300e+00
4.05400e+03	2.55400e+00
4.24100e+03	2.45800e+00
4.43700e+03	2.36600e+00
4.64200e+03	2.27800e+00
4.85600e+03	2.19200e+00
5.08000e+03	2.10900e+00
5.31500e+03	2.03000e+00
5.56000e+03	1.95300e+00
5.81700e+03	1.87900e+00
6.08600e+03	1.80800e+00
6.36700e+03	1.73900e+00
6.66100e+03	1.67300e+00
6.96800e+03	1.60900e+00
7.29000e+03	1.54700e+00
7.62700e+03	1.48800e+00
7.97900e+03	1.43100e+00
8.34800e+03	1.37600e+00
8.73300e+03	1.32400e+00
9.13700e+03	1.27300e+00
9.55900e+03	1.22400e+00
1.00000e+04	1.17700e+00
1.04600e+04	1.13100e+00
1.09400e+04	1.08800e+00
1.14500e+04	1.04500e+00
1.19800e+04	1.00500e+00
1.25300e+04	9.66000e-01
1.31100e+04	9.28500e-01
1.37200e+04	8.92500e-01
1.43500e+04	8.57800e-01
1.50100e+04	8.24400e-01
1.57100e+04	7.92300e-01
1.64300e+04	7.61400e-01
1.71900e+04	7.31700e-01
1.79800e+04	7.03100e-01
1.88200e+04	6.75600e-01
1.96800e+04	6.49200e-01
2.05900e+04	6.23700e-01
2.15400e+04	5.99300e-01
2.25400e+04	5.75800e-01
2.35800e+04	5.53200e-01
2.46700e+04	5.31400e-01
2.58100e+04	5.10500e-01
2.70000e+04	4.90400e-01
2.82500e+04	4.71100e-01
2.95500e+04	4.52500e-01
3.09200e+04	4.34700e-01
3.23400e+04	4.17500e-01
3.38400e+04	4.01000e-01
3.54000e+04	3.85200e-01
3.70400e+04	3.70000e-01
3.87500e+04	3.55300e-01
4.05400e+04	3.41200e-01
4.24100e+04	3.27700e-01
4.43700e+04	3.14700e-01
4.64200e+04	3.02200e-01
4.85600e+04	2.90200e-01
5.08000e+04	2.78700e-01
5.31500e+04	2.67600e-01
5.56000e+04	2.57000e-01
5.81700e+04	2.46800e-01
6.08600e+04	2.36900e-01
6.36700e+04	2.27500e-01
6.66100e+04	2.18400e-01
6.96800e+04	2.09700e-01
7.29000e+04	2.01300e-01
7.62700e+04	1.93300e-01
7.97900e+04	1.85600e-01
8.34800e+04	1.78200e-01
8.73300e+04	1.71000e-01
9.13700e+04	1.64200e-01
9.55900e+04	1.57600e-01
1.00000e+05	1.51300e-01
1.04600e+05	1.45200e-01
1.09400e+05	1.39400e-01
1.14500e+05	1.33800e-01
1.19800e+05	1.28500e-01
1.25300e+05	1.23300e-01
1.31100e+05	1.18400e-01
1.37200e+05	1.13600e-01
1.43500e+05	1.09000e-01
1.50100e+05	1.04700e-01
1.57100e+05	1.00400e-01
1.64300e+05	9.64000e-02
1.71900e+05	9.25200e-02
1.79800e+05	8.87900e-02
1.88200e+05	8.52100e-02
1.96800e+05	8.17800e-02
2.05900e+05	7.84800e-02
2.15400e+05	7.53100e-02
2.25400e+05	7.22700e-02
2.35800e+05	6.93600e-02
2.46700e+05	6.65500e-02
2.58100e+05	6.38700e-02
2.70000e+05	6.12800e-02
2.82500e+05	5.88100e-02
2.95500e+05	5.64300e-02
3.09200e+05	5.41400e-02
3.23400e+05	5.19500e-02
3.38400e+05	4.98500e-02
3.54000e+05	4.78300e-02
3.70400e+05	4.58900e-02
3.87500e+05	4.40300e-02
4.05400e+05	4.22400e-02
4.24100e+05	4.05300e-02
4.43700e+05	3.88900e-02
4.64200e+05	3.73100e-02
4.85600e+05	3.57900e-02
5.08000e+05	3.43400e-02
5.31500e+05	3.29400e-02
5.56000e+05	3.16000e-02
5.81700e+05	3.03200e-02
6.08600e+05	2.90900e-02
6.36700e+05	2.79000e-02
6.66100e+05	2.67700e-02
6.96800e+05	2.56800e-02
7.29000e+05	2.46300e-02
7.62700e+05	2.36300e-02
7.97900e+05	2.26700e-02
8.34800e+05	2.17400e-02
8.73300e+05	2.08500e-02
9.13700e+05	2.00000e-02
9.55900e+05	1.91900e-02
1.00000e+06	1.84100e-02
