# HC3NH+ cross section
256
1.00000e+01	0.00000e+00
1.04600e+01	0.00000e+00
1.09400e+01	0.00000e+00
1.14500e+01	0.00000e+00
1.19800e+01	0.00000e+00
1.25300e+01	0.00000e+00
1.31100e+01	0.00000e+00
1.37200e+01	0.00000e+00
1.43500e+01	0.00000e+00
1.50100e+01	0.00000e+00
1.57100e+01	0.00000e+00
1.64300e+01	0.00000e+00
1.71900e+01	0.00000e+00
1.79800e+01	0.00000e+00
1.88200e+01	1.33100e-01
1.96800e+01	3.18400e-01
2.05900e+01	5.15500e-01
2.15400e+01	7.21200e-01
2.25400e+01	9.76700e-01
2.35800e+01	1.31800e+00
2.46700e+01	1.69200e+00
2.58100e+01	2.10700e+00
2.70000e+01	2.52900e+00
2.82500e+01	2.95900e+00
2.95500e+01	3.42100e+00
3.09200e+01	3.91800e+00
3.23400e+01	4.41300e+00
3.38400e+01	4.90800e+00
3.54000e+01	5.41900e+00
3.70400e+01	5.91900e+00
3.87500e+01	6.40800e+00
4.05400e+01	6.88100e+00
4.24100e+01	7.35500e+00
4.43700e+01	7.81400e+00
4.64200e+01	8.25400e+00
4.85600e+01	8.67300e+00
5.08000e+01	9.07100e+00
5.31500e+01	9.44700e+00
5.56000e+01	9.79900e+00
5.81700e+01	1.01300e+01
6.08600e+01	1.04300e+01
6.36700e+01	1.07100e+01
6.66100e+01	1.09700e+01
6.96800e+01	1.12000e+01
7.29000e+01	1.14100e+01
7.62700e+01	1.15900e+01
7.97900e+01	1.17500e+01
8.34800e+01	1.18900e+01
8.73300e+01	1.20000e+01
9.13700e+01	1.20900e+01
9.55900e+01	1.21700e+01
1.00000e+02	1.22200e+01
1.04600e+02	1.22500e+01
1.09400e+02	1.22600e+01
1.14500e+02	1.22500e+01
1.19800e+02	1.22300e+01
1.25300e+02	1.21900e+01
1.31100e+02	1.21300e+01
1.37200e+02	1.20600e+01
1.43500e+02	1.19800e+01
1.50100e+02	1.18800e+01
1.57100e+02	1.17700e+01
1.64300e+02	1.16500e+01
1.71900e+02	1.15200e+01
1.79800e+02	1.13800e+01
1.88200e+02	1.12300e+01
1.96800e+02	1.10700e+01
2.05900e+02	1.09000e+01
2.15400e+02	1.07300e+01
2.25400e+02	1.05500e+01
2.35800e+02	1.03700e+01
2.46700e+02	1.01800e+01
2.58100e+02	9.98500e+00
2.70000e+02	9.78900e+00
2.82500e+02	9.59000e+00
2.95500e+02	9.38800e+00
3.09200e+02	9.18600e+00
3.23400e+02	8.98200e+00
3.38400e+02	8.77800e+00
3.54000e+02	8.57400e+00
3.70400e+02	8.37000e+00
3.87500e+02	8.16700e+00
4.05400e+02	7.96400e+00
4.24100e+02	7.76300e+00
4.43700e+02	7.56300e+00
4.64200e+02	7.36500e+00
4.85600e+02	7.16900e+00
5.08000e+02	6.97500e+00
5.31500e+02	6.78400e+00
5.56000e+02	6.59500e+00
5.81700e+02	6.40900e+00
6.08600e+02	6.22600e+00
6.36700e+02	6.04600e+00
6.66100e+02	5.86900e+00
6.96800e+02	5.69500e+00
7.29000e+02	5.52500e+00
7.62700e+02	5.35800e+00
7.97900e+02	5.19400e+00
8.34800e+02	5.03400e+00
8.73300e+02	4.87800e+00
9.13700e+02	4.72500e+00
9.55900e+02	4.57500e+00
1.00000e+03	4.42900e+00
1.04600e+03	4.28700e+00
1.09400e+03	4.14900e+00
1.14500e+03	4.01300e+00
1.19800e+03	3.88200e+00
1.25300e+03	3.75400e+00
1.31100e+03	3.62900e+00
1.37200e+03	3.50800e+00
1.43500e+03	3.39000e+00
1.50100e+03	3.27600e+00
1.57100e+03	3.16400e+00
1.64300e+03	3.05600e+00
1.71900e+03	2.95100e+00
1.79800e+03	2.85000e+00
1.88200e+03	2.75100e+00
1.96800e+03	2.65500e+00
2.05900e+03	2.56300e+00
2.15400e+03	2.47300e+00
2.25400e+03	2.38600e+00
2.35800e+03	2.30100e+00
2.46700e+03	2.22000e+00
2.58100e+03	2.14100e+00
2.70000e+03	2.06400e+00
2.82500e+03	1.99000e+00
2.95500e+03	1.91900e+00
3.09200e+03	1.84900e+00
3.23400e+03	1.78200e+00
3.38400e+03	1.71800e+00
3.54000e+03	1.65500e+00
3.70400e+03	1.59500e+00
3.87500e+03	1.53600e+00
4.05400e+03	1.48000e+00
4.24100e+03	1.42600e+00
4.43700e+03	1.37300e+00
4.64200e+03	1.32200e+00
4.85600e+03	1.27300e+00
5.08000e+03	1.22600e+00
5.31500e+03	1.18000e+00
5.56000e+03	1.13600e+00
5.81700e+03	1.09400e+00
6.08600e+03	1.05300e+00
6.36700e+03	1.01400e+00
6.66100e+03	9.75500e-01
6.96800e+03	9.38800e-01
7.29000e+03	9.03400e-01
7.62700e+03	8.69200e-01
7.97900e+03	8.36400e-01
8.34800e+03	8.04700e-01
8.73300e+03	7.74100e-01
9.13700e+03	7.44700e-01
9.55900e+03	7.16300e-01
1.00000e+04	6.89000e-01
1.04600e+04	6.62700e-01
1.09400e+04	6.37400e-01
1.14500e+04	6.13000e-01
1.19800e+04	5.89500e-01
1.25300e+04	5.66800e-01
1.31100e+04	5.45100e-01
1.37200e+04	5.24100e-01
1.43500e+04	5.03900e-01
1.50100e+04	4.84400e-01
1.57100e+04	4.65700e-01
1.64300e+04	4.47700e-01
1.71900e+04	4.30400e-01
1.79800e+04	4.13700e-01
1.88200e+04	3.97700e-01
1.96800e+04	3.82200e-01
2.05900e+04	3.67400e-01
2.15400e+04	3.53100e-01
2.25400e+04	3.39300e-01
2.35800e+04	3.26100e-01
2.46700e+04	3.13400e-01
2.58100e+04	3.01200e-01
2.70000e+04	2.89400e-01
2.82500e+04	2.78100e-01
2.95500e+04	2.67200e-01
3.09200e+04	2.56700e-01
3.23400e+04	2.46600e-01
3.38400e+04	2.37000e-01
3.54000e+04	2.27700e-01
3.70400e+04	2.18700e-01
3.87500e+04	2.10100e-01
4.05400e+04	2.01800e-01
4.24100e+04	1.93900e-01
4.43700e+04	1.86200e-01
4.64200e+04	1.78900e-01
4.85600e+04	1.71800e-01
5.08000e+04	1.65000e-01
5.31500e+04	1.58500e-01
5.56000e+04	1.52300e-01
5.81700e+04	1.46200e-01
6.08600e+04	1.40400e-01
6.36700e+04	1.34900e-01
6.66100e+04	1.29500e-01
6.96800e+04	1.24400e-01
7.29000e+04	1.19400e-01
7.62700e+04	1.14700e-01
7.97900e+04	1.10100e-01
8.34800e+04	1.05800e-01
8.73300e+04	1.01600e-01
9.13700e+04	9.75100e-02
9.55900e+04	9.36200e-02
1.00000e+05	8.98900e-02
1.04600e+05	8.63100e-02
1.09400e+05	8.28600e-02
1.14500e+05	7.95600e-02
1.19800e+05	7.63800e-02
1.25300e+05	7.33300e-02
1.31100e+05	7.03900e-02
1.37200e+05	6.75800e-02
1.43500e+05	6.48700e-02
1.50100e+05	6.22800e-02
1.57100e+05	5.97800e-02
1.64300e+05	5.73900e-02
1.71900e+05	5.50900e-02
1.79800e+05	5.28800e-02
1.88200e+05	5.07500e-02
1.96800e+05	4.87200e-02
2.05900e+05	4.67600e-02
2.15400e+05	4.48800e-02
2.25400e+05	4.30800e-02
2.35800e+05	4.13400e-02
2.46700e+05	3.96800e-02
2.58100e+05	3.80800e-02
2.70000e+05	3.65500e-02
2.82500e+05	3.50800e-02
2.95500e+05	3.36600e-02
3.09200e+05	3.23100e-02
3.23400e+05	3.10000e-02
3.38400e+05	2.97500e-02
3.54000e+05	2.85500e-02
3.70400e+05	2.74000e-02
3.87500e+05	2.62900e-02
4.05400e+05	2.52300e-02
4.24100e+05	2.42100e-02
4.43700e+05	2.32300e-02
4.64200e+05	2.22900e-02
4.85600e+05	2.13900e-02
5.08000e+05	2.05200e-02
5.31500e+05	1.96900e-02
5.56000e+05	1.88900e-02
5.81700e+05	1.81300e-02
6.08600e+05	1.73900e-02
6.36700e+05	1.66900e-02
6.66100e+05	1.60100e-02
6.96800e+05	1.53600e-02
7.29000e+05	1.47400e-02
7.62700e+05	1.41400e-02
7.97900e+05	1.35600e-02
8.34800e+05	1.30100e-02
8.73300e+05	1.24800e-02
9.13700e+05	1.19800e-02
9.55900e+05	1.14900e-02
1.00000e+06	1.10200e-02
