# HC9N cross section
256
1.00000e+01	0.00000e+00
1.04600e+01	2.33500e-01
1.09400e+01	6.52800e-01
1.14500e+01	1.10300e+00
1.19800e+01	1.69900e+00
1.25300e+01	2.54100e+00
1.31100e+01	3.42200e+00
1.37200e+01	4.62900e+00
1.43500e+01	6.09100e+00
1.50100e+01	7.90200e+00
1.57100e+01	9.91100e+00
1.64300e+01	1.19700e+01
1.71900e+01	1.40500e+01
1.79800e+01	1.61500e+01
1.88200e+01	1.83000e+01
1.96800e+01	2.04800e+01
2.05900e+01	2.26900e+01
2.15400e+01	2.49300e+01
2.25400e+01	2.71900e+01
2.35800e+01	2.94400e+01
2.46700e+01	3.16700e+01
2.58100e+01	3.38300e+01
2.70000e+01	3.59200e+01
2.82500e+01	3.79300e+01
2.95500e+01	3.98800e+01
3.09200e+01	4.17900e+01
3.23400e+01	4.36700e+01
3.38400e+01	4.54700e+01
3.54000e+01	4.71800e+01
3.70400e+01	4.88200e+01
3.87500e+01	5.03500e+01
4.05400e+01	5.17800e+01
4.24100e+01	5.31100e+01
4.43700e+01	5.43400e+01
4.64200e+01	5.54500e+01
4.85600e+01	5.64600e+01
5.08000e+01	5.73700e+01
5.31500e+01	5.81700e+01
5.56000e+01	5.88600e+01
5.81700e+01	5.94600e+01
6.08600e+01	5.99500e+01
6.36700e+01	6.03400e+01
6.66100e+01	6.06400e+01
6.96800e+01	6.08500e+01
7.29000e+01	6.09600e+01
7.62700e+01	6.09900e+01
7.97900e+01	6.09400e+01
8.34800e+01	6.08000e+01
8.73300e+01	6.05900e+01
9.13700e+01	6.03100e+01
9.55900e+01	5.99500e+01
1.00000e+02	5.95300e+01
1.04600e+02	5.90500e+01
1.09400e+02	5.85100e+01
1.14500e+02	5.79200e+01
1.19800e+02	5.72800e+01
1.25300e+02	5.65900e+01
1.31100e+02	5.58500e+01
1.37200e+02	5.50800e+01
1.43500e+02	5.42700e+01
1.50100e+02	5.34300e+01
1.57100e+02	5.25500e+01
1.64300e+02	5.16600e+01
1.71900e+02	5.07300e+01
1.79800e+02	4.97900e+01
1.88200e+02	4.88300e+01
1.96800e+02	4.78600e+01
2.05900e+02	4.68800e+01
2.15400e+02	4.58800e+01
2.25400e+02	4.48800e+01
2.35800e+02	4.38800e+01
2.46700e+02	4.28700e+01
2.58100e+02	4.18600e+01
2.70000e+02	4.08500e+01
2.82500e+02	3.98500e+01
2.95500e+02	3.88500e+01
3.09200e+02	3.78600e+01
3.23400e+02	3.68700e+01
3.38400e+02	3.59000e+01
3.54000e+02	3.49400e+01
3.70400e+02	3.39900e+01
3.87500e+02	3.30500e+01
4.05400e+02	3.21200e+01
4.24100e+02	3.12100e+01
4.43700e+02	3.03100e+01
4.64200e+02	2.94300e+01
4.85600e+02	2.85600e+01
5.08000e+02	2.77100e+01
5.31500e+02	2.68800e+01
5.56000e+02	2.60600e+01
5.81700e+02	2.52700e+01
6.08600e+02	2.44800e+01
6.36700e+02	2.37200e+01
6.66100e+02	2.29700e+01
6.96800e+02	2.22400e+01
7.29000e+02	2.15300e+01
7.62700e+02	2.08400e+01
7.97900e+02	2.01600e+01
8.34800e+02	1.95000e+01
8.73300e+02	1.88600e+01
9.13700e+02	1.82300e+01
9.55900e+02	1.76200e+01
1.00000e+03	1.70300e+01
1.04600e+03	1.64600e+01
1.09400e+03	1.59000e+01
1.14500e+03	1.53600e+01
1.19800e+03	1.48300e+01
1.25300e+03	1.43200e+01
1.31100e+03	1.38300e+01
1.37200e+03	1.33500e+01
1.43500e+03	1.28800e+01
1.50100e+03	1.24300e+01
1.57100e+03	1.19900e+01
1.64300e+03	1.15700e+01
1.71900e+03	1.11600e+01
1.79800e+03	1.07600e+01
1.88200e+03	1.03800e+01
1.96800e+03	1.00000e+01
2.05900e+03	9.64400e+00
2.15400e+03	9.29700e+00
2.25400e+03	8.96000e+00
2.35800e+03	8.63500e+00
2.46700e+03	8.32100e+00
2.58100e+03	8.01700e+00
2.70000e+03	7.72300e+00
2.82500e+03	7.44000e+00
2.95500e+03	7.16600e+00
3.09200e+03	6.90200e+00
3.23400e+03	6.64700e+00
3.38400e+03	6.40100e+00
3.54000e+03	6.16300e+00
3.70400e+03	5.93300e+00
3.87500e+03	5.71200e+00
4.05400e+03	5.49900e+00
4.24100e+03	5.29300e+00
4.43700e+03	5.09400e+00
4.64200e+03	4.90300e+00
4.85600e+03	4.71800e+00
5.08000e+03	4.54000e+00
5.31500e+03	4.36800e+00
5.56000e+03	4.20300e+00
5.81700e+03	4.04400e+00
6.08600e+03	3.89000e+00
6.36700e+03	3.74200e+00
6.66100e+03	3.59900e+00
6.96800e+03	3.46200e+00
7.29000e+03	3.33000e+00
7.62700e+03	3.20200e+00
7.97900e+03	3.08000e+00
8.34800e+03	2.96200e+00
8.73300e+03	2.84800e+00
9.13700e+03	2.73800e+00
9.55900e+03	2.63300e+00
1.00000e+04	2.53100e+00
1.04600e+04	2.43400e+00
1.09400e+04	2.33900e+00
1.14500e+04	2.24900e+00
1.19800e+04	2.16200e+00
1.25300e+04	2.07800e+00
1.31100e+04	1.99700e+00
1.37200e+04	1.92000e+00
1.43500e+04	1.84500e+00
1.50100e+04	1.77300e+00
1.57100e+04	1.70400e+00
1.64300e+04	1.63800e+00
1.71900e+04	1.57400e+00
1.79800e+04	1.51200e+00
1.88200e+04	1.45300e+00
1.96800e+04	1.39600e+00
2.05900e+04	1.34100e+00
2.15400e+04	1.28900e+00
2.25400e+04	1.23800e+00
2.35800e+04	1.19000e+00
2.46700e+04	1.14300e+00
2.58100e+04	1.09800e+00
2.70000e+04	1.05500e+00
2.82500e+04	1.01300e+00
2.95500e+04	9.73200e-01
3.09200e+04	9.34800e-01
3.23400e+04	8.97900e-01
3.38400e+04	8.62400e-01
3.54000e+04	8.28300e-01
3.70400e+04	7.95600e-01
3.87500e+04	7.64100e-01
4.05400e+04	7.33800e-01
4.24100e+04	7.04700e-01
4.43700e+04	6.76800e-01
4.64200e+04	6.49900e-01
4.85600e+04	6.24100e-01
5.08000e+04	5.99300e-01
5.31500e+04	5.75500e-01
5.56000e+04	5.52600e-01
5.81700e+04	5.30600e-01
6.08600e+04	5.09500e-01
6.36700e+04	4.89200e-01
6.66100e+04	4.69700e-01
6.96800e+04	4.50900e-01
7.29000e+04	4.32900e-01
7.62700e+04	4.15600e-01
7.97900e+04	3.99000e-01
8.34800e+04	3.83100e-01
8.73300e+04	3.67800e-01
9.13700e+04	3.53000e-01
9.55900e+04	3.38900e-01
1.00000e+05	3.25300e-01
1.04600e+05	3.12300e-01
1.09400e+05	2.99800e-01
1.14500e+05	2.87800e-01
1.19800e+05	2.76200e-01
1.25300e+05	2.65100e-01
1.31100e+05	2.54500e-01
1.37200e+05	2.44300e-01
1.43500e+05	2.34400e-01
1.50100e+05	2.25000e-01
1.57100e+05	2.16000e-01
1.64300e+05	2.07300e-01
1.71900e+05	1.98900e-01
1.79800e+05	1.90900e-01
1.88200e+05	1.83200e-01
1.96800e+05	1.75800e-01
2.05900e+05	1.68700e-01
2.15400e+05	1.61900e-01
2.25400e+05	1.55400e-01
2.35800e+05	1.49100e-01
2.46700e+05	1.43100e-01
2.58100e+05	1.37300e-01
2.70000e+05	1.31800e-01
2.82500e+05	1.26400e-01
2.95500e+05	1.21300e-01
3.09200e+05	1.16400e-01
3.23400e+05	1.11700e-01
3.38400e+05	1.07200e-01
3.54000e+05	1.02800e-01
3.70400e+05	9.86600e-02
3.87500e+05	9.46600e-02
4.05400e+05	9.08200e-02
4.24100e+05	8.71400e-02
4.43700e+05	8.36000e-02
4.64200e+05	8.02100e-02
4.85600e+05	7.69500e-02
5.08000e+05	7.38300e-02
5.31500e+05	7.08300e-02
5.56000e+05	6.79500e-02
5.81700e+05	6.51800e-02
6.08600e+05	6.25300e-02
6.36700e+05	5.99900e-02
6.66100e+05	5.75500e-02
6.96800e+05	5.52000e-02
7.29000e+05	5.29600e-02
7.62700e+05	5.08000e-02
7.97900e+05	4.87300e-02
8.34800e+05	4.67400e-02
8.73300e+05	4.48400e-02
9.13700e+05	4.30100e-02
9.55900e+05	4.12500e-02
1.00000e+06	3.95700e-02
