# HCCO cross section
256
1.00000e+01	0.00000e+00
1.04600e+01	9.02200e-02
1.09400e+01	2.47100e-01
1.14500e+01	4.77100e-01
1.19800e+01	7.80400e-01
1.25300e+01	1.10000e+00
1.31100e+01	1.43200e+00
1.37200e+01	1.77300e+00
1.43500e+01	2.12000e+00
1.50100e+01	2.46900e+00
1.57100e+01	2.83500e+00
1.64300e+01	3.29100e+00
1.71900e+01	3.82200e+00
1.79800e+01	4.37800e+00
1.88200e+01	5.01200e+00
1.96800e+01	5.70600e+00
2.05900e+01	6.41100e+00
2.15400e+01	7.11800e+00
2.25400e+01	7.82000e+00
2.35800e+01	8.51400e+00
2.46700e+01	9.19600e+00
2.58100e+01	9.86300e+00
2.70000e+01	1.05100e+01
2.82500e+01	1.11400e+01
2.95500e+01	1.17700e+01
3.09200e+01	1.23900e+01
3.23400e+01	1.29900e+01
3.38400e+01	1.35600e+01
3.54000e+01	1.41000e+01
3.70400e+01	1.46200e+01
3.87500e+01	1.51000e+01
4.05400e+01	1.55600e+01
4.24100e+01	1.60000e+01
4.43700e+01	1.64200e+01
4.64200e+01	1.68000e+01
4.85600e+01	1.71500e+01
5.08000e+01	1.74800e+01
5.31500e+01	1.77700e+01
5.56000e+01	1.80300e+01
5.81700e+01	1.82600e+01
6.08600e+01	1.84500e+01
6.36700e+01	1.86200e+01
6.66100e+01	1.87600e+01
6.96800e+01	1.88700e+01
7.29000e+01	1.89500e+01
7.62700e+01	1.90100e+01
7.97900e+01	1.90300e+01
8.34800e+01	1.90400e+01
8.73300e+01	1.90100e+01
9.13700e+01	1.89700e+01
9.55900e+01	1.89000e+01
1.00000e+02	1.88000e+01
1.04600e+02	1.86900e+01
1.09400e+02	1.85600e+01
1.14500e+02	1.84100e+01
1.19800e+02	1.82400e+01
1.25300e+02	1.80600e+01
1.31100e+02	1.78600e+01
1.37200e+02	1.76400e+01
1.43500e+02	1.74100e+01
1.50100e+02	1.71700e+01
1.57100e+02	1.69200e+01
1.64300e+02	1.66600e+01
1.71900e+02	1.63900e+01
1.79800e+02	1.61100e+01
1.88200e+02	1.58300e+01
1.96800e+02	1.55400e+01
2.05900e+02	1.52400e+01
2.15400e+02	1.49400e+01
2.25400e+02	1.46300e+01
2.35800e+02	1.43300e+01
2.46700e+02	1.40200e+01
2.58100e+02	1.37000e+01
2.70000e+02	1.33900e+01
2.82500e+02	1.30800e+01
2.95500e+02	1.27600e+01
3.09200e+02	1.24500e+01
3.23400e+02	1.21400e+01
3.38400e+02	1.18400e+01
3.54000e+02	1.15300e+01
3.70400e+02	1.12300e+01
3.87500e+02	1.09300e+01
4.05400e+02	1.06300e+01
4.24100e+02	1.03400e+01
4.43700e+02	1.00500e+01
4.64200e+02	9.76500e+00
4.85600e+02	9.48500e+00
5.08000e+02	9.21000e+00
5.31500e+02	8.93900e+00
5.56000e+02	8.67400e+00
5.81700e+02	8.41400e+00
6.08600e+02	8.15800e+00
6.36700e+02	7.90800e+00
6.66100e+02	7.66400e+00
6.96800e+02	7.42500e+00
7.29000e+02	7.19100e+00
7.62700e+02	6.96300e+00
7.97900e+02	6.74000e+00
8.34800e+02	6.52300e+00
8.73300e+02	6.31100e+00
9.13700e+02	6.10500e+00
9.55900e+02	5.90400e+00
1.00000e+03	5.70800e+00
1.04600e+03	5.51800e+00
1.09400e+03	5.33300e+00
1.14500e+03	5.15300e+00
1.19800e+03	4.97800e+00
1.25300e+03	4.80800e+00
1.31100e+03	4.64400e+00
1.37200e+03	4.48400e+00
1.43500e+03	4.32800e+00
1.50100e+03	4.17800e+00
1.57100e+03	4.03200e+00
1.64300e+03	3.89100e+00
1.71900e+03	3.75300e+00
1.79800e+03	3.62100e+00
1.88200e+03	3.49200e+00
1.96800e+03	3.36800e+00
2.05900e+03	3.24700e+00
2.15400e+03	3.13100e+00
2.25400e+03	3.01800e+00
2.35800e+03	2.90900e+00
2.46700e+03	2.80400e+00
2.58100e+03	2.70200e+00
2.70000e+03	2.60300e+00
2.82500e+03	2.50800e+00
2.95500e+03	2.41600e+00
3.09200e+03	2.32800e+00
3.23400e+03	2.24200e+00
3.38400e+03	2.15900e+00
3.54000e+03	2.07900e+00
3.70400e+03	2.00200e+00
3.87500e+03	1.92700e+00
4.05400e+03	1.85600e+00
4.24100e+03	1.78600e+00
4.43700e+03	1.71900e+00
4.64200e+03	1.65500e+00
4.85600e+03	1.59300e+00
5.08000e+03	1.53300e+00
5.31500e+03	1.47500e+00
5.56000e+03	1.41900e+00
5.81700e+03	1.36600e+00
6.08600e+03	1.31400e+00
6.36700e+03	1.26400e+00
6.66100e+03	1.21600e+00
6.96800e+03	1.17000e+00
7.29000e+03	1.12500e+00
7.62700e+03	1.08200e+00
7.97900e+03	1.04100e+00
8.34800e+03	1.00100e+00
8.73300e+03	9.62300e-01
9.13700e+03	9.25300e-01
9.55900e+03	8.89800e-01
1.00000e+04	8.55500e-01
1.04600e+04	8.22500e-01
1.09400e+04	7.90700e-01
1.14500e+04	7.60200e-01
1.19800e+04	7.30800e-01
1.25300e+04	7.02500e-01
1.31100e+04	6.75200e-01
1.37200e+04	6.49000e-01
1.43500e+04	6.23800e-01
1.50100e+04	5.99500e-01
1.57100e+04	5.76200e-01
1.64300e+04	5.53700e-01
1.71900e+04	5.32100e-01
1.79800e+04	5.11300e-01
1.88200e+04	4.91400e-01
1.96800e+04	4.72100e-01
2.05900e+04	4.53700e-01
2.15400e+04	4.35900e-01
2.25400e+04	4.18800e-01
2.35800e+04	4.02300e-01
2.46700e+04	3.86500e-01
2.58100e+04	3.71300e-01
2.70000e+04	3.56700e-01
2.82500e+04	3.42700e-01
2.95500e+04	3.29200e-01
3.09200e+04	3.16200e-01
3.23400e+04	3.03700e-01
3.38400e+04	2.91700e-01
3.54000e+04	2.80200e-01
3.70400e+04	2.69100e-01
3.87500e+04	2.58500e-01
4.05400e+04	2.48200e-01
4.24100e+04	2.38400e-01
4.43700e+04	2.29000e-01
4.64200e+04	2.19900e-01
4.85600e+04	2.11100e-01
5.08000e+04	2.02800e-01
5.31500e+04	1.94700e-01
5.56000e+04	1.87000e-01
5.81700e+04	1.79500e-01
6.08600e+04	1.72400e-01
6.36700e+04	1.65500e-01
6.66100e+04	1.58900e-01
6.96800e+04	1.52600e-01
7.29000e+04	1.46500e-01
7.62700e+04	1.40600e-01
7.97900e+04	1.35000e-01
8.34800e+04	1.29600e-01
8.73300e+04	1.24400e-01
9.13700e+04	1.19500e-01
9.55900e+04	1.14700e-01
1.00000e+05	1.10100e-01
1.04600e+05	1.05700e-01
1.09400e+05	1.01400e-01
1.14500e+05	9.73800e-02
1.19800e+05	9.34700e-02
1.25300e+05	8.97200e-02
1.31100e+05	8.61200e-02
1.37200e+05	8.26600e-02
1.43500e+05	7.93400e-02
1.50100e+05	7.61500e-02
1.57100e+05	7.30900e-02
1.64300e+05	7.01500e-02
1.71900e+05	6.73200e-02
1.79800e+05	6.46100e-02
1.88200e+05	6.20100e-02
1.96800e+05	5.95100e-02
2.05900e+05	5.71100e-02
2.15400e+05	5.48000e-02
2.25400e+05	5.25900e-02
2.35800e+05	5.04700e-02
2.46700e+05	4.84300e-02
2.58100e+05	4.64800e-02
2.70000e+05	4.46000e-02
2.82500e+05	4.27900e-02
2.95500e+05	4.10600e-02
3.09200e+05	3.94000e-02
3.23400e+05	3.78100e-02
3.38400e+05	3.62800e-02
3.54000e+05	3.48100e-02
3.70400e+05	3.34000e-02
3.87500e+05	3.20400e-02
4.05400e+05	3.07400e-02
4.24100e+05	2.95000e-02
4.43700e+05	2.83000e-02
4.64200e+05	2.71500e-02
4.85600e+05	2.60500e-02
5.08000e+05	2.49900e-02
5.31500e+05	2.39800e-02
5.56000e+05	2.30000e-02
5.81700e+05	2.20700e-02
6.08600e+05	2.11700e-02
6.36700e+05	2.03100e-02
6.66100e+05	1.94800e-02
6.96800e+05	1.86900e-02
7.29000e+05	1.79300e-02
7.62700e+05	1.72000e-02
7.97900e+05	1.65000e-02
8.34800e+05	1.58200e-02
8.73300e+05	1.51800e-02
9.13700e+05	1.45600e-02
9.55900e+05	1.39700e-02
1.00000e+06	1.34000e-02
