# HCNO cross section
256
1.00000e+01	0.00000e+00
1.04600e+01	0.00000e+00
1.09400e+01	0.00000e+00
1.14500e+01	1.69900e-01
1.19800e+01	4.51500e-01
1.25300e+01	7.54900e-01
1.31100e+01	1.07600e+00
1.37200e+01	1.41000e+00
1.43500e+01	1.75300e+00
1.50100e+01	2.10400e+00
1.57100e+01	2.45800e+00
1.64300e+01	2.81400e+00
1.71900e+01	3.17000e+00
1.79800e+01	3.63400e+00
1.88200e+01	4.17400e+00
1.96800e+01	4.76300e+00
2.05900e+01	5.36000e+00
2.15400e+01	6.02900e+00
2.25400e+01	6.70300e+00
2.35800e+01	7.37600e+00
2.46700e+01	8.04300e+00
2.58100e+01	8.70200e+00
2.70000e+01	9.34900e+00
2.82500e+01	9.98000e+00
2.95500e+01	1.05900e+01
3.09200e+01	1.11900e+01
3.23400e+01	1.17600e+01
3.38400e+01	1.23100e+01
3.54000e+01	1.28400e+01
3.70400e+01	1.33600e+01
3.87500e+01	1.38600e+01
4.05400e+01	1.43300e+01
4.24100e+01	1.47800e+01
4.43700e+01	1.52200e+01
4.64200e+01	1.56300e+01
4.85600e+01	1.60000e+01
5.08000e+01	1.63600e+01
5.31500e+01	1.66800e+01
5.56000e+01	1.69700e+01
5.81700e+01	1.72300e+01
6.08600e+01	1.74700e+01
6.36700e+01	1.76800e+01
6.66100e+01	1.78500e+01
6.96800e+01	1.80000e+01
7.29000e+01	1.81200e+01
7.62700e+01	1.82200e+01
7.97900e+01	1.82900e+01
8.34800e+01	1.83300e+01
8.73300e+01	1.83500e+01
9.13700e+01	1.83400e+01
9.55900e+01	1.83100e+01
1.00000e+02	1.82600e+01
1.04600e+02	1.81800e+01
1.09400e+02	1.80900e+01
1.14500e+02	1.79700e+01
1.19800e+02	1.78400e+01
1.25300e+02	1.76900e+01
1.31100e+02	1.75300e+01
1.37200e+02	1.73400e+01
1.43500e+02	1.71500e+01
1.50100e+02	1.69400e+01
1.57100e+02	1.67200e+01
1.64300e+02	1.64800e+01
1.71900e+02	1.62400e+01
1.79800e+02	1.59800e+01
1.88200e+02	1.57200e+01
1.96800e+02	1.54500e+01
2.05900e+02	1.51800e+01
2.15400e+02	1.49000e+01
2.25400e+02	1.46100e+01
2.35800e+02	1.43200e+01
2.46700e+02	1.40200e+01
2.58100e+02	1.37300e+01
2.70000e+02	1.34300e+01
2.82500e+02	1.31300e+01
2.95500e+02	1.28300e+01
3.09200e+02	1.25300e+01
3.23400e+02	1.22200e+01
3.38400e+02	1.19300e+01
3.54000e+02	1.16300e+01
3.70400e+02	1.13300e+01
3.87500e+02	1.10400e+01
4.05400e+02	1.07500e+01
4.24100e+02	1.04600e+01
4.43700e+02	1.01700e+01
4.64200e+02	9.89100e+00
4.85600e+02	9.61300e+00
5.08000e+02	9.34000e+00
5.31500e+02	9.07100e+00
5.56000e+02	8.80700e+00
5.81700e+02	8.54700e+00
6.08600e+02	8.29300e+00
6.36700e+02	8.04300e+00
6.66100e+02	7.79800e+00
6.96800e+02	7.55800e+00
7.29000e+02	7.32400e+00
7.62700e+02	7.09500e+00
7.97900e+02	6.87100e+00
8.34800e+02	6.65200e+00
8.73300e+02	6.43800e+00
9.13700e+02	6.23000e+00
9.55900e+02	6.02700e+00
1.00000e+03	5.83000e+00
1.04600e+03	5.63700e+00
1.09400e+03	5.45000e+00
1.14500e+03	5.26700e+00
1.19800e+03	5.09000e+00
1.25300e+03	4.91800e+00
1.31100e+03	4.75100e+00
1.37200e+03	4.58800e+00
1.43500e+03	4.43000e+00
1.50100e+03	4.27700e+00
1.57100e+03	4.12900e+00
1.64300e+03	3.98500e+00
1.71900e+03	3.84500e+00
1.79800e+03	3.71000e+00
1.88200e+03	3.57900e+00
1.96800e+03	3.45200e+00
2.05900e+03	3.32900e+00
2.15400e+03	3.21000e+00
2.25400e+03	3.09500e+00
2.35800e+03	2.98400e+00
2.46700e+03	2.87600e+00
2.58100e+03	2.77200e+00
2.70000e+03	2.67200e+00
2.82500e+03	2.57400e+00
2.95500e+03	2.48000e+00
3.09200e+03	2.38900e+00
3.23400e+03	2.30200e+00
3.38400e+03	2.21700e+00
3.54000e+03	2.13500e+00
3.70400e+03	2.05600e+00
3.87500e+03	1.98000e+00
4.05400e+03	1.90600e+00
4.24100e+03	1.83500e+00
4.43700e+03	1.76700e+00
4.64200e+03	1.70100e+00
4.85600e+03	1.63700e+00
5.08000e+03	1.57500e+00
5.31500e+03	1.51600e+00
5.56000e+03	1.45900e+00
5.81700e+03	1.40400e+00
6.08600e+03	1.35100e+00
6.36700e+03	1.29900e+00
6.66100e+03	1.25000e+00
6.96800e+03	1.20300e+00
7.29000e+03	1.15700e+00
7.62700e+03	1.11300e+00
7.97900e+03	1.07000e+00
8.34800e+03	1.02900e+00
8.73300e+03	9.89700e-01
9.13700e+03	9.51700e-01
9.55900e+03	9.15200e-01
1.00000e+04	8.79900e-01
1.04600e+04	8.46100e-01
1.09400e+04	8.13400e-01
1.14500e+04	7.82000e-01
1.19800e+04	7.51800e-01
1.25300e+04	7.22700e-01
1.31100e+04	6.94700e-01
1.37200e+04	6.67700e-01
1.43500e+04	6.41800e-01
1.50100e+04	6.16900e-01
1.57100e+04	5.92900e-01
1.64300e+04	5.69800e-01
1.71900e+04	5.47600e-01
1.79800e+04	5.26200e-01
1.88200e+04	5.05700e-01
1.96800e+04	4.85900e-01
2.05900e+04	4.66900e-01
2.15400e+04	4.48600e-01
2.25400e+04	4.31000e-01
2.35800e+04	4.14100e-01
2.46700e+04	3.97800e-01
2.58100e+04	3.82200e-01
2.70000e+04	3.67200e-01
2.82500e+04	3.52700e-01
2.95500e+04	3.38800e-01
3.09200e+04	3.25500e-01
3.23400e+04	3.12600e-01
3.38400e+04	3.00300e-01
3.54000e+04	2.88400e-01
3.70400e+04	2.77000e-01
3.87500e+04	2.66100e-01
4.05400e+04	2.55600e-01
4.24100e+04	2.45400e-01
4.43700e+04	2.35700e-01
4.64200e+04	2.26400e-01
4.85600e+04	2.17400e-01
5.08000e+04	2.08700e-01
5.31500e+04	2.00500e-01
5.56000e+04	1.92500e-01
5.81700e+04	1.84800e-01
6.08600e+04	1.77500e-01
6.36700e+04	1.70400e-01
6.66100e+04	1.63600e-01
6.96800e+04	1.57100e-01
7.29000e+04	1.50800e-01
7.62700e+04	1.44800e-01
7.97900e+04	1.39000e-01
8.34800e+04	1.33500e-01
8.73300e+04	1.28100e-01
9.13700e+04	1.23000e-01
9.55900e+04	1.18100e-01
1.00000e+05	1.13400e-01
1.04600e+05	1.08800e-01
1.09400e+05	1.04500e-01
1.14500e+05	1.00300e-01
1.19800e+05	9.62600e-02
1.25300e+05	9.23900e-02
1.31100e+05	8.86800e-02
1.37200e+05	8.51200e-02
1.43500e+05	8.17000e-02
1.50100e+05	7.84200e-02
1.57100e+05	7.52700e-02
1.64300e+05	7.22400e-02
1.71900e+05	6.93300e-02
1.79800e+05	6.65400e-02
1.88200e+05	6.38600e-02
1.96800e+05	6.12800e-02
2.05900e+05	5.88100e-02
2.15400e+05	5.64400e-02
2.25400e+05	5.41600e-02
2.35800e+05	5.19800e-02
2.46700e+05	4.98800e-02
2.58100e+05	4.78600e-02
2.70000e+05	4.59300e-02
2.82500e+05	4.40700e-02
2.95500e+05	4.22900e-02
3.09200e+05	4.05800e-02
3.23400e+05	3.89400e-02
3.38400e+05	3.73600e-02
3.54000e+05	3.58500e-02
3.70400e+05	3.44000e-02
3.87500e+05	3.30000e-02
4.05400e+05	3.16600e-02
4.24100e+05	3.03800e-02
4.43700e+05	2.91500e-02
4.64200e+05	2.79600e-02
4.85600e+05	2.68300e-02
5.08000e+05	2.57400e-02
5.31500e+05	2.46900e-02
5.56000e+05	2.36900e-02
5.81700e+05	2.27300e-02
6.08600e+05	2.18000e-02
6.36700e+05	2.09200e-02
6.66100e+05	2.00700e-02
6.96800e+05	1.92500e-02
7.29000e+05	1.84700e-02
7.62700e+05	1.77100e-02
7.97900e+05	1.69900e-02
8.34800e+05	1.63000e-02
8.73300e+05	1.56300e-02
9.13700e+05	1.50000e-02
9.55900e+05	1.43900e-02
1.00000e+06	1.38000e-02
