# HCO cross section
256
1.00000e+01	1.80700e-01
1.04600e+01	2.93300e-01
1.09400e+01	4.12000e-01
1.14500e+01	5.35400e-01
1.19800e+01	6.62300e-01
1.25300e+01	7.91400e-01
1.31100e+01	9.21900e-01
1.37200e+01	1.05300e+00
1.43500e+01	1.18300e+00
1.50100e+01	1.35900e+00
1.57100e+01	1.54600e+00
1.64300e+01	1.83700e+00
1.71900e+01	2.16000e+00
1.79800e+01	2.53800e+00
1.88200e+01	2.95300e+00
1.96800e+01	3.37600e+00
2.05900e+01	3.81500e+00
2.15400e+01	4.29000e+00
2.25400e+01	4.78300e+00
2.35800e+01	5.27600e+00
2.46700e+01	5.76600e+00
2.58100e+01	6.24900e+00
2.70000e+01	6.72400e+00
2.82500e+01	7.18700e+00
2.95500e+01	7.63800e+00
3.09200e+01	8.07400e+00
3.23400e+01	8.49400e+00
3.38400e+01	8.89700e+00
3.54000e+01	9.28200e+00
3.70400e+01	9.64800e+00
3.87500e+01	9.99500e+00
4.05400e+01	1.03300e+01
4.24100e+01	1.06500e+01
4.43700e+01	1.09600e+01
4.64200e+01	1.12400e+01
4.85600e+01	1.15000e+01
5.08000e+01	1.17500e+01
5.31500e+01	1.19700e+01
5.56000e+01	1.21700e+01
5.81700e+01	1.23500e+01
6.08600e+01	1.25100e+01
6.36700e+01	1.26500e+01
6.66100e+01	1.27700e+01
6.96800e+01	1.28700e+01
7.29000e+01	1.29500e+01
7.62700e+01	1.30100e+01
7.97900e+01	1.30500e+01
8.34800e+01	1.30700e+01
8.73300e+01	1.30700e+01
9.13700e+01	1.30600e+01
9.55900e+01	1.30300e+01
1.00000e+02	1.29900e+01
1.04600e+02	1.29300e+01
1.09400e+02	1.28600e+01
1.14500e+02	1.27700e+01
1.19800e+02	1.26700e+01
1.25300e+02	1.25600e+01
1.31100e+02	1.24300e+01
1.37200e+02	1.23000e+01
1.43500e+02	1.21500e+01
1.50100e+02	1.20000e+01
1.57100e+02	1.18400e+01
1.64300e+02	1.16700e+01
1.71900e+02	1.14900e+01
1.79800e+02	1.13100e+01
1.88200e+02	1.11200e+01
1.96800e+02	1.09200e+01
2.05900e+02	1.07200e+01
2.15400e+02	1.05200e+01
2.25400e+02	1.03200e+01
2.35800e+02	1.01100e+01
2.46700e+02	9.89600e+00
2.58100e+02	9.68300e+00
2.70000e+02	9.46900e+00
2.82500e+02	9.25500e+00
2.95500e+02	9.04000e+00
3.09200e+02	8.82500e+00
3.23400e+02	8.61100e+00
3.38400e+02	8.39800e+00
3.54000e+02	8.18600e+00
3.70400e+02	7.97600e+00
3.87500e+02	7.76700e+00
4.05400e+02	7.56100e+00
4.24100e+02	7.35600e+00
4.43700e+02	7.15400e+00
4.64200e+02	6.95500e+00
4.85600e+02	6.75900e+00
5.08000e+02	6.56500e+00
5.31500e+02	6.37500e+00
5.56000e+02	6.18800e+00
5.81700e+02	6.00500e+00
6.08600e+02	5.82500e+00
6.36700e+02	5.64800e+00
6.66100e+02	5.47600e+00
6.96800e+02	5.30700e+00
7.29000e+02	5.14100e+00
7.62700e+02	4.98000e+00
7.97900e+02	4.82200e+00
8.34800e+02	4.66800e+00
8.73300e+02	4.51700e+00
9.13700e+02	4.37100e+00
9.55900e+02	4.22800e+00
1.00000e+03	4.08900e+00
1.04600e+03	3.95300e+00
1.09400e+03	3.82100e+00
1.14500e+03	3.69300e+00
1.19800e+03	3.56900e+00
1.25300e+03	3.44800e+00
1.31100e+03	3.33000e+00
1.37200e+03	3.21600e+00
1.43500e+03	3.10500e+00
1.50100e+03	2.99700e+00
1.57100e+03	2.89300e+00
1.64300e+03	2.79200e+00
1.71900e+03	2.69400e+00
1.79800e+03	2.59900e+00
1.88200e+03	2.50700e+00
1.96800e+03	2.41800e+00
2.05900e+03	2.33200e+00
2.15400e+03	2.24800e+00
2.25400e+03	2.16800e+00
2.35800e+03	2.09000e+00
2.46700e+03	2.01400e+00
2.58100e+03	1.94100e+00
2.70000e+03	1.87100e+00
2.82500e+03	1.80200e+00
2.95500e+03	1.73600e+00
3.09200e+03	1.67300e+00
3.23400e+03	1.61100e+00
3.38400e+03	1.55200e+00
3.54000e+03	1.49400e+00
3.70400e+03	1.43900e+00
3.87500e+03	1.38600e+00
4.05400e+03	1.33400e+00
4.24100e+03	1.28400e+00
4.43700e+03	1.23600e+00
4.64200e+03	1.19000e+00
4.85600e+03	1.14500e+00
5.08000e+03	1.10200e+00
5.31500e+03	1.06100e+00
5.56000e+03	1.02100e+00
5.81700e+03	9.82200e-01
6.08600e+03	9.45000e-01
6.36700e+03	9.09100e-01
6.66100e+03	8.74600e-01
6.96800e+03	8.41300e-01
7.29000e+03	8.09300e-01
7.62700e+03	7.78400e-01
7.97900e+03	7.48600e-01
8.34800e+03	7.19900e-01
8.73300e+03	6.92300e-01
9.13700e+03	6.65800e-01
9.55900e+03	6.40200e-01
1.00000e+04	6.15500e-01
1.04600e+04	5.91800e-01
1.09400e+04	5.69000e-01
1.14500e+04	5.47000e-01
1.19800e+04	5.25900e-01
1.25300e+04	5.05500e-01
1.31100e+04	4.85900e-01
1.37200e+04	4.67100e-01
1.43500e+04	4.48900e-01
1.50100e+04	4.31500e-01
1.57100e+04	4.14700e-01
1.64300e+04	3.98500e-01
1.71900e+04	3.83000e-01
1.79800e+04	3.68000e-01
1.88200e+04	3.53600e-01
1.96800e+04	3.39800e-01
2.05900e+04	3.26500e-01
2.15400e+04	3.13700e-01
2.25400e+04	3.01400e-01
2.35800e+04	2.89600e-01
2.46700e+04	2.78200e-01
2.58100e+04	2.67300e-01
2.70000e+04	2.56800e-01
2.82500e+04	2.46700e-01
2.95500e+04	2.37000e-01
3.09200e+04	2.27600e-01
3.23400e+04	2.18600e-01
3.38400e+04	2.10000e-01
3.54000e+04	2.01700e-01
3.70400e+04	1.93700e-01
3.87500e+04	1.86100e-01
4.05400e+04	1.78700e-01
4.24100e+04	1.71600e-01
4.43700e+04	1.64800e-01
4.64200e+04	1.58300e-01
4.85600e+04	1.52000e-01
5.08000e+04	1.46000e-01
5.31500e+04	1.40200e-01
5.56000e+04	1.34600e-01
5.81700e+04	1.29200e-01
6.08600e+04	1.24100e-01
6.36700e+04	1.19200e-01
6.66100e+04	1.14400e-01
6.96800e+04	1.09800e-01
7.29000e+04	1.05500e-01
7.62700e+04	1.01300e-01
7.97900e+04	9.72100e-02
8.34800e+04	9.33300e-02
8.73300e+04	8.96000e-02
9.13700e+04	8.60100e-02
9.55900e+04	8.25700e-02
1.00000e+05	7.92700e-02
1.04600e+05	7.60900e-02
1.09400e+05	7.30400e-02
1.14500e+05	7.01100e-02
1.19800e+05	6.73000e-02
1.25300e+05	6.46000e-02
1.31100e+05	6.20100e-02
1.37200e+05	5.95200e-02
1.43500e+05	5.71300e-02
1.50100e+05	5.48300e-02
1.57100e+05	5.26200e-02
1.64300e+05	5.05100e-02
1.71900e+05	4.84700e-02
1.79800e+05	4.65200e-02
1.88200e+05	4.46500e-02
1.96800e+05	4.28500e-02
2.05900e+05	4.11200e-02
2.15400e+05	3.94600e-02
2.25400e+05	3.78700e-02
2.35800e+05	3.63400e-02
2.46700e+05	3.48700e-02
2.58100e+05	3.34700e-02
2.70000e+05	3.21100e-02
2.82500e+05	3.08100e-02
2.95500e+05	2.95700e-02
3.09200e+05	2.83700e-02
3.23400e+05	2.72200e-02
3.38400e+05	2.61200e-02
3.54000e+05	2.50600e-02
3.70400e+05	2.40500e-02
3.87500e+05	2.30700e-02
4.05400e+05	2.21400e-02
4.24100e+05	2.12400e-02
4.43700e+05	2.03800e-02
4.64200e+05	1.95500e-02
4.85600e+05	1.87600e-02
5.08000e+05	1.80000e-02
5.31500e+05	1.72600e-02
5.56000e+05	1.65600e-02
5.81700e+05	1.58900e-02
6.08600e+05	1.52400e-02
6.36700e+05	1.46200e-02
6.66100e+05	1.40300e-02
6.96800e+05	1.34600e-02
7.29000e+05	1.29100e-02
7.62700e+05	1.23800e-02
7.97900e+05	1.18800e-02
8.34800e+05	1.13900e-02
8.73300e+05	1.09300e-02
9.13700e+05	1.04800e-02
9.55900e+05	1.00600e-02
1.00000e+06	9.64700e-03
