# HCOOCH3 cross section
256
1.00000e+01	0.00000e+00
1.04600e+01	0.00000e+00
1.09400e+01	0.00000e+00
1.14500e+01	3.84000e-02
1.19800e+01	1.93700e-01
1.25300e+01	4.59500e-01
1.31100e+01	7.45200e-01
1.37200e+01	1.10300e+00
1.43500e+01	1.53500e+00
1.50100e+01	2.06100e+00
1.57100e+01	2.69000e+00
1.64300e+01	3.39700e+00
1.71900e+01	4.15400e+00
1.79800e+01	5.05800e+00
1.88200e+01	6.00400e+00
1.96800e+01	7.01800e+00
2.05900e+01	8.04700e+00
2.15400e+01	9.13800e+00
2.25400e+01	1.02300e+01
2.35800e+01	1.13100e+01
2.46700e+01	1.23900e+01
2.58100e+01	1.34800e+01
2.70000e+01	1.45700e+01
2.82500e+01	1.56300e+01
2.95500e+01	1.66600e+01
3.09200e+01	1.76500e+01
3.23400e+01	1.86200e+01
3.38400e+01	1.95400e+01
3.54000e+01	2.04200e+01
3.70400e+01	2.12600e+01
3.87500e+01	2.20600e+01
4.05400e+01	2.28300e+01
4.24100e+01	2.35700e+01
4.43700e+01	2.42700e+01
4.64200e+01	2.49200e+01
4.85600e+01	2.55200e+01
5.08000e+01	2.60800e+01
5.31500e+01	2.65800e+01
5.56000e+01	2.70400e+01
5.81700e+01	2.74500e+01
6.08600e+01	2.78100e+01
6.36700e+01	2.81300e+01
6.66100e+01	2.84000e+01
6.96800e+01	2.86200e+01
7.29000e+01	2.88000e+01
7.62700e+01	2.89300e+01
7.97900e+01	2.90200e+01
8.34800e+01	2.90700e+01
8.73300e+01	2.90800e+01
9.13700e+01	2.90500e+01
9.55900e+01	2.89900e+01
1.00000e+02	2.88900e+01
1.04600e+02	2.87500e+01
1.09400e+02	2.85800e+01
1.14500e+02	2.83900e+01
1.19800e+02	2.81600e+01
1.25300e+02	2.79100e+01
1.31100e+02	2.76300e+01
1.37200e+02	2.73200e+01
1.43500e+02	2.70000e+01
1.50100e+02	2.66500e+01
1.57100e+02	2.62900e+01
1.64300e+02	2.59000e+01
1.71900e+02	2.55100e+01
1.79800e+02	2.50900e+01
1.88200e+02	2.46700e+01
1.96800e+02	2.42300e+01
2.05900e+02	2.37900e+01
2.15400e+02	2.33300e+01
2.25400e+02	2.28700e+01
2.35800e+02	2.24100e+01
2.46700e+02	2.19300e+01
2.58100e+02	2.14600e+01
2.70000e+02	2.09800e+01
2.82500e+02	2.05000e+01
2.95500e+02	2.00200e+01
3.09200e+02	1.95400e+01
3.23400e+02	1.90700e+01
3.38400e+02	1.85900e+01
3.54000e+02	1.81200e+01
3.70400e+02	1.76500e+01
3.87500e+02	1.71900e+01
4.05400e+02	1.67300e+01
4.24100e+02	1.62700e+01
4.43700e+02	1.58200e+01
4.64200e+02	1.53800e+01
4.85600e+02	1.49400e+01
5.08000e+02	1.45100e+01
5.31500e+02	1.40900e+01
5.56000e+02	1.36700e+01
5.81700e+02	1.32700e+01
6.08600e+02	1.28700e+01
6.36700e+02	1.24800e+01
6.66100e+02	1.20900e+01
6.96800e+02	1.17200e+01
7.29000e+02	1.13500e+01
7.62700e+02	1.09900e+01
7.97900e+02	1.06400e+01
8.34800e+02	1.03000e+01
8.73300e+02	9.97000e+00
9.13700e+02	9.64500e+00
9.55900e+02	9.32900e+00
1.00000e+03	9.02100e+00
1.04600e+03	8.72100e+00
1.09400e+03	8.43000e+00
1.14500e+03	8.14600e+00
1.19800e+03	7.87100e+00
1.25300e+03	7.60300e+00
1.31100e+03	7.34300e+00
1.37200e+03	7.09100e+00
1.43500e+03	6.84600e+00
1.50100e+03	6.60800e+00
1.57100e+03	6.37800e+00
1.64300e+03	6.15500e+00
1.71900e+03	5.93800e+00
1.79800e+03	5.72900e+00
1.88200e+03	5.52600e+00
1.96800e+03	5.32900e+00
2.05900e+03	5.13900e+00
2.15400e+03	4.95500e+00
2.25400e+03	4.77700e+00
2.35800e+03	4.60400e+00
2.46700e+03	4.43800e+00
2.58100e+03	4.27600e+00
2.70000e+03	4.12100e+00
2.82500e+03	3.97000e+00
2.95500e+03	3.82500e+00
3.09200e+03	3.68400e+00
3.23400e+03	3.54900e+00
3.38400e+03	3.41800e+00
3.54000e+03	3.29100e+00
3.70400e+03	3.16900e+00
3.87500e+03	3.05200e+00
4.05400e+03	2.93800e+00
4.24100e+03	2.82800e+00
4.43700e+03	2.72200e+00
4.64200e+03	2.62000e+00
4.85600e+03	2.52200e+00
5.08000e+03	2.42700e+00
5.31500e+03	2.33600e+00
5.56000e+03	2.24700e+00
5.81700e+03	2.16200e+00
6.08600e+03	2.08000e+00
6.36700e+03	2.00100e+00
6.66100e+03	1.92500e+00
6.96800e+03	1.85200e+00
7.29000e+03	1.78100e+00
7.62700e+03	1.71300e+00
7.97900e+03	1.64800e+00
8.34800e+03	1.58500e+00
8.73300e+03	1.52400e+00
9.13700e+03	1.46500e+00
9.55900e+03	1.40900e+00
1.00000e+04	1.35500e+00
1.04600e+04	1.30300e+00
1.09400e+04	1.25200e+00
1.14500e+04	1.20400e+00
1.19800e+04	1.15700e+00
1.25300e+04	1.11300e+00
1.31100e+04	1.06900e+00
1.37200e+04	1.02800e+00
1.43500e+04	9.87900e-01
1.50100e+04	9.49500e-01
1.57100e+04	9.12500e-01
1.64300e+04	8.77000e-01
1.71900e+04	8.42800e-01
1.79800e+04	8.09900e-01
1.88200e+04	7.78200e-01
1.96800e+04	7.47800e-01
2.05900e+04	7.18500e-01
2.15400e+04	6.90400e-01
2.25400e+04	6.63300e-01
2.35800e+04	6.37300e-01
2.46700e+04	6.12200e-01
2.58100e+04	5.88200e-01
2.70000e+04	5.65000e-01
2.82500e+04	5.42800e-01
2.95500e+04	5.21400e-01
3.09200e+04	5.00800e-01
3.23400e+04	4.81100e-01
3.38400e+04	4.62100e-01
3.54000e+04	4.43800e-01
3.70400e+04	4.26300e-01
3.87500e+04	4.09400e-01
4.05400e+04	3.93200e-01
4.24100e+04	3.77600e-01
4.43700e+04	3.62700e-01
4.64200e+04	3.48300e-01
4.85600e+04	3.34400e-01
5.08000e+04	3.21200e-01
5.31500e+04	3.08400e-01
5.56000e+04	2.96100e-01
5.81700e+04	2.84400e-01
6.08600e+04	2.73000e-01
6.36700e+04	2.62200e-01
6.66100e+04	2.51700e-01
6.96800e+04	2.41700e-01
7.29000e+04	2.32000e-01
7.62700e+04	2.22800e-01
7.97900e+04	2.13900e-01
8.34800e+04	2.05300e-01
8.73300e+04	1.97100e-01
9.13700e+04	1.89200e-01
9.55900e+04	1.81700e-01
1.00000e+05	1.74400e-01
1.04600e+05	1.67400e-01
1.09400e+05	1.60700e-01
1.14500e+05	1.54300e-01
1.19800e+05	1.48100e-01
1.25300e+05	1.42100e-01
1.31100e+05	1.36400e-01
1.37200e+05	1.30900e-01
1.43500e+05	1.25700e-01
1.50100e+05	1.20600e-01
1.57100e+05	1.15800e-01
1.64300e+05	1.11100e-01
1.71900e+05	1.06600e-01
1.79800e+05	1.02300e-01
1.88200e+05	9.82200e-02
1.96800e+05	9.42600e-02
2.05900e+05	9.04600e-02
2.15400e+05	8.68100e-02
2.25400e+05	8.33100e-02
2.35800e+05	7.99500e-02
2.46700e+05	7.67200e-02
2.58100e+05	7.36200e-02
2.70000e+05	7.06500e-02
2.82500e+05	6.77900e-02
2.95500e+05	6.50500e-02
3.09200e+05	6.24200e-02
3.23400e+05	5.98900e-02
3.38400e+05	5.74600e-02
3.54000e+05	5.51400e-02
3.70400e+05	5.29000e-02
3.87500e+05	5.07600e-02
4.05400e+05	4.87000e-02
4.24100e+05	4.67300e-02
4.43700e+05	4.48300e-02
4.64200e+05	4.30100e-02
4.85600e+05	4.12600e-02
5.08000e+05	3.95900e-02
5.31500e+05	3.79800e-02
5.56000e+05	3.64400e-02
5.81700e+05	3.49500e-02
6.08600e+05	3.35300e-02
6.36700e+05	3.21700e-02
6.66100e+05	3.08600e-02
6.96800e+05	2.96000e-02
7.29000e+05	2.84000e-02
7.62700e+05	2.72400e-02
7.97900e+05	2.61300e-02
8.34800e+05	2.50700e-02
8.73300e+05	2.40500e-02
9.13700e+05	2.30600e-02
9.55900e+05	2.21200e-02
1.00000e+06	2.12200e-02
