# HNC cross section
256
1.00000e+01	0.00000e+00
1.04600e+01	0.00000e+00
1.09400e+01	0.00000e+00
1.14500e+01	0.00000e+00
1.19800e+01	0.00000e+00
1.25300e+01	9.80500e-02
1.31100e+01	2.57300e-01
1.37200e+01	4.28100e-01
1.43500e+01	6.07600e-01
1.50100e+01	1.02000e+00
1.57100e+01	1.45800e+00
1.64300e+01	1.91300e+00
1.71900e+01	2.38200e+00
1.79800e+01	2.85900e+00
1.88200e+01	3.33900e+00
1.96800e+01	3.82000e+00
2.05900e+01	4.29700e+00
2.15400e+01	4.76900e+00
2.25400e+01	5.23300e+00
2.35800e+01	5.73900e+00
2.46700e+01	6.24100e+00
2.58100e+01	6.73200e+00
2.70000e+01	7.21100e+00
2.82500e+01	7.67500e+00
2.95500e+01	8.12300e+00
3.09200e+01	8.55400e+00
3.23400e+01	8.96600e+00
3.38400e+01	9.35900e+00
3.54000e+01	9.73800e+00
3.70400e+01	1.01100e+01
3.87500e+01	1.04700e+01
4.05400e+01	1.08000e+01
4.24100e+01	1.11200e+01
4.43700e+01	1.14100e+01
4.64200e+01	1.16800e+01
4.85600e+01	1.19300e+01
5.08000e+01	1.21500e+01
5.31500e+01	1.23500e+01
5.56000e+01	1.25300e+01
5.81700e+01	1.26900e+01
6.08600e+01	1.28300e+01
6.36700e+01	1.29400e+01
6.66100e+01	1.30300e+01
6.96800e+01	1.31100e+01
7.29000e+01	1.31600e+01
7.62700e+01	1.31900e+01
7.97900e+01	1.32100e+01
8.34800e+01	1.32000e+01
8.73300e+01	1.31800e+01
9.13700e+01	1.31400e+01
9.55900e+01	1.30900e+01
1.00000e+02	1.30200e+01
1.04600e+02	1.29300e+01
1.09400e+02	1.28400e+01
1.14500e+02	1.27200e+01
1.19800e+02	1.26000e+01
1.25300e+02	1.24700e+01
1.31100e+02	1.23200e+01
1.37200e+02	1.21700e+01
1.43500e+02	1.20100e+01
1.50100e+02	1.18400e+01
1.57100e+02	1.16600e+01
1.64300e+02	1.14700e+01
1.71900e+02	1.12800e+01
1.79800e+02	1.10800e+01
1.88200e+02	1.08800e+01
1.96800e+02	1.06800e+01
2.05900e+02	1.04700e+01
2.15400e+02	1.02600e+01
2.25400e+02	1.00400e+01
2.35800e+02	9.82700e+00
2.46700e+02	9.61000e+00
2.58100e+02	9.39200e+00
2.70000e+02	9.17400e+00
2.82500e+02	8.95600e+00
2.95500e+02	8.73800e+00
3.09200e+02	8.52200e+00
3.23400e+02	8.30600e+00
3.38400e+02	8.09300e+00
3.54000e+02	7.88100e+00
3.70400e+02	7.67100e+00
3.87500e+02	7.46300e+00
4.05400e+02	7.25800e+00
4.24100e+02	7.05600e+00
4.43700e+02	6.85700e+00
4.64200e+02	6.66100e+00
4.85600e+02	6.46800e+00
5.08000e+02	6.27800e+00
5.31500e+02	6.09200e+00
5.56000e+02	5.91000e+00
5.81700e+02	5.73100e+00
6.08600e+02	5.55600e+00
6.36700e+02	5.38400e+00
6.66100e+02	5.21600e+00
6.96800e+02	5.05300e+00
7.29000e+02	4.89200e+00
7.62700e+02	4.73600e+00
7.97900e+02	4.58400e+00
8.34800e+02	4.43500e+00
8.73300e+02	4.29000e+00
9.13700e+02	4.14900e+00
9.55900e+02	4.01200e+00
1.00000e+03	3.87800e+00
1.04600e+03	3.74800e+00
1.09400e+03	3.62200e+00
1.14500e+03	3.49900e+00
1.19800e+03	3.38000e+00
1.25300e+03	3.26400e+00
1.31100e+03	3.15200e+00
1.37200e+03	3.04300e+00
1.43500e+03	2.93700e+00
1.50100e+03	2.83500e+00
1.57100e+03	2.73600e+00
1.64300e+03	2.63900e+00
1.71900e+03	2.54600e+00
1.79800e+03	2.45600e+00
1.88200e+03	2.36800e+00
1.96800e+03	2.28400e+00
2.05900e+03	2.20200e+00
2.15400e+03	2.12300e+00
2.25400e+03	2.04600e+00
2.35800e+03	1.97200e+00
2.46700e+03	1.90000e+00
2.58100e+03	1.83100e+00
2.70000e+03	1.76400e+00
2.82500e+03	1.70000e+00
2.95500e+03	1.63700e+00
3.09200e+03	1.57700e+00
3.23400e+03	1.51900e+00
3.38400e+03	1.46300e+00
3.54000e+03	1.40800e+00
3.70400e+03	1.35600e+00
3.87500e+03	1.30600e+00
4.05400e+03	1.25700e+00
4.24100e+03	1.21000e+00
4.43700e+03	1.16500e+00
4.64200e+03	1.12100e+00
4.85600e+03	1.07900e+00
5.08000e+03	1.03800e+00
5.31500e+03	9.98900e-01
5.56000e+03	9.61100e-01
5.81700e+03	9.24700e-01
6.08600e+03	8.89600e-01
6.36700e+03	8.55800e-01
6.66100e+03	8.23200e-01
6.96800e+03	7.91900e-01
7.29000e+03	7.61600e-01
7.62700e+03	7.32500e-01
7.97900e+03	7.04500e-01
8.34800e+03	6.77500e-01
8.73300e+03	6.51500e-01
9.13700e+03	6.26400e-01
9.55900e+03	6.02300e-01
1.00000e+04	5.79100e-01
1.04600e+04	5.56800e-01
1.09400e+04	5.35300e-01
1.14500e+04	5.14600e-01
1.19800e+04	4.94700e-01
1.25300e+04	4.75500e-01
1.31100e+04	4.57000e-01
1.37200e+04	4.39300e-01
1.43500e+04	4.22200e-01
1.50100e+04	4.05800e-01
1.57100e+04	3.90000e-01
1.64300e+04	3.74800e-01
1.71900e+04	3.60100e-01
1.79800e+04	3.46100e-01
1.88200e+04	3.32600e-01
1.96800e+04	3.19500e-01
2.05900e+04	3.07000e-01
2.15400e+04	2.95000e-01
2.25400e+04	2.83400e-01
2.35800e+04	2.72300e-01
2.46700e+04	2.61600e-01
2.58100e+04	2.51300e-01
2.70000e+04	2.41400e-01
2.82500e+04	2.31900e-01
2.95500e+04	2.22800e-01
3.09200e+04	2.14000e-01
3.23400e+04	2.05500e-01
3.38400e+04	1.97400e-01
3.54000e+04	1.89600e-01
3.70400e+04	1.82100e-01
3.87500e+04	1.74900e-01
4.05400e+04	1.68000e-01
4.24100e+04	1.61300e-01
4.43700e+04	1.54900e-01
4.64200e+04	1.48800e-01
4.85600e+04	1.42900e-01
5.08000e+04	1.37200e-01
5.31500e+04	1.31800e-01
5.56000e+04	1.26500e-01
5.81700e+04	1.21500e-01
6.08600e+04	1.16600e-01
6.36700e+04	1.12000e-01
6.66100e+04	1.07500e-01
6.96800e+04	1.03200e-01
7.29000e+04	9.91300e-02
7.62700e+04	9.51700e-02
7.97900e+04	9.13700e-02
8.34800e+04	8.77200e-02
8.73300e+04	8.42100e-02
9.13700e+04	8.08400e-02
9.55900e+04	7.76100e-02
1.00000e+05	7.45000e-02
1.04600e+05	7.15100e-02
1.09400e+05	6.86500e-02
1.14500e+05	6.58900e-02
1.19800e+05	6.32500e-02
1.25300e+05	6.07100e-02
1.31100e+05	5.82700e-02
1.37200e+05	5.59300e-02
1.43500e+05	5.36900e-02
1.50100e+05	5.15300e-02
1.57100e+05	4.94500e-02
1.64300e+05	4.74600e-02
1.71900e+05	4.55500e-02
1.79800e+05	4.37200e-02
1.88200e+05	4.19600e-02
1.96800e+05	4.02700e-02
2.05900e+05	3.86400e-02
2.15400e+05	3.70800e-02
2.25400e+05	3.55900e-02
2.35800e+05	3.41500e-02
2.46700e+05	3.27700e-02
2.58100e+05	3.14500e-02
2.70000e+05	3.01800e-02
2.82500e+05	2.89600e-02
2.95500e+05	2.77900e-02
3.09200e+05	2.66600e-02
3.23400e+05	2.55800e-02
3.38400e+05	2.45500e-02
3.54000e+05	2.35500e-02
3.70400e+05	2.26000e-02
3.87500e+05	2.16800e-02
4.05400e+05	2.08000e-02
4.24100e+05	1.99600e-02
4.43700e+05	1.91500e-02
4.64200e+05	1.83700e-02
4.85600e+05	1.76300e-02
5.08000e+05	1.69100e-02
5.31500e+05	1.62200e-02
5.56000e+05	1.55600e-02
5.81700e+05	1.49300e-02
6.08600e+05	1.43200e-02
6.36700e+05	1.37400e-02
6.66100e+05	1.31800e-02
6.96800e+05	1.26500e-02
7.29000e+05	1.21300e-02
7.62700e+05	1.16400e-02
7.97900e+05	1.11600e-02
8.34800e+05	1.07100e-02
8.73300e+05	1.02700e-02
9.13700e+05	9.85200e-03
9.55900e+05	9.45000e-03
1.00000e+06	9.06400e-03
