# HNCO cross section
256
1.00000e+01	0.00000e+00
1.04600e+01	0.00000e+00
1.09400e+01	0.00000e+00
1.14500e+01	0.00000e+00
1.19800e+01	9.25100e-03
1.25300e+01	1.38800e-01
1.31100e+01	3.84300e-01
1.37200e+01	6.63700e-01
1.43500e+01	9.59400e-01
1.50100e+01	1.26700e+00
1.57100e+01	1.58400e+00
1.64300e+01	1.90800e+00
1.71900e+01	2.33300e+00
1.79800e+01	2.83900e+00
1.88200e+01	3.39000e+00
1.96800e+01	3.98000e+00
2.05900e+01	4.57700e+00
2.15400e+01	5.23200e+00
2.25400e+01	5.89700e+00
2.35800e+01	6.56100e+00
2.46700e+01	7.22100e+00
2.58100e+01	7.87100e+00
2.70000e+01	8.51000e+00
2.82500e+01	9.13400e+00
2.95500e+01	9.74100e+00
3.09200e+01	1.03300e+01
3.23400e+01	1.08900e+01
3.38400e+01	1.14400e+01
3.54000e+01	1.19700e+01
3.70400e+01	1.24900e+01
3.87500e+01	1.29900e+01
4.05400e+01	1.34600e+01
4.24100e+01	1.39200e+01
4.43700e+01	1.43600e+01
4.64200e+01	1.47700e+01
4.85600e+01	1.51500e+01
5.08000e+01	1.55000e+01
5.31500e+01	1.58300e+01
5.56000e+01	1.61300e+01
5.81700e+01	1.64000e+01
6.08600e+01	1.66400e+01
6.36700e+01	1.68500e+01
6.66100e+01	1.70400e+01
6.96800e+01	1.71900e+01
7.29000e+01	1.73200e+01
7.62700e+01	1.74300e+01
7.97900e+01	1.75000e+01
8.34800e+01	1.75600e+01
8.73300e+01	1.75800e+01
9.13700e+01	1.75900e+01
9.55900e+01	1.75700e+01
1.00000e+02	1.75200e+01
1.04600e+02	1.74600e+01
1.09400e+02	1.73800e+01
1.14500e+02	1.72800e+01
1.19800e+02	1.71600e+01
1.25300e+02	1.70200e+01
1.31100e+02	1.68600e+01
1.37200e+02	1.66900e+01
1.43500e+02	1.65100e+01
1.50100e+02	1.63100e+01
1.57100e+02	1.61000e+01
1.64300e+02	1.58800e+01
1.71900e+02	1.56500e+01
1.79800e+02	1.54100e+01
1.88200e+02	1.51600e+01
1.96800e+02	1.49100e+01
2.05900e+02	1.46400e+01
2.15400e+02	1.43800e+01
2.25400e+02	1.41000e+01
2.35800e+02	1.38200e+01
2.46700e+02	1.35400e+01
2.58100e+02	1.32600e+01
2.70000e+02	1.29700e+01
2.82500e+02	1.26800e+01
2.95500e+02	1.23900e+01
3.09200e+02	1.21000e+01
3.23400e+02	1.18100e+01
3.38400e+02	1.15300e+01
3.54000e+02	1.12400e+01
3.70400e+02	1.09500e+01
3.87500e+02	1.06700e+01
4.05400e+02	1.03900e+01
4.24100e+02	1.01100e+01
4.43700e+02	9.83900e+00
4.64200e+02	9.56800e+00
4.85600e+02	9.30000e+00
5.08000e+02	9.03700e+00
5.31500e+02	8.77800e+00
5.56000e+02	8.52200e+00
5.81700e+02	8.27200e+00
6.08600e+02	8.02600e+00
6.36700e+02	7.78500e+00
6.66100e+02	7.54900e+00
6.96800e+02	7.31700e+00
7.29000e+02	7.09100e+00
7.62700e+02	6.86900e+00
7.97900e+02	6.65300e+00
8.34800e+02	6.44100e+00
8.73300e+02	6.23500e+00
9.13700e+02	6.03400e+00
9.55900e+02	5.83800e+00
1.00000e+03	5.64700e+00
1.04600e+03	5.46100e+00
1.09400e+03	5.27900e+00
1.14500e+03	5.10300e+00
1.19800e+03	4.93200e+00
1.25300e+03	4.76500e+00
1.31100e+03	4.60300e+00
1.37200e+03	4.44600e+00
1.43500e+03	4.29300e+00
1.50100e+03	4.14500e+00
1.57100e+03	4.00200e+00
1.64300e+03	3.86200e+00
1.71900e+03	3.72700e+00
1.79800e+03	3.59600e+00
1.88200e+03	3.47000e+00
1.96800e+03	3.34700e+00
2.05900e+03	3.22800e+00
2.15400e+03	3.11300e+00
2.25400e+03	3.00100e+00
2.35800e+03	2.89300e+00
2.46700e+03	2.78900e+00
2.58100e+03	2.68800e+00
2.70000e+03	2.59100e+00
2.82500e+03	2.49600e+00
2.95500e+03	2.40500e+00
3.09200e+03	2.31700e+00
3.23400e+03	2.23200e+00
3.38400e+03	2.15000e+00
3.54000e+03	2.07100e+00
3.70400e+03	1.99400e+00
3.87500e+03	1.92000e+00
4.05400e+03	1.84900e+00
4.24100e+03	1.78000e+00
4.43700e+03	1.71400e+00
4.64200e+03	1.65000e+00
4.85600e+03	1.58800e+00
5.08000e+03	1.52800e+00
5.31500e+03	1.47100e+00
5.56000e+03	1.41600e+00
5.81700e+03	1.36200e+00
6.08600e+03	1.31100e+00
6.36700e+03	1.26100e+00
6.66100e+03	1.21300e+00
6.96800e+03	1.16700e+00
7.29000e+03	1.12300e+00
7.62700e+03	1.08000e+00
7.97900e+03	1.03900e+00
8.34800e+03	9.98800e-01
8.73300e+03	9.60600e-01
9.13700e+03	9.23800e-01
9.55900e+03	8.88300e-01
1.00000e+04	8.54200e-01
1.04600e+04	8.21300e-01
1.09400e+04	7.89600e-01
1.14500e+04	7.59200e-01
1.19800e+04	7.29800e-01
1.25300e+04	7.01600e-01
1.31100e+04	6.74500e-01
1.37200e+04	6.48300e-01
1.43500e+04	6.23200e-01
1.50100e+04	5.98900e-01
1.57100e+04	5.75700e-01
1.64300e+04	5.53300e-01
1.71900e+04	5.31700e-01
1.79800e+04	5.11000e-01
1.88200e+04	4.91000e-01
1.96800e+04	4.71800e-01
2.05900e+04	4.53400e-01
2.15400e+04	4.35600e-01
2.25400e+04	4.18600e-01
2.35800e+04	4.02200e-01
2.46700e+04	3.86400e-01
2.58100e+04	3.71200e-01
2.70000e+04	3.56600e-01
2.82500e+04	3.42600e-01
2.95500e+04	3.29100e-01
3.09200e+04	3.16100e-01
3.23400e+04	3.03700e-01
3.38400e+04	2.91700e-01
3.54000e+04	2.80200e-01
3.70400e+04	2.69100e-01
3.87500e+04	2.58500e-01
4.05400e+04	2.48300e-01
4.24100e+04	2.38400e-01
4.43700e+04	2.29000e-01
4.64200e+04	2.19900e-01
4.85600e+04	2.11200e-01
5.08000e+04	2.02800e-01
5.31500e+04	1.94700e-01
5.56000e+04	1.87000e-01
5.81700e+04	1.79600e-01
6.08600e+04	1.72400e-01
6.36700e+04	1.65600e-01
6.66100e+04	1.59000e-01
6.96800e+04	1.52600e-01
7.29000e+04	1.46600e-01
7.62700e+04	1.40700e-01
7.97900e+04	1.35100e-01
8.34800e+04	1.29700e-01
8.73300e+04	1.24500e-01
9.13700e+04	1.19500e-01
9.55900e+04	1.14800e-01
1.00000e+05	1.10200e-01
1.04600e+05	1.05800e-01
1.09400e+05	1.01500e-01
1.14500e+05	9.74500e-02
1.19800e+05	9.35400e-02
1.25300e+05	8.97900e-02
1.31100e+05	8.61900e-02
1.37200e+05	8.27300e-02
1.43500e+05	7.94100e-02
1.50100e+05	7.62200e-02
1.57100e+05	7.31500e-02
1.64300e+05	7.02100e-02
1.71900e+05	6.73800e-02
1.79800e+05	6.46700e-02
1.88200e+05	6.20700e-02
1.96800e+05	5.95700e-02
2.05900e+05	5.71700e-02
2.15400e+05	5.48600e-02
2.25400e+05	5.26500e-02
2.35800e+05	5.05300e-02
2.46700e+05	4.84900e-02
2.58100e+05	4.65300e-02
2.70000e+05	4.46500e-02
2.82500e+05	4.28400e-02
2.95500e+05	4.11100e-02
3.09200e+05	3.94500e-02
3.23400e+05	3.78500e-02
3.38400e+05	3.63200e-02
3.54000e+05	3.48500e-02
3.70400e+05	3.34400e-02
3.87500e+05	3.20800e-02
4.05400e+05	3.07800e-02
4.24100e+05	2.95400e-02
4.43700e+05	2.83400e-02
4.64200e+05	2.71900e-02
4.85600e+05	2.60800e-02
5.08000e+05	2.50300e-02
5.31500e+05	2.40100e-02
5.56000e+05	2.30300e-02
5.81700e+05	2.21000e-02
6.08600e+05	2.12000e-02
6.36700e+05	2.03400e-02
6.66100e+05	1.95100e-02
6.96800e+05	1.87200e-02
7.29000e+05	1.79500e-02
7.62700e+05	1.72200e-02
7.97900e+05	1.65200e-02
8.34800e+05	1.58500e-02
8.73300e+05	1.52000e-02
9.13700e+05	1.45800e-02
9.55900e+05	1.39900e-02
1.00000e+06	1.34200e-02
