# HO2 cross section
256
1.00000e+01	0.00000e+00
1.04600e+01	0.00000e+00
1.09400e+01	0.00000e+00
1.14500e+01	0.00000e+00
1.19800e+01	3.84500e-02
1.25300e+01	1.46800e-01
1.31100e+01	3.16700e-01
1.37200e+01	4.98900e-01
1.43500e+01	6.91100e-01
1.50100e+01	8.90800e-01
1.57100e+01	1.12200e+00
1.64300e+01	1.37600e+00
1.71900e+01	1.64200e+00
1.79800e+01	1.97800e+00
1.88200e+01	2.35200e+00
1.96800e+01	2.75200e+00
2.05900e+01	3.20100e+00
2.15400e+01	3.65700e+00
2.25400e+01	4.11600e+00
2.35800e+01	4.57600e+00
2.46700e+01	5.03300e+00
2.58100e+01	5.48400e+00
2.70000e+01	5.92900e+00
2.82500e+01	6.36500e+00
2.95500e+01	6.79000e+00
3.09200e+01	7.20900e+00
3.23400e+01	7.62300e+00
3.38400e+01	8.02900e+00
3.54000e+01	8.42700e+00
3.70400e+01	8.80900e+00
3.87500e+01	9.17600e+00
4.05400e+01	9.52700e+00
4.24100e+01	9.86300e+00
4.43700e+01	1.01900e+01
4.64200e+01	1.05000e+01
4.85600e+01	1.08000e+01
5.08000e+01	1.10800e+01
5.31500e+01	1.13400e+01
5.56000e+01	1.15800e+01
5.81700e+01	1.18000e+01
6.08600e+01	1.20000e+01
6.36700e+01	1.21800e+01
6.66100e+01	1.23400e+01
6.96800e+01	1.24800e+01
7.29000e+01	1.26100e+01
7.62700e+01	1.27100e+01
7.97900e+01	1.27900e+01
8.34800e+01	1.28600e+01
8.73300e+01	1.29100e+01
9.13700e+01	1.29400e+01
9.55900e+01	1.29500e+01
1.00000e+02	1.29500e+01
1.04600e+02	1.29300e+01
1.09400e+02	1.28900e+01
1.14500e+02	1.28400e+01
1.19800e+02	1.27800e+01
1.25300e+02	1.27000e+01
1.31100e+02	1.26100e+01
1.37200e+02	1.25100e+01
1.43500e+02	1.23900e+01
1.50100e+02	1.22700e+01
1.57100e+02	1.21300e+01
1.64300e+02	1.19900e+01
1.71900e+02	1.18400e+01
1.79800e+02	1.16700e+01
1.88200e+02	1.15000e+01
1.96800e+02	1.13300e+01
2.05900e+02	1.11500e+01
2.15400e+02	1.09600e+01
2.25400e+02	1.07700e+01
2.35800e+02	1.05700e+01
2.46700e+02	1.03700e+01
2.58100e+02	1.01700e+01
2.70000e+02	9.96000e+00
2.82500e+02	9.75100e+00
2.95500e+02	9.54100e+00
3.09200e+02	9.33100e+00
3.23400e+02	9.11900e+00
3.38400e+02	8.90700e+00
3.54000e+02	8.69500e+00
3.70400e+02	8.48400e+00
3.87500e+02	8.27300e+00
4.05400e+02	8.06400e+00
4.24100e+02	7.85600e+00
4.43700e+02	7.65000e+00
4.64200e+02	7.44600e+00
4.85600e+02	7.24400e+00
5.08000e+02	7.04500e+00
5.31500e+02	6.84800e+00
5.56000e+02	6.65400e+00
5.81700e+02	6.46300e+00
6.08600e+02	6.27600e+00
6.36700e+02	6.09100e+00
6.66100e+02	5.91000e+00
6.96800e+02	5.73300e+00
7.29000e+02	5.55900e+00
7.62700e+02	5.38800e+00
7.97900e+02	5.22100e+00
8.34800e+02	5.05800e+00
8.73300e+02	4.89900e+00
9.13700e+02	4.74300e+00
9.55900e+02	4.59100e+00
1.00000e+03	4.44300e+00
1.04600e+03	4.29800e+00
1.09400e+03	4.15700e+00
1.14500e+03	4.02000e+00
1.19800e+03	3.88700e+00
1.25300e+03	3.75700e+00
1.31100e+03	3.63000e+00
1.37200e+03	3.50800e+00
1.43500e+03	3.38800e+00
1.50100e+03	3.27200e+00
1.57100e+03	3.16000e+00
1.64300e+03	3.05100e+00
1.71900e+03	2.94500e+00
1.79800e+03	2.84200e+00
1.88200e+03	2.74200e+00
1.96800e+03	2.64600e+00
2.05900e+03	2.55200e+00
2.15400e+03	2.46200e+00
2.25400e+03	2.37400e+00
2.35800e+03	2.28900e+00
2.46700e+03	2.20700e+00
2.58100e+03	2.12800e+00
2.70000e+03	2.05100e+00
2.82500e+03	1.97700e+00
2.95500e+03	1.90500e+00
3.09200e+03	1.83500e+00
3.23400e+03	1.76800e+00
3.38400e+03	1.70300e+00
3.54000e+03	1.64100e+00
3.70400e+03	1.58000e+00
3.87500e+03	1.52200e+00
4.05400e+03	1.46600e+00
4.24100e+03	1.41100e+00
4.43700e+03	1.35900e+00
4.64200e+03	1.30800e+00
4.85600e+03	1.25900e+00
5.08000e+03	1.21200e+00
5.31500e+03	1.16600e+00
5.56000e+03	1.12300e+00
5.81700e+03	1.08000e+00
6.08600e+03	1.03900e+00
6.36700e+03	1.00000e+00
6.66100e+03	9.62300e-01
6.96800e+03	9.25800e-01
7.29000e+03	8.90600e-01
7.62700e+03	8.56700e-01
7.97900e+03	8.24000e-01
8.34800e+03	7.92500e-01
8.73300e+03	7.62200e-01
9.13700e+03	7.33000e-01
9.55900e+03	7.04900e-01
1.00000e+04	6.77900e-01
1.04600e+04	6.51800e-01
1.09400e+04	6.26700e-01
1.14500e+04	6.02500e-01
1.19800e+04	5.79300e-01
1.25300e+04	5.56900e-01
1.31100e+04	5.35300e-01
1.37200e+04	5.14600e-01
1.43500e+04	4.94600e-01
1.50100e+04	4.75400e-01
1.57100e+04	4.57000e-01
1.64300e+04	4.39200e-01
1.71900e+04	4.22100e-01
1.79800e+04	4.05600e-01
1.88200e+04	3.89800e-01
1.96800e+04	3.74600e-01
2.05900e+04	3.59900e-01
2.15400e+04	3.45900e-01
2.25400e+04	3.32300e-01
2.35800e+04	3.19300e-01
2.46700e+04	3.06800e-01
2.58100e+04	2.94700e-01
2.70000e+04	2.83100e-01
2.82500e+04	2.72000e-01
2.95500e+04	2.61300e-01
3.09200e+04	2.51000e-01
3.23400e+04	2.41100e-01
3.38400e+04	2.31600e-01
3.54000e+04	2.22500e-01
3.70400e+04	2.13700e-01
3.87500e+04	2.05200e-01
4.05400e+04	1.97100e-01
4.24100e+04	1.89300e-01
4.43700e+04	1.81800e-01
4.64200e+04	1.74600e-01
4.85600e+04	1.67700e-01
5.08000e+04	1.61000e-01
5.31500e+04	1.54600e-01
5.56000e+04	1.48500e-01
5.81700e+04	1.42600e-01
6.08600e+04	1.36900e-01
6.36700e+04	1.31500e-01
6.66100e+04	1.26200e-01
6.96800e+04	1.21200e-01
7.29000e+04	1.16400e-01
7.62700e+04	1.11700e-01
7.97900e+04	1.07300e-01
8.34800e+04	1.03000e-01
8.73300e+04	9.88800e-02
9.13700e+04	9.49200e-02
9.55900e+04	9.11300e-02
1.00000e+05	8.74800e-02
1.04600e+05	8.39800e-02
1.09400e+05	8.06200e-02
1.14500e+05	7.73800e-02
1.19800e+05	7.42800e-02
1.25300e+05	7.13000e-02
1.31100e+05	6.84400e-02
1.37200e+05	6.56900e-02
1.43500e+05	6.30600e-02
1.50100e+05	6.05200e-02
1.57100e+05	5.80900e-02
1.64300e+05	5.57500e-02
1.71900e+05	5.35100e-02
1.79800e+05	5.13600e-02
1.88200e+05	4.92900e-02
1.96800e+05	4.73000e-02
2.05900e+05	4.54000e-02
2.15400e+05	4.35700e-02
2.25400e+05	4.18100e-02
2.35800e+05	4.01200e-02
2.46700e+05	3.85000e-02
2.58100e+05	3.69500e-02
2.70000e+05	3.54500e-02
2.82500e+05	3.40200e-02
2.95500e+05	3.26500e-02
3.09200e+05	3.13300e-02
3.23400e+05	3.00600e-02
3.38400e+05	2.88400e-02
3.54000e+05	2.76700e-02
3.70400e+05	2.65500e-02
3.87500e+05	2.54800e-02
4.05400e+05	2.44400e-02
4.24100e+05	2.34500e-02
4.43700e+05	2.25000e-02
4.64200e+05	2.15900e-02
4.85600e+05	2.07100e-02
5.08000e+05	1.98700e-02
5.31500e+05	1.90600e-02
5.56000e+05	1.82900e-02
5.81700e+05	1.75500e-02
6.08600e+05	1.68300e-02
6.36700e+05	1.61500e-02
6.66100e+05	1.54900e-02
6.96800e+05	1.48600e-02
7.29000e+05	1.42600e-02
7.62700e+05	1.36800e-02
7.97900e+05	1.31200e-02
8.34800e+05	1.25800e-02
8.73300e+05	1.20700e-02
9.13700e+05	1.15800e-02
9.55900e+05	1.11100e-02
1.00000e+06	1.06500e-02
