# l-C3H6 cross section
256
1.00000e+01	1.69600e-02
1.04600e+01	2.50300e-01
1.09400e+01	5.03900e-01
1.14500e+01	7.73100e-01
1.19800e+01	1.05400e+00
1.25300e+01	1.39100e+00
1.31100e+01	1.85600e+00
1.37200e+01	2.42000e+00
1.43500e+01	3.06500e+00
1.50100e+01	3.85600e+00
1.57100e+01	4.80900e+00
1.64300e+01	5.85300e+00
1.71900e+01	6.96900e+00
1.79800e+01	8.09800e+00
1.88200e+01	9.22900e+00
1.96800e+01	1.03500e+01
2.05900e+01	1.14600e+01
2.15400e+01	1.26200e+01
2.25400e+01	1.37600e+01
2.35800e+01	1.48700e+01
2.46700e+01	1.59600e+01
2.58100e+01	1.70200e+01
2.70000e+01	1.80800e+01
2.82500e+01	1.90900e+01
2.95500e+01	2.00800e+01
3.09200e+01	2.10500e+01
3.23400e+01	2.19800e+01
3.38400e+01	2.28500e+01
3.54000e+01	2.36800e+01
3.70400e+01	2.44500e+01
3.87500e+01	2.51700e+01
4.05400e+01	2.58300e+01
4.24100e+01	2.64400e+01
4.43700e+01	2.70000e+01
4.64200e+01	2.75000e+01
4.85600e+01	2.79400e+01
5.08000e+01	2.83300e+01
5.31500e+01	2.86700e+01
5.56000e+01	2.89600e+01
5.81700e+01	2.91900e+01
6.08600e+01	2.93800e+01
6.36700e+01	2.95100e+01
6.66100e+01	2.96000e+01
6.96800e+01	2.96500e+01
7.29000e+01	2.96500e+01
7.62700e+01	2.96100e+01
7.97900e+01	2.95300e+01
8.34800e+01	2.94200e+01
8.73300e+01	2.92600e+01
9.13700e+01	2.90800e+01
9.55900e+01	2.88600e+01
1.00000e+02	2.86100e+01
1.04600e+02	2.83300e+01
1.09400e+02	2.80300e+01
1.14500e+02	2.77000e+01
1.19800e+02	2.73500e+01
1.25300e+02	2.69800e+01
1.31100e+02	2.65900e+01
1.37200e+02	2.61900e+01
1.43500e+02	2.57700e+01
1.50100e+02	2.53300e+01
1.57100e+02	2.48800e+01
1.64300e+02	2.44300e+01
1.71900e+02	2.39600e+01
1.79800e+02	2.34800e+01
1.88200e+02	2.30000e+01
1.96800e+02	2.25200e+01
2.05900e+02	2.20300e+01
2.15400e+02	2.15400e+01
2.25400e+02	2.10400e+01
2.35800e+02	2.05500e+01
2.46700e+02	2.00600e+01
2.58100e+02	1.95600e+01
2.70000e+02	1.90700e+01
2.82500e+02	1.85900e+01
2.95500e+02	1.81000e+01
3.09200e+02	1.76200e+01
3.23400e+02	1.71500e+01
3.38400e+02	1.66800e+01
3.54000e+02	1.62200e+01
3.70400e+02	1.57700e+01
3.87500e+02	1.53200e+01
4.05400e+02	1.48800e+01
4.24100e+02	1.44400e+01
4.43700e+02	1.40200e+01
4.64200e+02	1.36000e+01
4.85600e+02	1.31900e+01
5.08000e+02	1.27900e+01
5.31500e+02	1.24000e+01
5.56000e+02	1.20100e+01
5.81700e+02	1.16300e+01
6.08600e+02	1.12700e+01
6.36700e+02	1.09100e+01
6.66100e+02	1.05600e+01
6.96800e+02	1.02200e+01
7.29000e+02	9.88500e+00
7.62700e+02	9.56100e+00
7.97900e+02	9.24500e+00
8.34800e+02	8.93800e+00
8.73300e+02	8.64000e+00
9.13700e+02	8.34900e+00
9.55900e+02	8.06700e+00
1.00000e+03	7.79300e+00
1.04600e+03	7.52700e+00
1.09400e+03	7.26800e+00
1.14500e+03	7.01800e+00
1.19800e+03	6.77500e+00
1.25300e+03	6.53900e+00
1.31100e+03	6.31000e+00
1.37200e+03	6.08900e+00
1.43500e+03	5.87400e+00
1.50100e+03	5.66600e+00
1.57100e+03	5.46500e+00
1.64300e+03	5.27000e+00
1.71900e+03	5.08100e+00
1.79800e+03	4.89900e+00
1.88200e+03	4.72300e+00
1.96800e+03	4.55200e+00
2.05900e+03	4.38700e+00
2.15400e+03	4.22800e+00
2.25400e+03	4.07400e+00
2.35800e+03	3.92500e+00
2.46700e+03	3.78100e+00
2.58100e+03	3.64200e+00
2.70000e+03	3.50800e+00
2.82500e+03	3.37800e+00
2.95500e+03	3.25300e+00
3.09200e+03	3.13300e+00
3.23400e+03	3.01600e+00
3.38400e+03	2.90400e+00
3.54000e+03	2.79600e+00
3.70400e+03	2.69100e+00
3.87500e+03	2.59000e+00
4.05400e+03	2.49300e+00
4.24100e+03	2.39900e+00
4.43700e+03	2.30900e+00
4.64200e+03	2.22100e+00
4.85600e+03	2.13700e+00
5.08000e+03	2.05700e+00
5.31500e+03	1.97800e+00
5.56000e+03	1.90300e+00
5.81700e+03	1.83100e+00
6.08600e+03	1.76100e+00
6.36700e+03	1.69400e+00
6.66100e+03	1.62900e+00
6.96800e+03	1.56700e+00
7.29000e+03	1.50700e+00
7.62700e+03	1.44900e+00
7.97900e+03	1.39300e+00
8.34800e+03	1.34000e+00
8.73300e+03	1.28800e+00
9.13700e+03	1.23800e+00
9.55900e+03	1.19100e+00
1.00000e+04	1.14400e+00
1.04600e+04	1.10000e+00
1.09400e+04	1.05800e+00
1.14500e+04	1.01700e+00
1.19800e+04	9.77100e-01
1.25300e+04	9.39100e-01
1.31100e+04	9.02600e-01
1.37200e+04	8.67500e-01
1.43500e+04	8.33600e-01
1.50100e+04	8.01100e-01
1.57100e+04	7.69800e-01
1.64300e+04	7.39800e-01
1.71900e+04	7.10800e-01
1.79800e+04	6.83000e-01
1.88200e+04	6.56200e-01
1.96800e+04	6.30500e-01
2.05900e+04	6.05800e-01
2.15400e+04	5.82000e-01
2.25400e+04	5.59100e-01
2.35800e+04	5.37100e-01
2.46700e+04	5.16000e-01
2.58100e+04	4.95600e-01
2.70000e+04	4.76100e-01
2.82500e+04	4.57300e-01
2.95500e+04	4.39300e-01
3.09200e+04	4.21900e-01
3.23400e+04	4.05200e-01
3.38400e+04	3.89200e-01
3.54000e+04	3.73800e-01
3.70400e+04	3.59000e-01
3.87500e+04	3.44800e-01
4.05400e+04	3.31100e-01
4.24100e+04	3.18000e-01
4.43700e+04	3.05300e-01
4.64200e+04	2.93200e-01
4.85600e+04	2.81600e-01
5.08000e+04	2.70400e-01
5.31500e+04	2.59600e-01
5.56000e+04	2.49300e-01
5.81700e+04	2.39300e-01
6.08600e+04	2.29800e-01
6.36700e+04	2.20600e-01
6.66100e+04	2.11800e-01
6.96800e+04	2.03400e-01
7.29000e+04	1.95200e-01
7.62700e+04	1.87400e-01
7.97900e+04	1.79900e-01
8.34800e+04	1.72800e-01
8.73300e+04	1.65800e-01
9.13700e+04	1.59200e-01
9.55900e+04	1.52800e-01
1.00000e+05	1.46700e-01
1.04600e+05	1.40800e-01
1.09400e+05	1.35200e-01
1.14500e+05	1.29700e-01
1.19800e+05	1.24500e-01
1.25300e+05	1.19500e-01
1.31100e+05	1.14700e-01
1.37200e+05	1.10100e-01
1.43500e+05	1.05700e-01
1.50100e+05	1.01400e-01
1.57100e+05	9.73500e-02
1.64300e+05	9.34300e-02
1.71900e+05	8.96600e-02
1.79800e+05	8.60500e-02
1.88200e+05	8.25800e-02
1.96800e+05	7.92500e-02
2.05900e+05	7.60500e-02
2.15400e+05	7.29800e-02
2.25400e+05	7.00300e-02
2.35800e+05	6.72000e-02
2.46700e+05	6.44900e-02
2.58100e+05	6.18800e-02
2.70000e+05	5.93800e-02
2.82500e+05	5.69700e-02
2.95500e+05	5.46700e-02
3.09200e+05	5.24500e-02
3.23400e+05	5.03300e-02
3.38400e+05	4.82900e-02
3.54000e+05	4.63300e-02
3.70400e+05	4.44500e-02
3.87500e+05	4.26500e-02
4.05400e+05	4.09200e-02
4.24100e+05	3.92600e-02
4.43700e+05	3.76700e-02
4.64200e+05	3.61400e-02
4.85600e+05	3.46700e-02
5.08000e+05	3.32600e-02
5.31500e+05	3.19100e-02
5.56000e+05	3.06100e-02
5.81700e+05	2.93600e-02
6.08600e+05	2.81700e-02
6.36700e+05	2.70200e-02
6.66100e+05	2.59200e-02
6.96800e+05	2.48700e-02
7.29000e+05	2.38500e-02
7.62700e+05	2.28800e-02
7.97900e+05	2.19500e-02
8.34800e+05	2.10500e-02
8.73300e+05	2.01900e-02
9.13700e+05	1.93700e-02
9.55900e+05	1.85800e-02
1.00000e+06	1.78200e-02
