# l-C3H+ cross section
256
1.00000e+01	0.00000e+00
1.04600e+01	0.00000e+00
1.09400e+01	0.00000e+00
1.14500e+01	0.00000e+00
1.19800e+01	0.00000e+00
1.25300e+01	0.00000e+00
1.31100e+01	0.00000e+00
1.37200e+01	0.00000e+00
1.43500e+01	0.00000e+00
1.50100e+01	0.00000e+00
1.57100e+01	0.00000e+00
1.64300e+01	0.00000e+00
1.71900e+01	0.00000e+00
1.79800e+01	0.00000e+00
1.88200e+01	0.00000e+00
1.96800e+01	0.00000e+00
2.05900e+01	5.28700e-02
2.15400e+01	1.80900e-01
2.25400e+01	4.07200e-01
2.35800e+01	6.47300e-01
2.46700e+01	8.97400e-01
2.58100e+01	1.15400e+00
2.70000e+01	1.42000e+00
2.82500e+01	1.72900e+00
2.95500e+01	2.04000e+00
3.09200e+01	2.35100e+00
3.23400e+01	2.68600e+00
3.38400e+01	3.02400e+00
3.54000e+01	3.35800e+00
3.70400e+01	3.68400e+00
3.87500e+01	4.01200e+00
4.05400e+01	4.34500e+00
4.24100e+01	4.66700e+00
4.43700e+01	4.97800e+00
4.64200e+01	5.27700e+00
4.85600e+01	5.56200e+00
5.08000e+01	5.83200e+00
5.31500e+01	6.08700e+00
5.56000e+01	6.32700e+00
5.81700e+01	6.55100e+00
6.08600e+01	6.75900e+00
6.36700e+01	6.95000e+00
6.66100e+01	7.12400e+00
6.96800e+01	7.28300e+00
7.29000e+01	7.42500e+00
7.62700e+01	7.55100e+00
7.97900e+01	7.66100e+00
8.34800e+01	7.75600e+00
8.73300e+01	7.83600e+00
9.13700e+01	7.90100e+00
9.55900e+01	7.95200e+00
1.00000e+02	7.98900e+00
1.04600e+02	8.01300e+00
1.09400e+02	8.02400e+00
1.14500e+02	8.02300e+00
1.19800e+02	8.01000e+00
1.25300e+02	7.98600e+00
1.31100e+02	7.95200e+00
1.37200e+02	7.90700e+00
1.43500e+02	7.85400e+00
1.50100e+02	7.79100e+00
1.57100e+02	7.72000e+00
1.64300e+02	7.64200e+00
1.71900e+02	7.55600e+00
1.79800e+02	7.46400e+00
1.88200e+02	7.36600e+00
1.96800e+02	7.26300e+00
2.05900e+02	7.15400e+00
2.15400e+02	7.04100e+00
2.25400e+02	6.92400e+00
2.35800e+02	6.80300e+00
2.46700e+02	6.68000e+00
2.58100e+02	6.55400e+00
2.70000e+02	6.42500e+00
2.82500e+02	6.29500e+00
2.95500e+02	6.16300e+00
3.09200e+02	6.03000e+00
3.23400e+02	5.89600e+00
3.38400e+02	5.76300e+00
3.54000e+02	5.62900e+00
3.70400e+02	5.49600e+00
3.87500e+02	5.36300e+00
4.05400e+02	5.23000e+00
4.24100e+02	5.09800e+00
4.43700e+02	4.96700e+00
4.64200e+02	4.83800e+00
4.85600e+02	4.70900e+00
5.08000e+02	4.58200e+00
5.31500e+02	4.45700e+00
5.56000e+02	4.33300e+00
5.81700e+02	4.21100e+00
6.08600e+02	4.09100e+00
6.36700e+02	3.97300e+00
6.66100e+02	3.85700e+00
6.96800e+02	3.74300e+00
7.29000e+02	3.63100e+00
7.62700e+02	3.52100e+00
7.97900e+02	3.41400e+00
8.34800e+02	3.30900e+00
8.73300e+02	3.20700e+00
9.13700e+02	3.10600e+00
9.55900e+02	3.00800e+00
1.00000e+03	2.91300e+00
1.04600e+03	2.81900e+00
1.09400e+03	2.72800e+00
1.14500e+03	2.64000e+00
1.19800e+03	2.55300e+00
1.25300e+03	2.46900e+00
1.31100e+03	2.38700e+00
1.37200e+03	2.30800e+00
1.43500e+03	2.23000e+00
1.50100e+03	2.15500e+00
1.57100e+03	2.08200e+00
1.64300e+03	2.01100e+00
1.71900e+03	1.94200e+00
1.79800e+03	1.87500e+00
1.88200e+03	1.81100e+00
1.96800e+03	1.74800e+00
2.05900e+03	1.68700e+00
2.15400e+03	1.62800e+00
2.25400e+03	1.57000e+00
2.35800e+03	1.51500e+00
2.46700e+03	1.46100e+00
2.58100e+03	1.40900e+00
2.70000e+03	1.35900e+00
2.82500e+03	1.31100e+00
2.95500e+03	1.26300e+00
3.09200e+03	1.21800e+00
3.23400e+03	1.17400e+00
3.38400e+03	1.13100e+00
3.54000e+03	1.09000e+00
3.70400e+03	1.05100e+00
3.87500e+03	1.01200e+00
4.05400e+03	9.75100e-01
4.24100e+03	9.39300e-01
4.43700e+03	9.04700e-01
4.64200e+03	8.71300e-01
4.85600e+03	8.39100e-01
5.08000e+03	8.07900e-01
5.31500e+03	7.77900e-01
5.56000e+03	7.48900e-01
5.81700e+03	7.21000e-01
6.08600e+03	6.94000e-01
6.36700e+03	6.68000e-01
6.66100e+03	6.43000e-01
6.96800e+03	6.18800e-01
7.29000e+03	5.95500e-01
7.62700e+03	5.73000e-01
7.97900e+03	5.51300e-01
8.34800e+03	5.30500e-01
8.73300e+03	5.10400e-01
9.13700e+03	4.91000e-01
9.55900e+03	4.72300e-01
1.00000e+04	4.54300e-01
1.04600e+04	4.37000e-01
1.09400e+04	4.20300e-01
1.14500e+04	4.04200e-01
1.19800e+04	3.88700e-01
1.25300e+04	3.73800e-01
1.31100e+04	3.59400e-01
1.37200e+04	3.45600e-01
1.43500e+04	3.32300e-01
1.50100e+04	3.19500e-01
1.57100e+04	3.07200e-01
1.64300e+04	2.95300e-01
1.71900e+04	2.83900e-01
1.79800e+04	2.72900e-01
1.88200e+04	2.62300e-01
1.96800e+04	2.52100e-01
2.05900e+04	2.42300e-01
2.15400e+04	2.32900e-01
2.25400e+04	2.23900e-01
2.35800e+04	2.15100e-01
2.46700e+04	2.06800e-01
2.58100e+04	1.98700e-01
2.70000e+04	1.90900e-01
2.82500e+04	1.83500e-01
2.95500e+04	1.76300e-01
3.09200e+04	1.69400e-01
3.23400e+04	1.62700e-01
3.38400e+04	1.56400e-01
3.54000e+04	1.50200e-01
3.70400e+04	1.44300e-01
3.87500e+04	1.38600e-01
4.05400e+04	1.33200e-01
4.24100e+04	1.27900e-01
4.43700e+04	1.22900e-01
4.64200e+04	1.18100e-01
4.85600e+04	1.13400e-01
5.08000e+04	1.08900e-01
5.31500e+04	1.04600e-01
5.56000e+04	1.00500e-01
5.81700e+04	9.65100e-02
6.08600e+04	9.26900e-02
6.36700e+04	8.90200e-02
6.66100e+04	8.54900e-02
6.96800e+04	8.21000e-02
7.29000e+04	7.88400e-02
7.62700e+04	7.57100e-02
7.97900e+04	7.27000e-02
8.34800e+04	6.98100e-02
8.73300e+04	6.70300e-02
9.13700e+04	6.43700e-02
9.55900e+04	6.18000e-02
1.00000e+05	5.93400e-02
1.04600e+05	5.69800e-02
1.09400e+05	5.47000e-02
1.14500e+05	5.25200e-02
1.19800e+05	5.04200e-02
1.25300e+05	4.84100e-02
1.31100e+05	4.64700e-02
1.37200e+05	4.46200e-02
1.43500e+05	4.28300e-02
1.50100e+05	4.11200e-02
1.57100e+05	3.94700e-02
1.64300e+05	3.78900e-02
1.71900e+05	3.63700e-02
1.79800e+05	3.49100e-02
1.88200e+05	3.35100e-02
1.96800e+05	3.21700e-02
2.05900e+05	3.08700e-02
2.15400e+05	2.96300e-02
2.25400e+05	2.84400e-02
2.35800e+05	2.73000e-02
2.46700e+05	2.62000e-02
2.58100e+05	2.51500e-02
2.70000e+05	2.41300e-02
2.82500e+05	2.31600e-02
2.95500e+05	2.22300e-02
3.09200e+05	2.13300e-02
3.23400e+05	2.04700e-02
3.38400e+05	1.96500e-02
3.54000e+05	1.88500e-02
3.70400e+05	1.80900e-02
3.87500e+05	1.73600e-02
4.05400e+05	1.66600e-02
4.24100e+05	1.59900e-02
4.43700e+05	1.53400e-02
4.64200e+05	1.47200e-02
4.85600e+05	1.41200e-02
5.08000e+05	1.35500e-02
5.31500e+05	1.30000e-02
5.56000e+05	1.24800e-02
5.81700e+05	1.19700e-02
6.08600e+05	1.14900e-02
6.36700e+05	1.10200e-02
6.66100e+05	1.05700e-02
6.96800e+05	1.01400e-02
7.29000e+05	9.73300e-03
7.62700e+05	9.33800e-03
7.97900e+05	8.95900e-03
8.34800e+05	8.59500e-03
8.73300e+05	8.24500e-03
9.13700e+05	7.91000e-03
9.55900e+05	7.58800e-03
1.00000e+06	7.28000e-03
