# l-C3H2 cross section
256
1.00000e+01	0.00000e+00
1.04600e+01	0.00000e+00
1.09400e+01	2.49000e-01
1.14500e+01	6.68400e-01
1.19800e+01	1.11800e+00
1.25300e+01	1.59100e+00
1.31100e+01	2.22200e+00
1.37200e+01	2.90200e+00
1.43500e+01	3.59900e+00
1.50100e+01	4.30800e+00
1.57100e+01	5.02100e+00
1.64300e+01	5.73500e+00
1.71900e+01	6.51500e+00
1.79800e+01	7.33300e+00
1.88200e+01	8.21700e+00
1.96800e+01	9.11000e+00
2.05900e+01	9.99500e+00
2.15400e+01	1.08700e+01
2.25400e+01	1.17200e+01
2.35800e+01	1.25400e+01
2.46700e+01	1.33400e+01
2.58100e+01	1.41200e+01
2.70000e+01	1.48900e+01
2.82500e+01	1.56400e+01
2.95500e+01	1.63600e+01
3.09200e+01	1.70600e+01
3.23400e+01	1.77400e+01
3.38400e+01	1.83900e+01
3.54000e+01	1.90000e+01
3.70400e+01	1.95700e+01
3.87500e+01	2.01100e+01
4.05400e+01	2.06000e+01
4.24100e+01	2.10500e+01
4.43700e+01	2.14600e+01
4.64200e+01	2.18300e+01
4.85600e+01	2.21500e+01
5.08000e+01	2.24400e+01
5.31500e+01	2.26900e+01
5.56000e+01	2.28900e+01
5.81700e+01	2.30600e+01
6.08600e+01	2.31900e+01
6.36700e+01	2.32900e+01
6.66100e+01	2.33500e+01
6.96800e+01	2.33800e+01
7.29000e+01	2.33700e+01
7.62700e+01	2.33300e+01
7.97900e+01	2.32600e+01
8.34800e+01	2.31600e+01
8.73300e+01	2.30400e+01
9.13700e+01	2.28900e+01
9.55900e+01	2.27100e+01
1.00000e+02	2.25100e+01
1.04600e+02	2.22900e+01
1.09400e+02	2.20600e+01
1.14500e+02	2.18000e+01
1.19800e+02	2.15200e+01
1.25300e+02	2.12300e+01
1.31100e+02	2.09200e+01
1.37200e+02	2.06000e+01
1.43500e+02	2.02700e+01
1.50100e+02	1.99300e+01
1.57100e+02	1.95800e+01
1.64300e+02	1.92200e+01
1.71900e+02	1.88600e+01
1.79800e+02	1.84800e+01
1.88200e+02	1.81100e+01
1.96800e+02	1.77300e+01
2.05900e+02	1.73400e+01
2.15400e+02	1.69600e+01
2.25400e+02	1.65700e+01
2.35800e+02	1.61800e+01
2.46700e+02	1.58000e+01
2.58100e+02	1.54100e+01
2.70000e+02	1.50300e+01
2.82500e+02	1.46400e+01
2.95500e+02	1.42600e+01
3.09200e+02	1.38900e+01
3.23400e+02	1.35200e+01
3.38400e+02	1.31500e+01
3.54000e+02	1.27900e+01
3.70400e+02	1.24300e+01
3.87500e+02	1.20800e+01
4.05400e+02	1.17300e+01
4.24100e+02	1.13900e+01
4.43700e+02	1.10600e+01
4.64200e+02	1.07300e+01
4.85600e+02	1.04100e+01
5.08000e+02	1.00900e+01
5.31500e+02	9.78100e+00
5.56000e+02	9.47900e+00
5.81700e+02	9.18300e+00
6.08600e+02	8.89400e+00
6.36700e+02	8.61200e+00
6.66100e+02	8.33700e+00
6.96800e+02	8.06800e+00
7.29000e+02	7.80600e+00
7.62700e+02	7.55100e+00
7.97900e+02	7.30300e+00
8.34800e+02	7.06100e+00
8.73300e+02	6.82600e+00
9.13700e+02	6.59700e+00
9.55900e+02	6.37400e+00
1.00000e+03	6.15800e+00
1.04600e+03	5.94800e+00
1.09400e+03	5.74500e+00
1.14500e+03	5.54700e+00
1.19800e+03	5.35500e+00
1.25300e+03	5.16900e+00
1.31100e+03	4.98900e+00
1.37200e+03	4.81400e+00
1.43500e+03	4.64500e+00
1.50100e+03	4.48100e+00
1.57100e+03	4.32200e+00
1.64300e+03	4.16800e+00
1.71900e+03	4.01900e+00
1.79800e+03	3.87500e+00
1.88200e+03	3.73600e+00
1.96800e+03	3.60100e+00
2.05900e+03	3.47100e+00
2.15400e+03	3.34500e+00
2.25400e+03	3.22300e+00
2.35800e+03	3.10500e+00
2.46700e+03	2.99200e+00
2.58100e+03	2.88200e+00
2.70000e+03	2.77600e+00
2.82500e+03	2.67400e+00
2.95500e+03	2.57500e+00
3.09200e+03	2.47900e+00
3.23400e+03	2.38700e+00
3.38400e+03	2.29800e+00
3.54000e+03	2.21300e+00
3.70400e+03	2.13000e+00
3.87500e+03	2.05000e+00
4.05400e+03	1.97300e+00
4.24100e+03	1.89900e+00
4.43700e+03	1.82800e+00
4.64200e+03	1.75900e+00
4.85600e+03	1.69200e+00
5.08000e+03	1.62800e+00
5.31500e+03	1.56600e+00
5.56000e+03	1.50700e+00
5.81700e+03	1.45000e+00
6.08600e+03	1.39400e+00
6.36700e+03	1.34100e+00
6.66100e+03	1.29000e+00
6.96800e+03	1.24100e+00
7.29000e+03	1.19300e+00
7.62700e+03	1.14700e+00
7.97900e+03	1.10300e+00
8.34800e+03	1.06100e+00
8.73300e+03	1.02000e+00
9.13700e+03	9.80600e-01
9.55900e+03	9.42800e-01
1.00000e+04	9.06400e-01
1.04600e+04	8.71300e-01
1.09400e+04	8.37500e-01
1.14500e+04	8.05100e-01
1.19800e+04	7.73800e-01
1.25300e+04	7.43800e-01
1.31100e+04	7.14800e-01
1.37200e+04	6.87000e-01
1.43500e+04	6.60200e-01
1.50100e+04	6.34500e-01
1.57100e+04	6.09700e-01
1.64300e+04	5.85900e-01
1.71900e+04	5.63000e-01
1.79800e+04	5.40900e-01
1.88200e+04	5.19800e-01
1.96800e+04	4.99400e-01
2.05900e+04	4.79800e-01
2.15400e+04	4.60900e-01
2.25400e+04	4.42800e-01
2.35800e+04	4.25400e-01
2.46700e+04	4.08700e-01
2.58100e+04	3.92600e-01
2.70000e+04	3.77100e-01
2.82500e+04	3.62200e-01
2.95500e+04	3.47900e-01
3.09200e+04	3.34200e-01
3.23400e+04	3.21000e-01
3.38400e+04	3.08300e-01
3.54000e+04	2.96100e-01
3.70400e+04	2.84300e-01
3.87500e+04	2.73100e-01
4.05400e+04	2.62200e-01
4.24100e+04	2.51800e-01
4.43700e+04	2.41800e-01
4.64200e+04	2.32200e-01
4.85600e+04	2.23000e-01
5.08000e+04	2.14100e-01
5.31500e+04	2.05600e-01
5.56000e+04	1.97400e-01
5.81700e+04	1.89600e-01
6.08600e+04	1.82000e-01
6.36700e+04	1.74700e-01
6.66100e+04	1.67800e-01
6.96800e+04	1.61100e-01
7.29000e+04	1.54600e-01
7.62700e+04	1.48500e-01
7.97900e+04	1.42500e-01
8.34800e+04	1.36800e-01
8.73300e+04	1.31300e-01
9.13700e+04	1.26100e-01
9.55900e+04	1.21000e-01
1.00000e+05	1.16200e-01
1.04600e+05	1.11500e-01
1.09400e+05	1.07000e-01
1.14500e+05	1.02700e-01
1.19800e+05	9.86200e-02
1.25300e+05	9.46600e-02
1.31100e+05	9.08600e-02
1.37200e+05	8.72000e-02
1.43500e+05	8.37000e-02
1.50100e+05	8.03300e-02
1.57100e+05	7.70900e-02
1.64300e+05	7.39900e-02
1.71900e+05	7.10100e-02
1.79800e+05	6.81500e-02
1.88200e+05	6.54000e-02
1.96800e+05	6.27600e-02
2.05900e+05	6.02300e-02
2.15400e+05	5.77900e-02
2.25400e+05	5.54600e-02
2.35800e+05	5.32200e-02
2.46700e+05	5.10700e-02
2.58100e+05	4.90000e-02
2.70000e+05	4.70200e-02
2.82500e+05	4.51200e-02
2.95500e+05	4.32900e-02
3.09200e+05	4.15400e-02
3.23400e+05	3.98600e-02
3.38400e+05	3.82400e-02
3.54000e+05	3.66900e-02
3.70400e+05	3.52000e-02
3.87500e+05	3.37800e-02
4.05400e+05	3.24100e-02
4.24100e+05	3.10900e-02
4.43700e+05	2.98300e-02
4.64200e+05	2.86200e-02
4.85600e+05	2.74500e-02
5.08000e+05	2.63400e-02
5.31500e+05	2.52700e-02
5.56000e+05	2.42400e-02
5.81700e+05	2.32500e-02
6.08600e+05	2.23100e-02
6.36700e+05	2.14000e-02
6.66100e+05	2.05300e-02
6.96800e+05	1.96900e-02
7.29000e+05	1.88900e-02
7.62700e+05	1.81200e-02
7.97900e+05	1.73800e-02
8.34800e+05	1.66700e-02
8.73300e+05	1.59900e-02
9.13700e+05	1.53400e-02
9.55900e+05	1.47100e-02
1.00000e+06	1.41100e-02
