# l-HC4N cross section
256
1.00000e+01	9.78300e-03
1.04600e+01	2.20600e-01
1.09400e+01	4.50200e-01
1.14500e+01	6.94600e-01
1.19800e+01	9.74500e-01
1.25300e+01	1.40900e+00
1.31100e+01	1.98600e+00
1.37200e+01	2.66600e+00
1.43500e+01	3.50000e+00
1.50100e+01	4.55200e+00
1.57100e+01	5.64900e+00
1.64300e+01	6.77000e+00
1.71900e+01	7.90300e+00
1.79800e+01	9.04000e+00
1.88200e+01	1.02200e+01
1.96800e+01	1.14300e+01
2.05900e+01	1.26300e+01
2.15400e+01	1.38400e+01
2.25400e+01	1.50600e+01
2.35800e+01	1.62600e+01
2.46700e+01	1.74500e+01
2.58100e+01	1.86100e+01
2.70000e+01	1.97300e+01
2.82500e+01	2.08100e+01
2.95500e+01	2.18500e+01
3.09200e+01	2.28700e+01
3.23400e+01	2.38400e+01
3.38400e+01	2.47800e+01
3.54000e+01	2.56800e+01
3.70400e+01	2.65300e+01
3.87500e+01	2.73400e+01
4.05400e+01	2.80900e+01
4.24100e+01	2.87800e+01
4.43700e+01	2.94200e+01
4.64200e+01	3.00100e+01
4.85600e+01	3.05300e+01
5.08000e+01	3.10000e+01
5.31500e+01	3.14100e+01
5.56000e+01	3.17700e+01
5.81700e+01	3.20800e+01
6.08600e+01	3.23300e+01
6.36700e+01	3.25300e+01
6.66100e+01	3.26700e+01
6.96800e+01	3.27700e+01
7.29000e+01	3.28200e+01
7.62700e+01	3.28300e+01
7.97900e+01	3.27900e+01
8.34800e+01	3.27000e+01
8.73300e+01	3.25800e+01
9.13700e+01	3.24200e+01
9.55900e+01	3.22200e+01
1.00000e+02	3.19900e+01
1.04600e+02	3.17200e+01
1.09400e+02	3.14300e+01
1.14500e+02	3.11000e+01
1.19800e+02	3.07500e+01
1.25300e+02	3.03700e+01
1.31100e+02	2.99800e+01
1.37200e+02	2.95600e+01
1.43500e+02	2.91200e+01
1.50100e+02	2.86600e+01
1.57100e+02	2.81900e+01
1.64300e+02	2.77000e+01
1.71900e+02	2.72000e+01
1.79800e+02	2.67000e+01
1.88200e+02	2.61800e+01
1.96800e+02	2.56500e+01
2.05900e+02	2.51200e+01
2.15400e+02	2.45900e+01
2.25400e+02	2.40500e+01
2.35800e+02	2.35100e+01
2.46700e+02	2.29700e+01
2.58100e+02	2.24200e+01
2.70000e+02	2.18800e+01
2.82500e+02	2.13400e+01
2.95500e+02	2.08000e+01
3.09200e+02	2.02700e+01
3.23400e+02	1.97400e+01
3.38400e+02	1.92200e+01
3.54000e+02	1.87000e+01
3.70400e+02	1.81900e+01
3.87500e+02	1.76900e+01
4.05400e+02	1.71900e+01
4.24100e+02	1.67000e+01
4.43700e+02	1.62200e+01
4.64200e+02	1.57500e+01
4.85600e+02	1.52800e+01
5.08000e+02	1.48300e+01
5.31500e+02	1.43800e+01
5.56000e+02	1.39400e+01
5.81700e+02	1.35100e+01
6.08600e+02	1.30900e+01
6.36700e+02	1.26800e+01
6.66100e+02	1.22800e+01
6.96800e+02	1.18900e+01
7.29000e+02	1.15100e+01
7.62700e+02	1.11400e+01
7.97900e+02	1.07800e+01
8.34800e+02	1.04200e+01
8.73300e+02	1.00800e+01
9.13700e+02	9.74600e+00
9.55900e+02	9.42000e+00
1.00000e+03	9.10400e+00
1.04600e+03	8.79600e+00
1.09400e+03	8.49800e+00
1.14500e+03	8.20700e+00
1.19800e+03	7.92600e+00
1.25300e+03	7.65200e+00
1.31100e+03	7.38700e+00
1.37200e+03	7.13000e+00
1.43500e+03	6.88100e+00
1.50100e+03	6.64000e+00
1.57100e+03	6.40600e+00
1.64300e+03	6.17900e+00
1.71900e+03	5.96000e+00
1.79800e+03	5.74700e+00
1.88200e+03	5.54200e+00
1.96800e+03	5.34300e+00
2.05900e+03	5.15000e+00
2.15400e+03	4.96400e+00
2.25400e+03	4.78500e+00
2.35800e+03	4.61100e+00
2.46700e+03	4.44300e+00
2.58100e+03	4.28000e+00
2.70000e+03	4.12400e+00
2.82500e+03	3.97200e+00
2.95500e+03	3.82600e+00
3.09200e+03	3.68500e+00
3.23400e+03	3.54800e+00
3.38400e+03	3.41700e+00
3.54000e+03	3.29000e+00
3.70400e+03	3.16700e+00
3.87500e+03	3.04900e+00
4.05400e+03	2.93500e+00
4.24100e+03	2.82500e+00
4.43700e+03	2.71900e+00
4.64200e+03	2.61600e+00
4.85600e+03	2.51800e+00
5.08000e+03	2.42300e+00
5.31500e+03	2.33100e+00
5.56000e+03	2.24300e+00
5.81700e+03	2.15800e+00
6.08600e+03	2.07600e+00
6.36700e+03	1.99700e+00
6.66100e+03	1.92100e+00
6.96800e+03	1.84700e+00
7.29000e+03	1.77700e+00
7.62700e+03	1.70900e+00
7.97900e+03	1.64300e+00
8.34800e+03	1.58000e+00
8.73300e+03	1.51900e+00
9.13700e+03	1.46100e+00
9.55900e+03	1.40400e+00
1.00000e+04	1.35000e+00
1.04600e+04	1.29800e+00
1.09400e+04	1.24800e+00
1.14500e+04	1.20000e+00
1.19800e+04	1.15300e+00
1.25300e+04	1.10800e+00
1.31100e+04	1.06500e+00
1.37200e+04	1.02400e+00
1.43500e+04	9.84100e-01
1.50100e+04	9.45700e-01
1.57100e+04	9.08900e-01
1.64300e+04	8.73400e-01
1.71900e+04	8.39300e-01
1.79800e+04	8.06500e-01
1.88200e+04	7.74900e-01
1.96800e+04	7.44600e-01
2.05900e+04	7.15400e-01
2.15400e+04	6.87300e-01
2.25400e+04	6.60300e-01
2.35800e+04	6.34400e-01
2.46700e+04	6.09400e-01
2.58100e+04	5.85500e-01
2.70000e+04	5.62400e-01
2.82500e+04	5.40200e-01
2.95500e+04	5.18900e-01
3.09200e+04	4.98500e-01
3.23400e+04	4.78800e-01
3.38400e+04	4.59800e-01
3.54000e+04	4.41700e-01
3.70400e+04	4.24200e-01
3.87500e+04	4.07400e-01
4.05400e+04	3.91200e-01
4.24100e+04	3.75700e-01
4.43700e+04	3.60800e-01
4.64200e+04	3.46500e-01
4.85600e+04	3.32700e-01
5.08000e+04	3.19500e-01
5.31500e+04	3.06800e-01
5.56000e+04	2.94600e-01
5.81700e+04	2.82900e-01
6.08600e+04	2.71600e-01
6.36700e+04	2.60800e-01
6.66100e+04	2.50400e-01
6.96800e+04	2.40400e-01
7.29000e+04	2.30800e-01
7.62700e+04	2.21600e-01
7.97900e+04	2.12700e-01
8.34800e+04	2.04200e-01
8.73300e+04	1.96000e-01
9.13700e+04	1.88200e-01
9.55900e+04	1.80700e-01
1.00000e+05	1.73400e-01
1.04600e+05	1.66500e-01
1.09400e+05	1.59800e-01
1.14500e+05	1.53400e-01
1.19800e+05	1.47200e-01
1.25300e+05	1.41300e-01
1.31100e+05	1.35600e-01
1.37200e+05	1.30200e-01
1.43500e+05	1.25000e-01
1.50100e+05	1.19900e-01
1.57100e+05	1.15100e-01
1.64300e+05	1.10500e-01
1.71900e+05	1.06000e-01
1.79800e+05	1.01700e-01
1.88200e+05	9.76500e-02
1.96800e+05	9.37100e-02
2.05900e+05	8.99300e-02
2.15400e+05	8.63000e-02
2.25400e+05	8.28200e-02
2.35800e+05	7.94700e-02
2.46700e+05	7.62600e-02
2.58100e+05	7.31800e-02
2.70000e+05	7.02200e-02
2.82500e+05	6.73800e-02
2.95500e+05	6.46500e-02
3.09200e+05	6.20400e-02
3.23400e+05	5.95300e-02
3.38400e+05	5.71100e-02
3.54000e+05	5.48000e-02
3.70400e+05	5.25800e-02
3.87500e+05	5.04500e-02
4.05400e+05	4.84000e-02
4.24100e+05	4.64400e-02
4.43700e+05	4.45500e-02
4.64200e+05	4.27400e-02
4.85600e+05	4.10100e-02
5.08000e+05	3.93400e-02
5.31500e+05	3.77400e-02
5.56000e+05	3.62100e-02
5.81700e+05	3.47300e-02
6.08600e+05	3.33200e-02
6.36700e+05	3.19700e-02
6.66100e+05	3.06600e-02
6.96800e+05	2.94200e-02
7.29000e+05	2.82200e-02
7.62700e+05	2.70700e-02
7.97900e+05	2.59600e-02
8.34800e+05	2.49100e-02
8.73300e+05	2.38900e-02
9.13700e+05	2.29200e-02
9.55900e+05	2.19800e-02
1.00000e+06	2.10800e-02
