# N2 cross section
256
1.00000e+01	0.00000e+00
1.04600e+01	0.00000e+00
1.09400e+01	0.00000e+00
1.14500e+01	0.00000e+00
1.19800e+01	0.00000e+00
1.25300e+01	0.00000e+00
1.31100e+01	0.00000e+00
1.37200e+01	0.00000e+00
1.43500e+01	0.00000e+00
1.50100e+01	0.00000e+00
1.57100e+01	0.00000e+00
1.64300e+01	5.12500e-02
1.71900e+01	1.39900e-01
1.79800e+01	3.05900e-01
1.88200e+01	5.67600e-01
1.96800e+01	8.89800e-01
2.05900e+01	1.24500e+00
2.15400e+01	1.61300e+00
2.25400e+01	1.99000e+00
2.35800e+01	2.37200e+00
2.46700e+01	2.75600e+00
2.58100e+01	3.13900e+00
2.70000e+01	3.51900e+00
2.82500e+01	3.89400e+00
2.95500e+01	4.26100e+00
3.09200e+01	4.62000e+00
3.23400e+01	4.96900e+00
3.38400e+01	5.30700e+00
3.54000e+01	5.63200e+00
3.70400e+01	5.94500e+00
3.87500e+01	6.24400e+00
4.05400e+01	6.54800e+00
4.24100e+01	6.83900e+00
4.43700e+01	7.11600e+00
4.64200e+01	7.37800e+00
4.85600e+01	7.62400e+00
5.08000e+01	7.85600e+00
5.31500e+01	8.07100e+00
5.56000e+01	8.27000e+00
5.81700e+01	8.45300e+00
6.08600e+01	8.62000e+00
6.36700e+01	8.77100e+00
6.66100e+01	8.90500e+00
6.96800e+01	9.02400e+00
7.29000e+01	9.12700e+00
7.62700e+01	9.21400e+00
7.97900e+01	9.28600e+00
8.34800e+01	9.34300e+00
8.73300e+01	9.38600e+00
9.13700e+01	9.41400e+00
9.55900e+01	9.42900e+00
1.00000e+02	9.43100e+00
1.04600e+02	9.42100e+00
1.09400e+02	9.39800e+00
1.14500e+02	9.36300e+00
1.19800e+02	9.31700e+00
1.25300e+02	9.26100e+00
1.31100e+02	9.19500e+00
1.37200e+02	9.12000e+00
1.43500e+02	9.03500e+00
1.50100e+02	8.94300e+00
1.57100e+02	8.84200e+00
1.64300e+02	8.73500e+00
1.71900e+02	8.62100e+00
1.79800e+02	8.50000e+00
1.88200e+02	8.37500e+00
1.96800e+02	8.24400e+00
2.05900e+02	8.10900e+00
2.15400e+02	7.97000e+00
2.25400e+02	7.82700e+00
2.35800e+02	7.68100e+00
2.46700e+02	7.53300e+00
2.58100e+02	7.38200e+00
2.70000e+02	7.23000e+00
2.82500e+02	7.07600e+00
2.95500e+02	6.92100e+00
3.09200e+02	6.76500e+00
3.23400e+02	6.60900e+00
3.38400e+02	6.45300e+00
3.54000e+02	6.29700e+00
3.70400e+02	6.14200e+00
3.87500e+02	5.98800e+00
4.05400e+02	5.83400e+00
4.24100e+02	5.68200e+00
4.43700e+02	5.53100e+00
4.64200e+02	5.38200e+00
4.85600e+02	5.23500e+00
5.08000e+02	5.09000e+00
5.31500e+02	4.94700e+00
5.56000e+02	4.80600e+00
5.81700e+02	4.66700e+00
6.08600e+02	4.53100e+00
6.36700e+02	4.39700e+00
6.66100e+02	4.26500e+00
6.96800e+02	4.13600e+00
7.29000e+02	4.01000e+00
7.62700e+02	3.88700e+00
7.97900e+02	3.76600e+00
8.34800e+02	3.64800e+00
8.73300e+02	3.53200e+00
9.13700e+02	3.42000e+00
9.55900e+02	3.31000e+00
1.00000e+03	3.20300e+00
1.04600e+03	3.09800e+00
1.09400e+03	2.99600e+00
1.14500e+03	2.89700e+00
1.19800e+03	2.80100e+00
1.25300e+03	2.70700e+00
1.31100e+03	2.61600e+00
1.37200e+03	2.52700e+00
1.43500e+03	2.44100e+00
1.50100e+03	2.35800e+00
1.57100e+03	2.27700e+00
1.64300e+03	2.19800e+00
1.71900e+03	2.12200e+00
1.79800e+03	2.04800e+00
1.88200e+03	1.97600e+00
1.96800e+03	1.90600e+00
2.05900e+03	1.83900e+00
2.15400e+03	1.77400e+00
2.25400e+03	1.71100e+00
2.35800e+03	1.65000e+00
2.46700e+03	1.59100e+00
2.58100e+03	1.53300e+00
2.70000e+03	1.47800e+00
2.82500e+03	1.42500e+00
2.95500e+03	1.37300e+00
3.09200e+03	1.32300e+00
3.23400e+03	1.27500e+00
3.38400e+03	1.22800e+00
3.54000e+03	1.18300e+00
3.70400e+03	1.13900e+00
3.87500e+03	1.09700e+00
4.05400e+03	1.05700e+00
4.24100e+03	1.01700e+00
4.43700e+03	9.79700e-01
4.64200e+03	9.43200e-01
4.85600e+03	9.08000e-01
5.08000e+03	8.74000e-01
5.31500e+03	8.41300e-01
5.56000e+03	8.09700e-01
5.81700e+03	7.79200e-01
6.08600e+03	7.49900e-01
6.36700e+03	7.21500e-01
6.66100e+03	6.94300e-01
6.96800e+03	6.68000e-01
7.29000e+03	6.42600e-01
7.62700e+03	6.18200e-01
7.97900e+03	5.94700e-01
8.34800e+03	5.72000e-01
8.73300e+03	5.50100e-01
9.13700e+03	5.29100e-01
9.55900e+03	5.08900e-01
1.00000e+04	4.89300e-01
1.04600e+04	4.70600e-01
1.09400e+04	4.52500e-01
1.14500e+04	4.35100e-01
1.19800e+04	4.18300e-01
1.25300e+04	4.02100e-01
1.31100e+04	3.86600e-01
1.37200e+04	3.71700e-01
1.43500e+04	3.57300e-01
1.50100e+04	3.43400e-01
1.57100e+04	3.30100e-01
1.64300e+04	3.17300e-01
1.71900e+04	3.04900e-01
1.79800e+04	2.93100e-01
1.88200e+04	2.81700e-01
1.96800e+04	2.70700e-01
2.05900e+04	2.60100e-01
2.15400e+04	2.49900e-01
2.25400e+04	2.40200e-01
2.35800e+04	2.30800e-01
2.46700e+04	2.21700e-01
2.58100e+04	2.13000e-01
2.70000e+04	2.04700e-01
2.82500e+04	1.96600e-01
2.95500e+04	1.88900e-01
3.09200e+04	1.81500e-01
3.23400e+04	1.74300e-01
3.38400e+04	1.67500e-01
3.54000e+04	1.60900e-01
3.70400e+04	1.54500e-01
3.87500e+04	1.48400e-01
4.05400e+04	1.42600e-01
4.24100e+04	1.36900e-01
4.43700e+04	1.31500e-01
4.64200e+04	1.26300e-01
4.85600e+04	1.21300e-01
5.08000e+04	1.16500e-01
5.31500e+04	1.11900e-01
5.56000e+04	1.07400e-01
5.81700e+04	1.03200e-01
6.08600e+04	9.90800e-02
6.36700e+04	9.51400e-02
6.66100e+04	9.13600e-02
6.96800e+04	8.77200e-02
7.29000e+04	8.42300e-02
7.62700e+04	8.08700e-02
7.97900e+04	7.76500e-02
8.34800e+04	7.45500e-02
8.73300e+04	7.15800e-02
9.13700e+04	6.87200e-02
9.55900e+04	6.59700e-02
1.00000e+05	6.33400e-02
1.04600e+05	6.08000e-02
1.09400e+05	5.83700e-02
1.14500e+05	5.60300e-02
1.19800e+05	5.37900e-02
1.25300e+05	5.16400e-02
1.31100e+05	4.95700e-02
1.37200e+05	4.75800e-02
1.43500e+05	4.56700e-02
1.50100e+05	4.38400e-02
1.57100e+05	4.20800e-02
1.64300e+05	4.03900e-02
1.71900e+05	3.87600e-02
1.79800e+05	3.72000e-02
1.88200e+05	3.57100e-02
1.96800e+05	3.42700e-02
2.05900e+05	3.28900e-02
2.15400e+05	3.15700e-02
2.25400e+05	3.02900e-02
2.35800e+05	2.90700e-02
2.46700e+05	2.79000e-02
2.58100e+05	2.67700e-02
2.70000e+05	2.56900e-02
2.82500e+05	2.46600e-02
2.95500e+05	2.36600e-02
3.09200e+05	2.27000e-02
3.23400e+05	2.17900e-02
3.38400e+05	2.09100e-02
3.54000e+05	2.00600e-02
3.70400e+05	1.92500e-02
3.87500e+05	1.84700e-02
4.05400e+05	1.77200e-02
4.24100e+05	1.70000e-02
4.43700e+05	1.63100e-02
4.64200e+05	1.56500e-02
4.85600e+05	1.50200e-02
5.08000e+05	1.44100e-02
5.31500e+05	1.38200e-02
5.56000e+05	1.32600e-02
5.81700e+05	1.27200e-02
6.08600e+05	1.22100e-02
6.36700e+05	1.17100e-02
6.66100e+05	1.12400e-02
6.96800e+05	1.07800e-02
7.29000e+05	1.03400e-02
7.62700e+05	9.92000e-03
7.97900e+05	9.51600e-03
8.34800e+05	9.12800e-03
8.73300e+05	8.75700e-03
9.13700e+05	8.40000e-03
9.55900e+05	8.05800e-03
1.00000e+06	7.72900e-03
