# N2O cross section
256
1.00000e+01	0.00000e+00
1.04600e+01	0.00000e+00
1.09400e+01	0.00000e+00
1.14500e+01	0.00000e+00
1.19800e+01	0.00000e+00
1.25300e+01	0.00000e+00
1.31100e+01	0.00000e+00
1.37200e+01	1.00400e-01
1.43500e+01	3.03600e-01
1.50100e+01	5.23000e-01
1.57100e+01	7.55200e-01
1.64300e+01	9.97200e-01
1.71900e+01	1.24600e+00
1.79800e+01	1.57100e+00
1.88200e+01	1.90700e+00
1.96800e+01	2.24900e+00
2.05900e+01	2.69500e+00
2.15400e+01	3.21900e+00
2.25400e+01	3.76300e+00
2.35800e+01	4.31500e+00
2.46700e+01	4.87100e+00
2.58100e+01	5.42500e+00
2.70000e+01	5.97500e+00
2.82500e+01	6.51700e+00
2.95500e+01	7.04900e+00
3.09200e+01	7.57000e+00
3.23400e+01	8.07600e+00
3.38400e+01	8.56600e+00
3.54000e+01	9.03800e+00
3.70400e+01	9.49200e+00
3.87500e+01	9.93000e+00
4.05400e+01	1.03600e+01
4.24100e+01	1.07800e+01
4.43700e+01	1.11700e+01
4.64200e+01	1.15600e+01
4.85600e+01	1.19200e+01
5.08000e+01	1.22600e+01
5.31500e+01	1.25900e+01
5.56000e+01	1.28800e+01
5.81700e+01	1.31600e+01
6.08600e+01	1.34100e+01
6.36700e+01	1.36400e+01
6.66100e+01	1.38500e+01
6.96800e+01	1.40300e+01
7.29000e+01	1.41900e+01
7.62700e+01	1.43200e+01
7.97900e+01	1.44300e+01
8.34800e+01	1.45200e+01
8.73300e+01	1.45900e+01
9.13700e+01	1.46400e+01
9.55900e+01	1.46700e+01
1.00000e+02	1.46800e+01
1.04600e+02	1.46600e+01
1.09400e+02	1.46300e+01
1.14500e+02	1.45900e+01
1.19800e+02	1.45200e+01
1.25300e+02	1.44400e+01
1.31100e+02	1.43400e+01
1.37200e+02	1.42300e+01
1.43500e+02	1.41100e+01
1.50100e+02	1.39700e+01
1.57100e+02	1.38200e+01
1.64300e+02	1.36600e+01
1.71900e+02	1.34900e+01
1.79800e+02	1.33000e+01
1.88200e+02	1.31100e+01
1.96800e+02	1.29200e+01
2.05900e+02	1.27100e+01
2.15400e+02	1.25000e+01
2.25400e+02	1.22800e+01
2.35800e+02	1.20600e+01
2.46700e+02	1.18300e+01
2.58100e+02	1.16000e+01
2.70000e+02	1.13700e+01
2.82500e+02	1.11300e+01
2.95500e+02	1.08900e+01
3.09200e+02	1.06500e+01
3.23400e+02	1.04100e+01
3.38400e+02	1.01700e+01
3.54000e+02	9.92600e+00
3.70400e+02	9.68600e+00
3.87500e+02	9.44600e+00
4.05400e+02	9.20700e+00
4.24100e+02	8.97000e+00
4.43700e+02	8.73600e+00
4.64200e+02	8.50300e+00
4.85600e+02	8.27300e+00
5.08000e+02	8.04600e+00
5.31500e+02	7.82200e+00
5.56000e+02	7.60100e+00
5.81700e+02	7.38400e+00
6.08600e+02	7.17000e+00
6.36700e+02	6.96000e+00
6.66100e+02	6.75400e+00
6.96800e+02	6.55100e+00
7.29000e+02	6.35300e+00
7.62700e+02	6.15900e+00
7.97900e+02	5.96900e+00
8.34800e+02	5.78300e+00
8.73300e+02	5.60100e+00
9.13700e+02	5.42300e+00
9.55900e+02	5.25000e+00
1.00000e+03	5.08100e+00
1.04600e+03	4.91600e+00
1.09400e+03	4.75500e+00
1.14500e+03	4.59900e+00
1.19800e+03	4.44600e+00
1.25300e+03	4.29800e+00
1.31100e+03	4.15400e+00
1.37200e+03	4.01400e+00
1.43500e+03	3.87700e+00
1.50100e+03	3.74500e+00
1.57100e+03	3.61700e+00
1.64300e+03	3.49200e+00
1.71900e+03	3.37100e+00
1.79800e+03	3.25400e+00
1.88200e+03	3.14000e+00
1.96800e+03	3.03000e+00
2.05900e+03	2.92300e+00
2.15400e+03	2.82000e+00
2.25400e+03	2.72000e+00
2.35800e+03	2.62300e+00
2.46700e+03	2.52900e+00
2.58100e+03	2.43800e+00
2.70000e+03	2.35000e+00
2.82500e+03	2.26500e+00
2.95500e+03	2.18300e+00
3.09200e+03	2.10400e+00
3.23400e+03	2.02700e+00
3.38400e+03	1.95300e+00
3.54000e+03	1.88100e+00
3.70400e+03	1.81200e+00
3.87500e+03	1.74500e+00
4.05400e+03	1.68100e+00
4.24100e+03	1.61800e+00
4.43700e+03	1.55800e+00
4.64200e+03	1.50000e+00
4.85600e+03	1.44400e+00
5.08000e+03	1.39000e+00
5.31500e+03	1.33800e+00
5.56000e+03	1.28800e+00
5.81700e+03	1.24000e+00
6.08600e+03	1.19300e+00
6.36700e+03	1.14800e+00
6.66100e+03	1.10500e+00
6.96800e+03	1.06300e+00
7.29000e+03	1.02200e+00
7.62700e+03	9.83500e-01
7.97900e+03	9.46100e-01
8.34800e+03	9.10000e-01
8.73300e+03	8.75300e-01
9.13700e+03	8.41800e-01
9.55900e+03	8.09600e-01
1.00000e+04	7.78600e-01
1.04600e+04	7.48700e-01
1.09400e+04	7.19900e-01
1.14500e+04	6.92200e-01
1.19800e+04	6.65500e-01
1.25300e+04	6.39800e-01
1.31100e+04	6.15100e-01
1.37200e+04	5.91300e-01
1.43500e+04	5.68400e-01
1.50100e+04	5.46400e-01
1.57100e+04	5.25200e-01
1.64300e+04	5.04800e-01
1.71900e+04	4.85200e-01
1.79800e+04	4.66300e-01
1.88200e+04	4.48100e-01
1.96800e+04	4.30600e-01
2.05900e+04	4.13800e-01
2.15400e+04	3.97600e-01
2.25400e+04	3.82100e-01
2.35800e+04	3.67100e-01
2.46700e+04	3.52800e-01
2.58100e+04	3.38900e-01
2.70000e+04	3.25600e-01
2.82500e+04	3.12800e-01
2.95500e+04	3.00500e-01
3.09200e+04	2.88700e-01
3.23400e+04	2.77400e-01
3.38400e+04	2.66400e-01
3.54000e+04	2.55900e-01
3.70400e+04	2.45800e-01
3.87500e+04	2.36100e-01
4.05400e+04	2.26800e-01
4.24100e+04	2.17800e-01
4.43700e+04	2.09200e-01
4.64200e+04	2.00900e-01
4.85600e+04	1.93000e-01
5.08000e+04	1.85300e-01
5.31500e+04	1.78000e-01
5.56000e+04	1.70900e-01
5.81700e+04	1.64100e-01
6.08600e+04	1.57600e-01
6.36700e+04	1.51300e-01
6.66100e+04	1.45300e-01
6.96800e+04	1.39500e-01
7.29000e+04	1.34000e-01
7.62700e+04	1.28600e-01
7.97900e+04	1.23500e-01
8.34800e+04	1.18600e-01
8.73300e+04	1.13800e-01
9.13700e+04	1.09300e-01
9.55900e+04	1.04900e-01
1.00000e+05	1.00700e-01
1.04600e+05	9.67000e-02
1.09400e+05	9.28300e-02
1.14500e+05	8.91200e-02
1.19800e+05	8.55500e-02
1.25300e+05	8.21200e-02
1.31100e+05	7.88300e-02
1.37200e+05	7.56600e-02
1.43500e+05	7.26300e-02
1.50100e+05	6.97100e-02
1.57100e+05	6.69100e-02
1.64300e+05	6.42200e-02
1.71900e+05	6.16400e-02
1.79800e+05	5.91600e-02
1.88200e+05	5.67800e-02
1.96800e+05	5.45000e-02
2.05900e+05	5.23000e-02
2.15400e+05	5.01900e-02
2.25400e+05	4.81700e-02
2.35800e+05	4.62300e-02
2.46700e+05	4.43600e-02
2.58100e+05	4.25700e-02
2.70000e+05	4.08500e-02
2.82500e+05	3.92000e-02
2.95500e+05	3.76200e-02
3.09200e+05	3.61000e-02
3.23400e+05	3.46400e-02
3.38400e+05	3.32400e-02
3.54000e+05	3.19000e-02
3.70400e+05	3.06000e-02
3.87500e+05	2.93700e-02
4.05400e+05	2.81800e-02
4.24100e+05	2.70300e-02
4.43700e+05	2.59400e-02
4.64200e+05	2.48900e-02
4.85600e+05	2.38800e-02
5.08000e+05	2.29100e-02
5.31500e+05	2.19800e-02
5.56000e+05	2.10900e-02
5.81700e+05	2.02300e-02
6.08600e+05	1.94100e-02
6.36700e+05	1.86200e-02
6.66100e+05	1.78600e-02
6.96800e+05	1.71400e-02
7.29000e+05	1.64400e-02
7.62700e+05	1.57700e-02
7.97900e+05	1.51300e-02
8.34800e+05	1.45100e-02
8.73300e+05	1.39200e-02
9.13700e+05	1.33500e-02
9.55900e+05	1.28100e-02
1.00000e+06	1.22900e-02
