# NH2 cross section
256
1.00000e+01	0.00000e+00
1.04600e+01	0.00000e+00
1.09400e+01	0.00000e+00
1.14500e+01	0.00000e+00
1.19800e+01	2.96100e-02
1.25300e+01	1.11500e-01
1.31100e+01	2.98700e-01
1.37200e+01	5.28300e-01
1.43500e+01	7.71200e-01
1.50100e+01	1.02400e+00
1.57100e+01	1.28500e+00
1.64300e+01	1.54900e+00
1.71900e+01	1.84700e+00
1.79800e+01	2.20500e+00
1.88200e+01	2.57500e+00
1.96800e+01	2.94800e+00
2.05900e+01	3.32100e+00
2.15400e+01	3.69200e+00
2.25400e+01	4.05800e+00
2.35800e+01	4.41800e+00
2.46700e+01	4.76900e+00
2.58100e+01	5.11100e+00
2.70000e+01	5.45100e+00
2.82500e+01	5.79200e+00
2.95500e+01	6.12200e+00
3.09200e+01	6.43900e+00
3.23400e+01	6.74800e+00
3.38400e+01	7.05400e+00
3.54000e+01	7.34500e+00
3.70400e+01	7.62200e+00
3.87500e+01	7.88400e+00
4.05400e+01	8.13000e+00
4.24100e+01	8.36000e+00
4.43700e+01	8.57300e+00
4.64200e+01	8.76900e+00
4.85600e+01	8.94900e+00
5.08000e+01	9.11200e+00
5.31500e+01	9.25800e+00
5.56000e+01	9.38700e+00
5.81700e+01	9.50000e+00
6.08600e+01	9.59600e+00
6.36700e+01	9.67600e+00
6.66100e+01	9.74100e+00
6.96800e+01	9.79000e+00
7.29000e+01	9.82500e+00
7.62700e+01	9.84500e+00
7.97900e+01	9.85100e+00
8.34800e+01	9.84400e+00
8.73300e+01	9.82400e+00
9.13700e+01	9.79200e+00
9.55900e+01	9.74800e+00
1.00000e+02	9.69200e+00
1.04600e+02	9.62600e+00
1.09400e+02	9.55000e+00
1.14500e+02	9.46500e+00
1.19800e+02	9.37000e+00
1.25300e+02	9.26800e+00
1.31100e+02	9.15800e+00
1.37200e+02	9.04000e+00
1.43500e+02	8.91700e+00
1.50100e+02	8.78700e+00
1.57100e+02	8.65200e+00
1.64300e+02	8.51200e+00
1.71900e+02	8.36800e+00
1.79800e+02	8.21900e+00
1.88200e+02	8.06800e+00
1.96800e+02	7.91400e+00
2.05900e+02	7.75700e+00
2.15400e+02	7.59800e+00
2.25400e+02	7.43700e+00
2.35800e+02	7.27600e+00
2.46700e+02	7.11300e+00
2.58100e+02	6.95100e+00
2.70000e+02	6.78800e+00
2.82500e+02	6.62500e+00
2.95500e+02	6.46200e+00
3.09200e+02	6.30100e+00
3.23400e+02	6.14000e+00
3.38400e+02	5.98000e+00
3.54000e+02	5.82200e+00
3.70400e+02	5.66600e+00
3.87500e+02	5.51100e+00
4.05400e+02	5.35800e+00
4.24100e+02	5.20700e+00
4.43700e+02	5.05900e+00
4.64200e+02	4.91300e+00
4.85600e+02	4.77000e+00
5.08000e+02	4.62900e+00
5.31500e+02	4.49100e+00
5.56000e+02	4.35500e+00
5.81700e+02	4.22200e+00
6.08600e+02	4.09200e+00
6.36700e+02	3.96500e+00
6.66100e+02	3.84100e+00
6.96800e+02	3.71900e+00
7.29000e+02	3.60100e+00
7.62700e+02	3.48500e+00
7.97900e+02	3.37200e+00
8.34800e+02	3.26200e+00
8.73300e+02	3.15500e+00
9.13700e+02	3.05000e+00
9.55900e+02	2.94900e+00
1.00000e+03	2.85000e+00
1.04600e+03	2.75400e+00
1.09400e+03	2.66100e+00
1.14500e+03	2.57000e+00
1.19800e+03	2.48200e+00
1.25300e+03	2.39700e+00
1.31100e+03	2.31400e+00
1.37200e+03	2.23300e+00
1.43500e+03	2.15500e+00
1.50100e+03	2.08000e+00
1.57100e+03	2.00700e+00
1.64300e+03	1.93600e+00
1.71900e+03	1.86700e+00
1.79800e+03	1.80100e+00
1.88200e+03	1.73600e+00
1.96800e+03	1.67400e+00
2.05900e+03	1.61400e+00
2.15400e+03	1.55500e+00
2.25400e+03	1.49900e+00
2.35800e+03	1.44500e+00
2.46700e+03	1.39200e+00
2.58100e+03	1.34100e+00
2.70000e+03	1.29200e+00
2.82500e+03	1.24500e+00
2.95500e+03	1.19900e+00
3.09200e+03	1.15400e+00
3.23400e+03	1.11200e+00
3.38400e+03	1.07000e+00
3.54000e+03	1.03100e+00
3.70400e+03	9.92200e-01
3.87500e+03	9.55200e-01
4.05400e+03	9.19400e-01
4.24100e+03	8.85000e-01
4.43700e+03	8.51700e-01
4.64200e+03	8.19700e-01
4.85600e+03	7.88800e-01
5.08000e+03	7.59000e-01
5.31500e+03	7.30200e-01
5.56000e+03	7.02600e-01
5.81700e+03	6.75900e-01
6.08600e+03	6.50200e-01
6.36700e+03	6.25400e-01
6.66100e+03	6.01600e-01
6.96800e+03	5.78600e-01
7.29000e+03	5.56500e-01
7.62700e+03	5.35200e-01
7.97900e+03	5.14600e-01
8.34800e+03	4.94900e-01
8.73300e+03	4.75800e-01
9.13700e+03	4.57500e-01
9.55900e+03	4.39900e-01
1.00000e+04	4.22900e-01
1.04600e+04	4.06600e-01
1.09400e+04	3.90800e-01
1.14500e+04	3.75700e-01
1.19800e+04	3.61100e-01
1.25300e+04	3.47100e-01
1.31100e+04	3.33600e-01
1.37200e+04	3.20700e-01
1.43500e+04	3.08200e-01
1.50100e+04	2.96200e-01
1.57100e+04	2.84600e-01
1.64300e+04	2.73500e-01
1.71900e+04	2.62800e-01
1.79800e+04	2.52500e-01
1.88200e+04	2.42700e-01
1.96800e+04	2.33100e-01
2.05900e+04	2.24000e-01
2.15400e+04	2.15200e-01
2.25400e+04	2.06800e-01
2.35800e+04	1.98600e-01
2.46700e+04	1.90800e-01
2.58100e+04	1.83300e-01
2.70000e+04	1.76100e-01
2.82500e+04	1.69200e-01
2.95500e+04	1.62500e-01
3.09200e+04	1.56100e-01
3.23400e+04	1.49900e-01
3.38400e+04	1.44000e-01
3.54000e+04	1.38300e-01
3.70400e+04	1.32800e-01
3.87500e+04	1.27500e-01
4.05400e+04	1.22500e-01
4.24100e+04	1.17600e-01
4.43700e+04	1.13000e-01
4.64200e+04	1.08500e-01
4.85600e+04	1.04200e-01
5.08000e+04	1.00000e-01
5.31500e+04	9.60500e-02
5.56000e+04	9.22300e-02
5.81700e+04	8.85500e-02
6.08600e+04	8.50300e-02
6.36700e+04	8.16400e-02
6.66100e+04	7.83800e-02
6.96800e+04	7.52500e-02
7.29000e+04	7.22500e-02
7.62700e+04	6.93600e-02
7.97900e+04	6.65900e-02
8.34800e+04	6.39300e-02
8.73300e+04	6.13700e-02
9.13700e+04	5.89100e-02
9.55900e+04	5.65500e-02
1.00000e+05	5.42900e-02
1.04600e+05	5.21100e-02
1.09400e+05	5.00200e-02
1.14500e+05	4.80100e-02
1.19800e+05	4.60900e-02
1.25300e+05	4.42400e-02
1.31100e+05	4.24600e-02
1.37200e+05	4.07500e-02
1.43500e+05	3.91100e-02
1.50100e+05	3.75400e-02
1.57100e+05	3.60300e-02
1.64300e+05	3.45800e-02
1.71900e+05	3.31900e-02
1.79800e+05	3.18500e-02
1.88200e+05	3.05600e-02
1.96800e+05	2.93300e-02
2.05900e+05	2.81500e-02
2.15400e+05	2.70100e-02
2.25400e+05	2.59200e-02
2.35800e+05	2.48700e-02
2.46700e+05	2.38700e-02
2.58100e+05	2.29000e-02
2.70000e+05	2.19800e-02
2.82500e+05	2.10900e-02
2.95500e+05	2.02400e-02
3.09200e+05	1.94200e-02
3.23400e+05	1.86300e-02
3.38400e+05	1.78800e-02
3.54000e+05	1.71500e-02
3.70400e+05	1.64600e-02
3.87500e+05	1.57900e-02
4.05400e+05	1.51500e-02
4.24100e+05	1.45300e-02
4.43700e+05	1.39400e-02
4.64200e+05	1.33800e-02
4.85600e+05	1.28300e-02
5.08000e+05	1.23100e-02
5.31500e+05	1.18100e-02
5.56000e+05	1.13300e-02
5.81700e+05	1.08700e-02
6.08600e+05	1.04300e-02
6.36700e+05	1.00000e-02
6.66100e+05	9.59700e-03
6.96800e+05	9.20600e-03
7.29000e+05	8.83100e-03
7.62700e+05	8.47100e-03
7.97900e+05	8.12600e-03
8.34800e+05	7.79500e-03
8.73300e+05	7.47700e-03
9.13700e+05	7.17200e-03
9.55900e+05	6.87900e-03
1.00000e+06	6.59800e-03
