# NH2CN cross section
256
1.00000e+01	0.00000e+00
1.04600e+01	3.80800e-02
1.09400e+01	2.11400e-01
1.14500e+01	3.99700e-01
1.19800e+01	5.99900e-01
1.25300e+01	9.09600e-01
1.31100e+01	1.28200e+00
1.37200e+01	1.77100e+00
1.43500e+01	2.29300e+00
1.50100e+01	2.83100e+00
1.57100e+01	3.45400e+00
1.64300e+01	4.12500e+00
1.71900e+01	4.80500e+00
1.79800e+01	5.49000e+00
1.88200e+01	6.17400e+00
1.96800e+01	6.85400e+00
2.05900e+01	7.55300e+00
2.15400e+01	8.28700e+00
2.25400e+01	9.05500e+00
2.35800e+01	9.82800e+00
2.46700e+01	1.05900e+01
2.58100e+01	1.13300e+01
2.70000e+01	1.20600e+01
2.82500e+01	1.27600e+01
2.95500e+01	1.34800e+01
3.09200e+01	1.41700e+01
3.23400e+01	1.48400e+01
3.38400e+01	1.55100e+01
3.54000e+01	1.61400e+01
3.70400e+01	1.67500e+01
3.87500e+01	1.73200e+01
4.05400e+01	1.78600e+01
4.24100e+01	1.83700e+01
4.43700e+01	1.88400e+01
4.64200e+01	1.92800e+01
4.85600e+01	1.96800e+01
5.08000e+01	2.00400e+01
5.31500e+01	2.03600e+01
5.56000e+01	2.06500e+01
5.81700e+01	2.09100e+01
6.08600e+01	2.11300e+01
6.36700e+01	2.13100e+01
6.66100e+01	2.14600e+01
6.96800e+01	2.15800e+01
7.29000e+01	2.16600e+01
7.62700e+01	2.17100e+01
7.97900e+01	2.17300e+01
8.34800e+01	2.17200e+01
8.73300e+01	2.16900e+01
9.13700e+01	2.16200e+01
9.55900e+01	2.15300e+01
1.00000e+02	2.14200e+01
1.04600e+02	2.12800e+01
1.09400e+02	2.11200e+01
1.14500e+02	2.09400e+01
1.19800e+02	2.07400e+01
1.25300e+02	2.05200e+01
1.31100e+02	2.02800e+01
1.37200e+02	2.00300e+01
1.43500e+02	1.97600e+01
1.50100e+02	1.94800e+01
1.57100e+02	1.91800e+01
1.64300e+02	1.88800e+01
1.71900e+02	1.85600e+01
1.79800e+02	1.82400e+01
1.88200e+02	1.79100e+01
1.96800e+02	1.75700e+01
2.05900e+02	1.72300e+01
2.15400e+02	1.68800e+01
2.25400e+02	1.65300e+01
2.35800e+02	1.61700e+01
2.46700e+02	1.58200e+01
2.58100e+02	1.54600e+01
2.70000e+02	1.51000e+01
2.82500e+02	1.47400e+01
2.95500e+02	1.43800e+01
3.09200e+02	1.40300e+01
3.23400e+02	1.36700e+01
3.38400e+02	1.33200e+01
3.54000e+02	1.29700e+01
3.70400e+02	1.26300e+01
3.87500e+02	1.22800e+01
4.05400e+02	1.19500e+01
4.24100e+02	1.16100e+01
4.43700e+02	1.12900e+01
4.64200e+02	1.09600e+01
4.85600e+02	1.06400e+01
5.08000e+02	1.03300e+01
5.31500e+02	1.00300e+01
5.56000e+02	9.72500e+00
5.81700e+02	9.43000e+00
6.08600e+02	9.14200e+00
6.36700e+02	8.85900e+00
6.66100e+02	8.58300e+00
6.96800e+02	8.31300e+00
7.29000e+02	8.04900e+00
7.62700e+02	7.79200e+00
7.97900e+02	7.54100e+00
8.34800e+02	7.29600e+00
8.73300e+02	7.05700e+00
9.13700e+02	6.82500e+00
9.55900e+02	6.59900e+00
1.00000e+03	6.37900e+00
1.04600e+03	6.16500e+00
1.09400e+03	5.95700e+00
1.14500e+03	5.75500e+00
1.19800e+03	5.55900e+00
1.25300e+03	5.36800e+00
1.31100e+03	5.18300e+00
1.37200e+03	5.00400e+00
1.43500e+03	4.83000e+00
1.50100e+03	4.66100e+00
1.57100e+03	4.49700e+00
1.64300e+03	4.33900e+00
1.71900e+03	4.18500e+00
1.79800e+03	4.03700e+00
1.88200e+03	3.89300e+00
1.96800e+03	3.75400e+00
2.05900e+03	3.61900e+00
2.15400e+03	3.48900e+00
2.25400e+03	3.36300e+00
2.35800e+03	3.24100e+00
2.46700e+03	3.12300e+00
2.58100e+03	3.00900e+00
2.70000e+03	2.89900e+00
2.82500e+03	2.79300e+00
2.95500e+03	2.69000e+00
3.09200e+03	2.59100e+00
3.23400e+03	2.49500e+00
3.38400e+03	2.40300e+00
3.54000e+03	2.31400e+00
3.70400e+03	2.22800e+00
3.87500e+03	2.14500e+00
4.05400e+03	2.06500e+00
4.24100e+03	1.98700e+00
4.43700e+03	1.91300e+00
4.64200e+03	1.84100e+00
4.85600e+03	1.77200e+00
5.08000e+03	1.70500e+00
5.31500e+03	1.64000e+00
5.56000e+03	1.57800e+00
5.81700e+03	1.51800e+00
6.08600e+03	1.46100e+00
6.36700e+03	1.40500e+00
6.66100e+03	1.35200e+00
6.96800e+03	1.30000e+00
7.29000e+03	1.25000e+00
7.62700e+03	1.20300e+00
7.97900e+03	1.15700e+00
8.34800e+03	1.11200e+00
8.73300e+03	1.06900e+00
9.13700e+03	1.02800e+00
9.55900e+03	9.88700e-01
1.00000e+04	9.50600e-01
1.04600e+04	9.13900e-01
1.09400e+04	8.78600e-01
1.14500e+04	8.44600e-01
1.19800e+04	8.11900e-01
1.25300e+04	7.80400e-01
1.31100e+04	7.50100e-01
1.37200e+04	7.21000e-01
1.43500e+04	6.92900e-01
1.50100e+04	6.65900e-01
1.57100e+04	6.40000e-01
1.64300e+04	6.15000e-01
1.71900e+04	5.91000e-01
1.79800e+04	5.67900e-01
1.88200e+04	5.45700e-01
1.96800e+04	5.24300e-01
2.05900e+04	5.03800e-01
2.15400e+04	4.84000e-01
2.25400e+04	4.65000e-01
2.35800e+04	4.46800e-01
2.46700e+04	4.29200e-01
2.58100e+04	4.12300e-01
2.70000e+04	3.96100e-01
2.82500e+04	3.80500e-01
2.95500e+04	3.65500e-01
3.09200e+04	3.51100e-01
3.23400e+04	3.37200e-01
3.38400e+04	3.23900e-01
3.54000e+04	3.11100e-01
3.70400e+04	2.98800e-01
3.87500e+04	2.86900e-01
4.05400e+04	2.75600e-01
4.24100e+04	2.64600e-01
4.43700e+04	2.54100e-01
4.64200e+04	2.44100e-01
4.85600e+04	2.34400e-01
5.08000e+04	2.25000e-01
5.31500e+04	2.16100e-01
5.56000e+04	2.07500e-01
5.81700e+04	1.99200e-01
6.08600e+04	1.91300e-01
6.36700e+04	1.83700e-01
6.66100e+04	1.76400e-01
6.96800e+04	1.69300e-01
7.29000e+04	1.62600e-01
7.62700e+04	1.56100e-01
7.97900e+04	1.49800e-01
8.34800e+04	1.43800e-01
8.73300e+04	1.38100e-01
9.13700e+04	1.32600e-01
9.55900e+04	1.27300e-01
1.00000e+05	1.22200e-01
1.04600e+05	1.17300e-01
1.09400e+05	1.12600e-01
1.14500e+05	1.08000e-01
1.19800e+05	1.03700e-01
1.25300e+05	9.95500e-02
1.31100e+05	9.55500e-02
1.37200e+05	9.17100e-02
1.43500e+05	8.80200e-02
1.50100e+05	8.44800e-02
1.57100e+05	8.10800e-02
1.64300e+05	7.78200e-02
1.71900e+05	7.46900e-02
1.79800e+05	7.16800e-02
1.88200e+05	6.87900e-02
1.96800e+05	6.60100e-02
2.05900e+05	6.33500e-02
2.15400e+05	6.07900e-02
2.25400e+05	5.83400e-02
2.35800e+05	5.59800e-02
2.46700e+05	5.37200e-02
2.58100e+05	5.15500e-02
2.70000e+05	4.94700e-02
2.82500e+05	4.74700e-02
2.95500e+05	4.55500e-02
3.09200e+05	4.37000e-02
3.23400e+05	4.19300e-02
3.38400e+05	4.02400e-02
3.54000e+05	3.86100e-02
3.70400e+05	3.70400e-02
3.87500e+05	3.55400e-02
4.05400e+05	3.41000e-02
4.24100e+05	3.27100e-02
4.43700e+05	3.13900e-02
4.64200e+05	3.01100e-02
4.85600e+05	2.88900e-02
5.08000e+05	2.77200e-02
5.31500e+05	2.65900e-02
5.56000e+05	2.55100e-02
5.81700e+05	2.44700e-02
6.08600e+05	2.34800e-02
6.36700e+05	2.25200e-02
6.66100e+05	2.16000e-02
6.96800e+05	2.07200e-02
7.29000e+05	1.98800e-02
7.62700e+05	1.90700e-02
7.97900e+05	1.82900e-02
8.34800e+05	1.75500e-02
8.73300e+05	1.68300e-02
9.13700e+05	1.61400e-02
9.55900e+05	1.54900e-02
1.00000e+06	1.48500e-02
