# NH4+ cross section
256
1.00000e+01	0.00000e+00
1.04600e+01	0.00000e+00
1.09400e+01	0.00000e+00
1.14500e+01	0.00000e+00
1.19800e+01	0.00000e+00
1.25300e+01	0.00000e+00
1.31100e+01	0.00000e+00
1.37200e+01	0.00000e+00
1.43500e+01	0.00000e+00
1.50100e+01	0.00000e+00
1.57100e+01	0.00000e+00
1.64300e+01	0.00000e+00
1.71900e+01	0.00000e+00
1.79800e+01	0.00000e+00
1.88200e+01	0.00000e+00
1.96800e+01	0.00000e+00
2.05900e+01	0.00000e+00
2.15400e+01	0.00000e+00
2.25400e+01	0.00000e+00
2.35800e+01	0.00000e+00
2.46700e+01	0.00000e+00
2.58100e+01	0.00000e+00
2.70000e+01	2.04800e-02
2.82500e+01	1.57000e-01
2.95500e+01	3.03900e-01
3.09200e+01	4.58400e-01
3.23400e+01	6.18200e-01
3.38400e+01	7.81300e-01
3.54000e+01	9.45800e-01
3.70400e+01	1.11000e+00
3.87500e+01	1.27300e+00
4.05400e+01	1.44600e+00
4.24100e+01	1.62700e+00
4.43700e+01	1.80400e+00
4.64200e+01	1.97700e+00
4.85600e+01	2.14600e+00
5.08000e+01	2.30800e+00
5.31500e+01	2.46500e+00
5.56000e+01	2.61400e+00
5.81700e+01	2.75600e+00
6.08600e+01	2.89000e+00
6.36700e+01	3.01700e+00
6.66100e+01	3.13500e+00
6.96800e+01	3.24500e+00
7.29000e+01	3.34600e+00
7.62700e+01	3.43900e+00
7.97900e+01	3.52300e+00
8.34800e+01	3.60000e+00
8.73300e+01	3.66800e+00
9.13700e+01	3.72800e+00
9.55900e+01	3.78000e+00
1.00000e+02	3.82400e+00
1.04600e+02	3.86100e+00
1.09400e+02	3.89000e+00
1.14500e+02	3.91300e+00
1.19800e+02	3.92800e+00
1.25300e+02	3.93700e+00
1.31100e+02	3.94000e+00
1.37200e+02	3.93700e+00
1.43500e+02	3.92800e+00
1.50100e+02	3.91300e+00
1.57100e+02	3.89400e+00
1.64300e+02	3.86900e+00
1.71900e+02	3.84000e+00
1.79800e+02	3.80700e+00
1.88200e+02	3.77000e+00
1.96800e+02	3.73000e+00
2.05900e+02	3.68500e+00
2.15400e+02	3.63800e+00
2.25400e+02	3.58800e+00
2.35800e+02	3.53600e+00
2.46700e+02	3.48100e+00
2.58100e+02	3.42400e+00
2.70000e+02	3.36500e+00
2.82500e+02	3.30400e+00
2.95500e+02	3.24300e+00
3.09200e+02	3.18000e+00
3.23400e+02	3.11600e+00
3.38400e+02	3.05100e+00
3.54000e+02	2.98500e+00
3.70400e+02	2.91900e+00
3.87500e+02	2.85300e+00
4.05400e+02	2.78700e+00
4.24100e+02	2.72000e+00
4.43700e+02	2.65400e+00
4.64200e+02	2.58800e+00
4.85600e+02	2.52300e+00
5.08000e+02	2.45800e+00
5.31500e+02	2.39300e+00
5.56000e+02	2.33000e+00
5.81700e+02	2.26600e+00
6.08600e+02	2.20400e+00
6.36700e+02	2.14200e+00
6.66100e+02	2.08200e+00
6.96800e+02	2.02200e+00
7.29000e+02	1.96300e+00
7.62700e+02	1.90600e+00
7.97900e+02	1.84900e+00
8.34800e+02	1.79400e+00
8.73300e+02	1.73900e+00
9.13700e+02	1.68600e+00
9.55900e+02	1.63400e+00
1.00000e+03	1.58300e+00
1.04600e+03	1.53300e+00
1.09400e+03	1.48400e+00
1.14500e+03	1.43700e+00
1.19800e+03	1.39000e+00
1.25300e+03	1.34500e+00
1.31100e+03	1.30100e+00
1.37200e+03	1.25800e+00
1.43500e+03	1.21700e+00
1.50100e+03	1.17600e+00
1.57100e+03	1.13700e+00
1.64300e+03	1.09800e+00
1.71900e+03	1.06100e+00
1.79800e+03	1.02500e+00
1.88200e+03	9.89900e-01
1.96800e+03	9.55800e-01
2.05900e+03	9.22700e-01
2.15400e+03	8.90700e-01
2.25400e+03	8.59600e-01
2.35800e+03	8.29500e-01
2.46700e+03	8.00300e-01
2.58100e+03	7.72000e-01
2.70000e+03	7.44600e-01
2.82500e+03	7.18200e-01
2.95500e+03	6.92500e-01
3.09200e+03	6.67700e-01
3.23400e+03	6.43700e-01
3.38400e+03	6.20500e-01
3.54000e+03	5.98000e-01
3.70400e+03	5.76300e-01
3.87500e+03	5.55400e-01
4.05400e+03	5.35100e-01
4.24100e+03	5.15500e-01
4.43700e+03	4.96600e-01
4.64200e+03	4.78400e-01
4.85600e+03	4.60700e-01
5.08000e+03	4.43700e-01
5.31500e+03	4.27300e-01
5.56000e+03	4.11400e-01
5.81700e+03	3.96100e-01
6.08600e+03	3.81400e-01
6.36700e+03	3.67100e-01
6.66100e+03	3.53400e-01
6.96800e+03	3.40100e-01
7.29000e+03	3.27400e-01
7.62700e+03	3.15000e-01
7.97900e+03	3.03200e-01
8.34800e+03	2.91700e-01
8.73300e+03	2.80700e-01
9.13700e+03	2.70100e-01
9.55900e+03	2.59800e-01
1.00000e+04	2.49900e-01
1.04600e+04	2.40400e-01
1.09400e+04	2.31300e-01
1.14500e+04	2.22400e-01
1.19800e+04	2.13900e-01
1.25300e+04	2.05700e-01
1.31100e+04	1.97900e-01
1.37200e+04	1.90300e-01
1.43500e+04	1.83000e-01
1.50100e+04	1.75900e-01
1.57100e+04	1.69100e-01
1.64300e+04	1.62600e-01
1.71900e+04	1.56300e-01
1.79800e+04	1.50300e-01
1.88200e+04	1.44500e-01
1.96800e+04	1.38900e-01
2.05900e+04	1.33500e-01
2.15400e+04	1.28300e-01
2.25400e+04	1.23300e-01
2.35800e+04	1.18500e-01
2.46700e+04	1.13900e-01
2.58100e+04	1.09500e-01
2.70000e+04	1.05200e-01
2.82500e+04	1.01100e-01
2.95500e+04	9.71700e-02
3.09200e+04	9.33700e-02
3.23400e+04	8.97200e-02
3.38400e+04	8.62000e-02
3.54000e+04	8.28200e-02
3.70400e+04	7.95800e-02
3.87500e+04	7.64500e-02
4.05400e+04	7.34500e-02
4.24100e+04	7.05600e-02
4.43700e+04	6.77800e-02
4.64200e+04	6.51200e-02
4.85600e+04	6.25500e-02
5.08000e+04	6.00800e-02
5.31500e+04	5.77100e-02
5.56000e+04	5.54400e-02
5.81700e+04	5.32500e-02
6.08600e+04	5.11400e-02
6.36700e+04	4.91200e-02
6.66100e+04	4.71700e-02
6.96800e+04	4.53000e-02
7.29000e+04	4.35100e-02
7.62700e+04	4.17800e-02
7.97900e+04	4.01300e-02
8.34800e+04	3.85300e-02
8.73300e+04	3.70000e-02
9.13700e+04	3.55300e-02
9.55900e+04	3.41200e-02
1.00000e+05	3.27600e-02
1.04600e+05	3.14600e-02
1.09400e+05	3.02000e-02
1.14500e+05	2.90000e-02
1.19800e+05	2.78400e-02
1.25300e+05	2.67300e-02
1.31100e+05	2.56600e-02
1.37200e+05	2.46400e-02
1.43500e+05	2.36500e-02
1.50100e+05	2.27100e-02
1.57100e+05	2.18000e-02
1.64300e+05	2.09300e-02
1.71900e+05	2.00900e-02
1.79800e+05	1.92900e-02
1.88200e+05	1.85100e-02
1.96800e+05	1.77700e-02
2.05900e+05	1.70600e-02
2.15400e+05	1.63700e-02
2.25400e+05	1.57200e-02
2.35800e+05	1.50800e-02
2.46700e+05	1.44800e-02
2.58100e+05	1.39000e-02
2.70000e+05	1.33400e-02
2.82500e+05	1.28000e-02
2.95500e+05	1.22900e-02
3.09200e+05	1.17900e-02
3.23400e+05	1.13200e-02
3.38400e+05	1.08600e-02
3.54000e+05	1.04200e-02
3.70400e+05	1.00000e-02
3.87500e+05	9.59800e-03
4.05400e+05	9.21100e-03
4.24100e+05	8.83900e-03
4.43700e+05	8.48200e-03
4.64200e+05	8.13900e-03
4.85600e+05	7.81000e-03
5.08000e+05	7.49400e-03
5.31500e+05	7.19100e-03
5.56000e+05	6.90000e-03
5.81700e+05	6.62000e-03
6.08600e+05	6.35200e-03
6.36700e+05	6.09500e-03
6.66100e+05	5.84800e-03
6.96800e+05	5.61100e-03
7.29000e+05	5.38300e-03
7.62700e+05	5.16500e-03
7.97900e+05	4.95500e-03
8.34800e+05	4.75400e-03
8.73300e+05	4.56100e-03
9.13700e+05	4.37600e-03
9.55900e+05	4.19800e-03
1.00000e+06	4.02700e-03
