# NO cross section
256
1.00000e+01	8.03200e-02
1.04600e+01	1.62200e-01
1.09400e+01	2.49800e-01
1.14500e+01	3.42000e-01
1.19800e+01	4.37800e-01
1.25300e+01	5.36300e-01
1.31100e+01	6.36600e-01
1.37200e+01	7.38200e-01
1.43500e+01	8.40200e-01
1.50100e+01	9.42300e-01
1.57100e+01	1.04400e+00
1.64300e+01	1.14500e+00
1.71900e+01	1.26300e+00
1.79800e+01	1.44100e+00
1.88200e+01	1.68500e+00
1.96800e+01	2.00400e+00
2.05900e+01	2.33500e+00
2.15400e+01	2.67400e+00
2.25400e+01	3.03000e+00
2.35800e+01	3.41000e+00
2.46700e+01	3.80200e+00
2.58100e+01	4.19600e+00
2.70000e+01	4.58600e+00
2.82500e+01	4.97300e+00
2.95500e+01	5.35300e+00
3.09200e+01	5.72500e+00
3.23400e+01	6.08700e+00
3.38400e+01	6.43800e+00
3.54000e+01	6.77700e+00
3.70400e+01	7.10300e+00
3.87500e+01	7.41600e+00
4.05400e+01	7.71300e+00
4.24100e+01	7.99800e+00
4.43700e+01	8.27300e+00
4.64200e+01	8.53600e+00
4.85600e+01	8.78800e+00
5.08000e+01	9.02400e+00
5.31500e+01	9.24400e+00
5.56000e+01	9.44800e+00
5.81700e+01	9.63500e+00
6.08600e+01	9.80600e+00
6.36700e+01	9.96000e+00
6.66100e+01	1.01000e+01
6.96800e+01	1.02200e+01
7.29000e+01	1.03200e+01
7.62700e+01	1.04100e+01
7.97900e+01	1.04800e+01
8.34800e+01	1.05400e+01
8.73300e+01	1.05800e+01
9.13700e+01	1.06100e+01
9.55900e+01	1.06200e+01
1.00000e+02	1.06200e+01
1.04600e+02	1.06100e+01
1.09400e+02	1.05800e+01
1.14500e+02	1.05400e+01
1.19800e+02	1.04900e+01
1.25300e+02	1.04200e+01
1.31100e+02	1.03500e+01
1.37200e+02	1.02600e+01
1.43500e+02	1.01700e+01
1.50100e+02	1.00700e+01
1.57100e+02	9.95500e+00
1.64300e+02	9.83600e+00
1.71900e+02	9.70900e+00
1.79800e+02	9.57600e+00
1.88200e+02	9.43700e+00
1.96800e+02	9.29200e+00
2.05900e+02	9.14200e+00
2.15400e+02	8.98700e+00
2.25400e+02	8.82800e+00
2.35800e+02	8.66600e+00
2.46700e+02	8.50100e+00
2.58100e+02	8.33400e+00
2.70000e+02	8.16400e+00
2.82500e+02	7.99200e+00
2.95500e+02	7.82000e+00
3.09200e+02	7.64600e+00
3.23400e+02	7.47200e+00
3.38400e+02	7.29800e+00
3.54000e+02	7.12300e+00
3.70400e+02	6.95000e+00
3.87500e+02	6.77700e+00
4.05400e+02	6.60500e+00
4.24100e+02	6.43400e+00
4.43700e+02	6.26500e+00
4.64200e+02	6.09700e+00
4.85600e+02	5.93200e+00
5.08000e+02	5.76800e+00
5.31500e+02	5.60700e+00
5.56000e+02	5.44800e+00
5.81700e+02	5.29200e+00
6.08600e+02	5.13800e+00
6.36700e+02	4.98700e+00
6.66100e+02	4.83800e+00
6.96800e+02	4.69300e+00
7.29000e+02	4.55000e+00
7.62700e+02	4.41100e+00
7.97900e+02	4.27400e+00
8.34800e+02	4.14100e+00
8.73300e+02	4.01000e+00
9.13700e+02	3.88200e+00
9.55900e+02	3.75800e+00
1.00000e+03	3.63700e+00
1.04600e+03	3.51800e+00
1.09400e+03	3.40300e+00
1.14500e+03	3.29100e+00
1.19800e+03	3.18100e+00
1.25300e+03	3.07500e+00
1.31100e+03	2.97200e+00
1.37200e+03	2.87100e+00
1.43500e+03	2.77400e+00
1.50100e+03	2.67900e+00
1.57100e+03	2.58700e+00
1.64300e+03	2.49700e+00
1.71900e+03	2.41100e+00
1.79800e+03	2.32700e+00
1.88200e+03	2.24500e+00
1.96800e+03	2.16600e+00
2.05900e+03	2.09000e+00
2.15400e+03	2.01600e+00
2.25400e+03	1.94400e+00
2.35800e+03	1.87500e+00
2.46700e+03	1.80700e+00
2.58100e+03	1.74200e+00
2.70000e+03	1.68000e+00
2.82500e+03	1.61900e+00
2.95500e+03	1.56000e+00
3.09200e+03	1.50300e+00
3.23400e+03	1.44800e+00
3.38400e+03	1.39500e+00
3.54000e+03	1.34400e+00
3.70400e+03	1.29400e+00
3.87500e+03	1.24700e+00
4.05400e+03	1.20100e+00
4.24100e+03	1.15600e+00
4.43700e+03	1.11300e+00
4.64200e+03	1.07200e+00
4.85600e+03	1.03200e+00
5.08000e+03	9.92900e-01
5.31500e+03	9.55700e-01
5.56000e+03	9.19800e-01
5.81700e+03	8.85100e-01
6.08600e+03	8.51800e-01
6.36700e+03	8.19600e-01
6.66100e+03	7.88600e-01
6.96800e+03	7.58700e-01
7.29000e+03	7.29900e-01
7.62700e+03	7.02100e-01
7.97900e+03	6.75300e-01
8.34800e+03	6.49600e-01
8.73300e+03	6.24800e-01
9.13700e+03	6.00800e-01
9.55900e+03	5.77800e-01
1.00000e+04	5.55600e-01
1.04600e+04	5.34300e-01
1.09400e+04	5.13700e-01
1.14500e+04	4.93900e-01
1.19800e+04	4.74900e-01
1.25300e+04	4.56600e-01
1.31100e+04	4.38900e-01
1.37200e+04	4.21900e-01
1.43500e+04	4.05600e-01
1.50100e+04	3.89800e-01
1.57100e+04	3.74700e-01
1.64300e+04	3.60100e-01
1.71900e+04	3.46100e-01
1.79800e+04	3.32600e-01
1.88200e+04	3.19700e-01
1.96800e+04	3.07200e-01
2.05900e+04	2.95200e-01
2.15400e+04	2.83600e-01
2.25400e+04	2.72500e-01
2.35800e+04	2.61900e-01
2.46700e+04	2.51600e-01
2.58100e+04	2.41700e-01
2.70000e+04	2.32200e-01
2.82500e+04	2.23100e-01
2.95500e+04	2.14300e-01
3.09200e+04	2.05900e-01
3.23400e+04	1.97800e-01
3.38400e+04	1.90000e-01
3.54000e+04	1.82500e-01
3.70400e+04	1.75300e-01
3.87500e+04	1.68400e-01
4.05400e+04	1.61700e-01
4.24100e+04	1.55300e-01
4.43700e+04	1.49200e-01
4.64200e+04	1.43300e-01
4.85600e+04	1.37600e-01
5.08000e+04	1.32100e-01
5.31500e+04	1.26900e-01
5.56000e+04	1.21800e-01
5.81700e+04	1.17000e-01
6.08600e+04	1.12400e-01
6.36700e+04	1.07900e-01
6.66100e+04	1.03600e-01
6.96800e+04	9.94600e-02
7.29000e+04	9.55000e-02
7.62700e+04	9.16900e-02
7.97900e+04	8.80300e-02
8.34800e+04	8.45200e-02
8.73300e+04	8.11400e-02
9.13700e+04	7.79000e-02
9.55900e+04	7.47900e-02
1.00000e+05	7.18000e-02
1.04600e+05	6.89200e-02
1.09400e+05	6.61600e-02
1.14500e+05	6.35100e-02
1.19800e+05	6.09700e-02
1.25300e+05	5.85200e-02
1.31100e+05	5.61800e-02
1.37200e+05	5.39200e-02
1.43500e+05	5.17600e-02
1.50100e+05	4.96800e-02
1.57100e+05	4.76800e-02
1.64300e+05	4.57700e-02
1.71900e+05	4.39200e-02
1.79800e+05	4.21600e-02
1.88200e+05	4.04600e-02
1.96800e+05	3.88300e-02
2.05900e+05	3.72700e-02
2.15400e+05	3.57600e-02
2.25400e+05	3.43200e-02
2.35800e+05	3.29400e-02
2.46700e+05	3.16100e-02
2.58100e+05	3.03300e-02
2.70000e+05	2.91100e-02
2.82500e+05	2.79300e-02
2.95500e+05	2.68000e-02
3.09200e+05	2.57200e-02
3.23400e+05	2.46800e-02
3.38400e+05	2.36800e-02
3.54000e+05	2.27200e-02
3.70400e+05	2.18000e-02
3.87500e+05	2.09200e-02
4.05400e+05	2.00700e-02
4.24100e+05	1.92600e-02
4.43700e+05	1.84800e-02
4.64200e+05	1.77300e-02
4.85600e+05	1.70100e-02
5.08000e+05	1.63200e-02
5.31500e+05	1.56600e-02
5.56000e+05	1.50200e-02
5.81700e+05	1.44100e-02
6.08600e+05	1.38200e-02
6.36700e+05	1.32600e-02
6.66100e+05	1.27200e-02
6.96800e+05	1.22100e-02
7.29000e+05	1.17100e-02
7.62700e+05	1.12300e-02
7.97900e+05	1.07700e-02
8.34800e+05	1.03400e-02
8.73300e+05	9.91500e-03
9.13700e+05	9.51000e-03
9.55900e+05	9.12300e-03
1.00000e+06	8.75100e-03
