#Orbital	B	U	N	Q
1	423.728332	602.117799	2	1
2	307.093229	435.871985	2	1
3	306.871674	435.661178	2	1
4	306.826040	435.921809	2	1
5	306.168450	435.849971	2	1
6	32.996255	58.303579	2	1
7	30.511365	41.774784	2	1
8	27.128827	39.062516	2	1
9	22.740147	39.399529	2	1
10	18.116000	32.839572	2	1
11	16.092000	32.214172	2	1
12	15.408000	25.449612	2	1
13	14.413000	39.863075	2	1
14	13.546000	40.455494	2	1
15	13.291000	39.817959	2	1
16	13.409000	32.102198	2	1
17	12.378000	37.611986	2	1
18	10.484000	33.274056	2	1
