#Orbital	B	U	N	Q
1	305.552166	435.859223	2	1
2	305.342176	435.896802	2	1
3	305.188513	435.913809	2	1
4	305.121192	435.888366	2	1
5	305.032429	435.891577	2	1
6	29.768685	36.302057	2	1
7	27.778145	38.416817	2	1
8	25.157716	37.554706	2	1
9	22.536769	33.595667	2	1
10	18.019000	33.589218	2	1
11	15.797000	27.188039	2	1
12	16.000000	23.174196	2	1
13	15.022000	31.034341	2	1
14	13.814000	26.758126	2	1
15	13.733000	30.452643	2	1
16	13.110000	32.308024	2	1
17	12.081000	33.826556	2	1
18	12.057000	28.433667	2	1
19	11.577000	35.072865	2	1
20	9.757000	27.198488	2	1
