#Orbital	B	U	N	Q
1	305.910323	436.172970	2	1
2	305.644168	436.196644	2	1
3	305.566697	436.211420	2	1
4	305.510533	436.114602	2	1
5	305.494206	436.305598	2	1
6	305.363156	436.185596	2	1
7	29.685962	36.140231	2	1
8	28.314128	37.751499	2	1
9	26.235014	37.853188	2	1
10	23.592190	37.125256	2	1
11	21.528914	32.421224	2	1
12	18.172000	32.086605	2	1
13	16.014000	23.867488	2	1
14	15.231000	25.561152	2	1
15	14.538000	29.380868	2	1
16	14.369000	28.104246	2	1
17	13.647000	29.638560	2	1
18	13.139000	30.028880	2	1
19	12.535000	29.400406	2	1
20	12.099000	29.320786	2	1
21	11.666000	32.638724	2	1
22	11.529000	27.850718	2	1
23	11.185000	35.564928	2	1
24	9.413000	28.027728	2	1
