#Orbital	B	U	N	Q
1	306.095632	435.668008	2	1
2	306.045209	436.062791	2	1
3	305.777803	435.685968	2	1
4	305.689176	435.900067	2	1
5	305.454668	435.989810	2	1
6	305.338639	435.883495	2	1
7	30.263687	39.499722	2	1
8	28.463056	41.123207	2	1
9	26.773038	44.205659	2	1
10	23.928088	38.211426	2	1
11	21.518791	35.741285	2	1
12	17.671000	32.160512	2	1
13	16.497000	33.525680	2	1
14	15.611000	29.417958	2	1
15	15.230000	28.300631	2	1
16	13.890000	29.990921	2	1
17	13.357000	32.915628	2	1
18	12.559000	33.258110	2	1
19	12.455000	29.822373	2	1
20	11.852000	27.440288	2	1
21	10.490000	29.993859	2	1
22	9.151000	30.331008	2	1
