#Orbital	B	U	N	Q
1	306.841932	435.599653	2	1
2	306.669547	435.930598	2	1
3	306.643833	435.777997	2	1
4	306.593764	435.666212	2	1
5	306.498578	435.863849	2	1
6	306.390195	436.103771	2	1
7	306.247499	435.869400	2	1
8	30.194571	46.632860	2	1
9	29.363861	45.036341	2	1
10	28.098886	45.255937	2	1
11	26.567429	45.746476	2	1
12	23.696764	46.215301	2	1
13	21.477349	45.619780	2	1
14	17.334000	36.535368	2	1
15	15.881000	38.635815	2	1
16	15.339000	25.989459	2	1
17	15.339000	25.989459	2	1
18	12.871000	27.736076	2	1
19	12.871000	27.736076	2	1
20	11.380000	29.209110	2	1
21	11.380000	29.209110	2	1
22	9.250000	31.978767	2	1
23	9.250000	31.978794	2	1
