#Orbital	B	U	N	Q
1	2502.659683	3297.350831	1	1
2	306.406495	435.930054	1	1
3	244.135795	509.181582	1	1
4	181.428408	478.804124	1	1
5	180.929432	478.364660	1	1
6	180.885568	479.428054	1	1
7	28.673481	46.808537	1	1
8	23.403180	51.727485	1	1
9	15.399000	28.012136	1	1
10	15.293000	27.056526	1	1
11	13.087000	45.216480	1	1
12	10.689000	48.919542	1	1
13	9.538000	47.558891	1	1
1	2502.412658	3297.543542	1	1
2	306.433679	435.905917	1	1
3	243.866049	509.177283	1	1
4	180.795988	478.347952	1	1
5	180.745048	479.410094	1	1
6	180.321421	477.572319	1	1
7	27.775614	40.989355	1	1
8	21.615011	55.296857	1	1
9	15.251000	26.962946	1	1
10	15.020000	26.395752	1	1
11	12.658000	45.937909	1	1
12	9.018000	46.642874	1	1
