#Orbital	B	U	N	Q
1	2176.828857	2890.202015	1	1
2	309.147906	436.433247	1	1
3	205.082259	431.826060	1	1
4	147.837638	402.205650	1	1
5	147.732303	402.313407	1	1
6	147.732303	402.313407	1	1
7	26.242661	48.157949	1	1
8	18.024000	47.926571	1	1
9	12.313000	43.661921	1	1
10	11.139000	31.554323	1	1
11	11.139000	31.554323	1	1
1	2176.675521	2890.342018	1	1
2	308.782131	436.660571	1	1
3	204.919916	431.826359	1	1
4	147.478230	402.000394	1	1
5	147.478230	402.000394	1	1
6	147.397059	401.648143	1	1
7	24.820050	45.910833	1	1
8	14.570000	50.616335	1	1
9	10.859000	29.774182	1	1
10	10.859000	29.774182	1	1
