#Orbital	B	U	N	Q
1	425.939475	601.715588	1	1
2	308.942787	435.420711	1	1
3	308.339129	435.398643	1	1
4	306.863510	436.226930	1	1
5	36.741603	57.828359	1	1
6	30.220258	50.805209	1	1
7	26.128645	50.753072	1	1
8	21.623174	37.208033	1	1
9	15.793000	39.548920	1	1
10	15.623000	34.080520	1	1
11	12.249000	34.348470	1	1
12	11.036000	39.954723	1	1
13	11.268000	32.959873	1	1
14	9.154000	43.451223	1	1
1	425.979367	601.414249	1	1
2	308.073737	436.372321	1	1
3	307.875502	436.195365	1	1
4	306.774284	436.495207	1	1
5	36.291771	58.850636	1	1
6	28.137635	51.556760	1	1
7	24.893711	52.041477	1	1
8	18.636000	33.895510	1	1
9	15.436000	37.917733	1	1
10	14.141000	39.517300	1	1
11	10.549000	38.895901	1	1
12	10.702000	32.552546	1	1
