#Orbital	B	U	N	Q
1	425.585455	602.217992	2	1
2	425.585428	602.206481	2	1
3	308.883139	435.390888	2	1
4	308.851955	435.625667	2	1
5	308.752824	436.032505	2	1
6	308.746511	436.216481	2	1
7	308.596848	435.758840	2	1
8	308.596821	435.758105	2	1
9	34.308279	58.750988	2	1
10	34.295626	58.927318	2	1
11	31.755905	48.633196	2	1
12	30.114705	50.022555	2	1
13	27.015274	47.578565	2	1
14	24.969086	48.943107	2	1
15	22.979444	48.384103	2	1
16	14.071000	55.572127	2	1
17	14.066000	55.506929	2	1
18	15.094000	29.405549	2	1
19	15.094000	29.405549	2	1
20	14.520000	32.962050	2	1
21	14.520000	32.962050	2	1
22	13.223000	35.434640	2	1
23	13.223000	35.434640	2	1
24	11.276000	35.774211	2	1
25	11.276000	35.774211	2	1
