#Orbital	B	U	N	Q
1	563.962511	793.924902	1	1
2	563.962157	793.924276	1	1
3	563.960225	793.987923	1	1
4	434.958689	602.491657	1	1
5	47.699628	69.421634	1	1
6	41.000212	79.217924	1	1
7	40.999613	79.217788	1	1
8	26.518530	84.426183	1	1
9	23.363914	69.392600	1	1
10	23.363859	69.391947	1	1
11	22.886000	51.189325	1	1
12	14.960000	71.481155	1	1
13	14.960000	71.482380	1	1
14	13.078000	78.236355	1	1
15	15.919000	67.195362	1	1
16	15.919000	67.195090	1	1
1	563.384840	795.073603	1	1
2	563.384486	795.068270	1	1
3	563.384187	795.115563	1	1
4	435.038582	602.372199	1	1
5	47.063018	67.717684	1	1
6	39.505218	76.092506	1	1
7	39.504756	76.092614	1	1
8	25.369366	82.618204	1	1
9	22.849972	50.052325	1	1
10	21.960704	70.321487	1	1
11	21.960432	70.320970	1	1
12	13.624000	65.516310	1	1
13	13.624000	65.516229	1	1
14	13.708000	57.963219	1	1
15	13.708000	57.963491	1	1
